58523,-95.776895,36.053792
58524,-95.776895,36.053792
58525,-95.776895,36.053792
58526,-95.776895,36.053792
58527,-95.776895,36.053792
58528,-95.776895,36.053792
58652,-95.776895,36.053792
58651,-95.776895,36.053824
58650,-95.776895,36.053856
58649,-95.776895,36.053920
58648,-95.776895,36.053953
58647,-95.776895,36.053985
58646,-95.776895,36.054597
58645,-95.776895,36.054629
58644,-95.776895,36.054661
58529,-95.776725,36.053792
58530,-95.776725,36.053792
58531,-95.776725,36.053792
58532,-95.776725,36.053792
58533,-95.776725,36.053792
58534,-95.776725,36.053792
58535,-95.776725,36.053792
58536,-95.776725,36.053792
58653,-95.776725,36.053792
58654,-95.776725,36.053824
58655,-95.776725,36.053856
58656,-95.776725,36.053888
58657,-95.776725,36.053904
58658,-95.776725,36.053953
58659,-95.776725,36.053985
58660,-95.776725,36.054597
58661,-95.776725,36.054629
58662,-95.776725,36.054661
58663,-95.776725,36.054693
58595,-95.775471,36.053779
58594,-95.775342,36.053779
58664,-95.776725,36.055466
58546,-95.775821,36.056921
58547,-95.775822,36.056922
58548,-95.775823,36.056924
58549,-95.775824,36.056926
58553,-95.775829,36.056933
58554,-95.775830,36.056935
58552,-95.775828,36.056931
58550,-95.775825,36.056928
58551,-95.775826,36.056930
58542,-95.775675,36.056991
58543,-95.775673,36.056989
58545,-95.775671,36.056985
58544,-95.775672,36.056987
58540,-95.775677,36.056994
58538,-95.775679,36.056998
58539,-95.775678,36.056996
58541,-95.775676,36.056993
58537,-95.775680,36.057000
58593,-95.774530,36.053779
58555,-95.774438,36.053641
58592,-95.774420,36.053779
58686,-95.772733,36.056117
58685,-95.772733,36.056149
58684,-95.772733,36.056180
58683,-95.772733,36.056227
58670,-95.775781,36.057122
58678,-95.774994,36.057797
58679,-95.774904,36.057763
58680,-95.774815,36.057729
58736,-95.774787,36.057870
58681,-95.774707,36.057699
58682,-95.774611,36.057679
58735,-95.774711,36.057842
58734,-95.774615,36.057821
58733,-95.774520,36.057800
58732,-95.774443,36.057799
58701,-95.772673,36.057811
58556,-95.772559,36.053640
58687,-95.772570,36.053922
58688,-95.772569,36.053966
58689,-95.772568,36.054009
58591,-95.772442,36.053777
58557,-95.772216,36.053638
58590,-95.772366,36.053777
58589,-95.772328,36.053776
58558,-95.771949,36.053637
58588,-95.772137,36.053775
58587,-95.771833,36.053774
58690,-95.772567,36.054097
58691,-95.772565,36.054185
58692,-95.772564,36.054272
58693,-95.772562,36.054360
58694,-95.772560,36.054447
58586,-95.770675,36.054089
58585,-95.770675,36.054221
58584,-95.770675,36.054309
58583,-95.772548,36.055951
58695,-95.772563,36.056117
58696,-95.772563,36.056149
58697,-95.772563,36.056180
58698,-95.772563,36.056212
58582,-95.772472,36.056089
58581,-95.772396,36.056089
58699,-95.772557,36.056983
58700,-95.772557,36.057015
58580,-95.770673,36.056126
58564,-95.770043,36.053769
58563,-95.769509,36.053769
58562,-95.769332,36.053769
58561,-95.769154,36.053769
58560,-95.768798,36.053769
58565,-95.770149,36.055951
58566,-95.769641,36.055951
58579,-95.770503,36.056163
58567,-95.768795,36.055951
58568,-95.768626,36.055951
58578,-95.768795,36.056089
58577,-95.768626,36.056089
58702,-95.772672,36.057837
58703,-95.772672,36.057863
58704,-95.772672,36.057889
58559,-95.767642,36.053769
58569,-95.768541,36.055951
58570,-95.767864,36.055951
58576,-95.768372,36.056089
58575,-95.768202,36.056089
58574,-95.768033,36.056089
58573,-95.767864,36.056089
58572,-95.767695,36.056089
58571,-95.767441,36.055951
58613,-95.778421,36.053779
58521,-95.777798,36.053641
58632,-95.777985,36.053792
58631,-95.777985,36.053846
58630,-95.777985,36.053900
58629,-95.777985,36.053954
58628,-95.777985,36.054008
58633,-95.777815,36.053792
58634,-95.777815,36.053846
58635,-95.777815,36.053900
58636,-95.777815,36.053954
58637,-95.777815,36.054008
58627,-95.777985,36.054062
58638,-95.777815,36.054062
58639,-95.777815,36.054116
58522,-95.777660,36.053641
58626,-95.778324,36.055131
58624,-95.778310,36.055269
58619,-95.778647,36.055944
58620,-95.778370,36.055941
58625,-95.778289,36.055131
58623,-95.778296,36.055269
58622,-95.778255,36.055269
58640,-95.777811,36.055279
58621,-95.778072,36.055905
58773,-95.777855,36.055965
58790,-95.778645,36.056082
58789,-95.778213,36.056102
58788,-95.778213,36.056121
58787,-95.778213,36.056160
58786,-95.778213,36.056179
58785,-95.778212,36.056218
58784,-95.778212,36.056237
58774,-95.778043,36.056119
58775,-95.778043,36.056158
58776,-95.778042,36.056196
58752,-95.778018,36.057041
58753,-95.777976,36.057041
58754,-95.777935,36.057041
58755,-95.777894,36.057041
58756,-95.777853,36.057041
58641,-95.777710,36.055604
58772,-95.777633,36.055891
58642,-95.777528,36.055785
58643,-95.777324,36.055937
58757,-95.777786,36.057056
58771,-95.777033,36.056362
58780,-95.778209,36.057210
58783,-95.778208,36.057193
58782,-95.778208,36.057197
58781,-95.778208,36.057206
58779,-95.778209,36.057219
58778,-95.778209,36.057223
58777,-95.778038,36.057203
58751,-95.777997,36.057179
58750,-95.777915,36.057179
58749,-95.777874,36.057179
58748,-95.777863,36.057178
58840,-95.777812,36.058354
58839,-95.777834,36.058377
58838,-95.777856,36.058400
58747,-95.777305,36.057635
58746,-95.777294,36.057649
58758,-95.777175,36.057545
58759,-95.777152,36.057573
58760,-95.777095,36.057643
58745,-95.776978,36.057931
58841,-95.777752,36.058318
58843,-95.777687,36.058294
58842,-95.777720,36.058306
58844,-95.777655,36.058281
58845,-95.777610,36.058267
58846,-95.777576,36.058259
58847,-95.777516,36.058251
58848,-95.777480,36.058251
58849,-95.777444,36.058251
58850,-95.777408,36.058251
58851,-95.777391,36.058251
58770,-95.776711,36.056828
58665,-95.776561,36.056764
58666,-95.776550,36.056787
58667,-95.776538,36.056811
58769,-95.776706,36.056839
58768,-95.776694,36.056863
58767,-95.776682,36.056886
58766,-95.776671,36.056909
58765,-95.776659,36.056932
58764,-95.776648,36.056955
58668,-95.776526,36.056834
58669,-95.776515,36.056857
58763,-95.776138,36.057479
58762,-95.776129,36.057486
58671,-95.776038,36.057368
58761,-95.776121,36.057493
58672,-95.775825,36.057535
58744,-95.776432,36.058330
58743,-95.776394,36.058323
58742,-95.776350,36.058314
58673,-95.775613,36.057703
58741,-95.775584,36.057916
58674,-95.775465,36.057817
58675,-95.775239,36.057965
58676,-95.775163,36.057912
58677,-95.775088,36.057859
58739,-95.775091,36.058042
58738,-95.775016,36.057989
58737,-95.774940,36.057937
58740,-95.775245,36.058173
58725,-95.774757,36.058343
58724,-95.774807,36.058489
58723,-95.774746,36.058533
58726,-95.774695,36.058387
58727,-95.774634,36.058431
58722,-95.774645,36.058574
58728,-95.774585,36.058446
58729,-95.774508,36.058470
58721,-95.774568,36.058598
58730,-95.774457,36.058471
58731,-95.774375,36.058471
58720,-95.774457,36.058609
58719,-95.774375,36.058609
58705,-95.772665,36.058622
58706,-95.772665,36.058645
58707,-95.772665,36.058668
58708,-95.772665,36.058691
58709,-95.772665,36.058702
58710,-95.772665,36.058714
58711,-95.772666,36.058795
58712,-95.772670,36.059199
58713,-95.772670,36.059210
58714,-95.772670,36.059222
58715,-95.772670,36.059245
58716,-95.772670,36.059257
58717,-95.772670,36.059268
58718,-95.772670,36.059280
63522,-95.782755,36.054331
63528,-95.782736,36.054470
63527,-95.781497,36.054476
61135,-95.781840,36.054650
61134,-95.781840,36.054676
61133,-95.781840,36.054702
61132,-95.781839,36.054729
61136,-95.781669,36.054753
58864,-95.782746,36.055799
58863,-95.782826,36.055937
58862,-95.782744,36.055937
58861,-95.782682,36.055936
58865,-95.782643,36.055798
58860,-95.782641,36.055936
58866,-95.781518,36.055791
58867,-95.781478,36.055791
58859,-95.781478,36.055929
58858,-95.781358,36.055930
58857,-95.781278,36.055930
58868,-95.781118,36.055793
58869,-95.781038,36.055793
58870,-95.780959,36.055794
58856,-95.781038,36.055931
58855,-95.780998,36.055931
58854,-95.780959,36.055932
58853,-95.780919,36.055932
58509,-95.779479,36.052309
58510,-95.779374,36.052307
58493,-95.779492,36.052657
58494,-95.779490,36.052853
58511,-95.779322,36.052307
58512,-95.779270,36.052306
58513,-95.779218,36.052306
58514,-95.779166,36.052305
58515,-95.779113,36.052305
58508,-95.779111,36.052443
58516,-95.779061,36.052304
58517,-95.779009,36.052304
58518,-95.778957,36.052303
58507,-95.779059,36.052442
58506,-95.779007,36.052442
58505,-95.778955,36.052441
58519,-95.778905,36.052303
58520,-95.778853,36.052302
58504,-95.778903,36.052441
58503,-95.778851,36.052440
58502,-95.778799,36.052440
63526,-95.780859,36.054472
63525,-95.780619,36.054470
63524,-95.780258,36.054469
63523,-95.780188,36.054469
58495,-95.779488,36.053049
58496,-95.779486,36.053179
58497,-95.779485,36.053310
58498,-95.779485,36.053542
58614,-95.779486,36.053793
58615,-95.779487,36.053900
58596,-95.779310,36.053779
58597,-95.779258,36.053779
58598,-95.779206,36.053779
58599,-95.779153,36.053779
58600,-95.779101,36.053779
58601,-95.779049,36.053779
58602,-95.778996,36.053779
58603,-95.778944,36.053779
58604,-95.778892,36.053779
58605,-95.778839,36.053779
58485,-95.779665,36.054615
58501,-95.779665,36.054615
58500,-95.779665,36.054641
58486,-95.779665,36.054668
58499,-95.779665,36.054668
58487,-95.779665,36.054721
58488,-95.779665,36.054774
58489,-95.779665,36.054827
58490,-95.779665,36.054881
58871,-95.780799,36.055794
58872,-95.780759,36.055795
58852,-95.780839,36.055932
58491,-95.779665,36.055786
58492,-95.779665,36.055786
58616,-95.779480,36.055951
58617,-95.779202,36.055948
58618,-95.778925,36.055946
58793,-95.779478,36.056089
58792,-95.779200,36.056086
58791,-95.778923,36.056084
58606,-95.778787,36.053779
58607,-95.778735,36.053779
58608,-95.778682,36.053779
58609,-95.778630,36.053779
58610,-95.778578,36.053779
58611,-95.778525,36.053779
58612,-95.778473,36.053779
58794,-95.779493,36.059307
58795,-95.779457,36.059305
58796,-95.779421,36.059303
58802,-95.778556,36.059135
58803,-95.778535,36.059112
58804,-95.778491,36.059066
58805,-95.778469,36.059043
58806,-95.778447,36.059020
58808,-95.778403,36.058974
58807,-95.778425,36.058997
58809,-95.778381,36.058951
58811,-95.778338,36.058905
58810,-95.778360,36.058928
58812,-95.778316,36.058882
58824,-95.778053,36.058606
58833,-95.777944,36.058492
58835,-95.777922,36.058469
58829,-95.777987,36.058538
58826,-95.778031,36.058583
58831,-95.777966,36.058515
58837,-95.777878,36.058423
58836,-95.777900,36.058446
58828,-95.777853,36.058622
58830,-95.777832,36.058599
58832,-95.777810,36.058576
58815,-95.778250,36.058813
58813,-95.778294,36.058859
58814,-95.778272,36.058836
58816,-95.778228,36.058790
58818,-95.778119,36.058675
58820,-95.778097,36.058652
58822,-95.778075,36.058629
58819,-95.777963,36.058736
58821,-95.777941,36.058713
58817,-95.777985,36.058759
58825,-95.777897,36.058667
58827,-95.777875,36.058644
58823,-95.777919,36.058690
58834,-95.777788,36.058553
58797,-95.778668,36.059224
58798,-95.778640,36.059206
58799,-95.778612,36.059188
58800,-95.778600,36.059181
58801,-95.778578,36.059158
64008,-95.793203,36.056495
64009,-95.793202,36.056580
64010,-95.793202,36.056597
63964,-95.793365,36.057533
63996,-95.793365,36.057747
63995,-95.793362,36.057929
63969,-95.793362,36.057962
63994,-95.793362,36.057962
64012,-95.793192,36.057960
64013,-95.793191,36.057969
63993,-95.793355,36.058459
63992,-95.793355,36.058528
63991,-95.793355,36.058614
64014,-95.793185,36.058476
64015,-95.793185,36.058562
64016,-95.793185,36.058631
63988,-95.793371,36.059439
63987,-95.793350,36.059512
63986,-95.793347,36.059600
63985,-95.793346,36.059629
64017,-95.793181,36.059479
64018,-95.793179,36.059537
64019,-95.793176,36.059625
63984,-95.793344,36.059688
64020,-95.793173,36.059713
64021,-95.793170,36.059801
64022,-95.793168,36.059889
64057,-95.792152,36.054628
64056,-95.792152,36.054660
63844,-95.791125,36.054499
64054,-95.792390,36.055327
64055,-95.792348,36.055328
64040,-95.792143,36.055499
63917,-95.792405,36.056455
63909,-95.792382,36.056317
63910,-95.792298,36.056318
63911,-95.792234,36.056319
63916,-95.792173,36.056457
63915,-95.792152,36.056458
64039,-95.792135,36.056549
64037,-95.792135,36.056562
64038,-95.792135,36.056562
64036,-95.792135,36.056575
64035,-95.792135,36.056588
64034,-95.792136,36.056627
63848,-95.791972,36.055582
63845,-95.791123,36.055323
63849,-95.791965,36.056562
63850,-95.791965,36.056575
63851,-95.791966,36.056614
63912,-95.791111,36.056327
63914,-95.791135,36.056465
60815,-95.790865,36.054609
63576,-95.789263,36.053497
63547,-95.789193,36.054494
63546,-95.789102,36.054493
63847,-95.791077,36.055460
63846,-95.791055,36.055460
60794,-95.790861,36.055679
61062,-95.790691,36.055660
63913,-95.790979,36.056329
61063,-95.790581,36.056327
61099,-95.789255,36.055321
61098,-95.789225,36.055459
61097,-95.789194,36.055459
61100,-95.789103,36.055321
61096,-95.789072,36.055459
60893,-95.789565,36.055589
60892,-95.789565,36.055657
60894,-95.789395,36.055573
61064,-95.789316,36.056311
60891,-95.789565,36.056477
60889,-95.789565,36.056508
60890,-95.789565,36.056508
60888,-95.789565,36.056540
60887,-95.789565,36.056571
61209,-95.789347,36.056449
61065,-95.789255,36.056311
61066,-95.789103,36.056311
61208,-95.789286,36.056449
61207,-95.789225,36.056449
61206,-95.789194,36.056449
61205,-95.789072,36.056449
60886,-95.789565,36.056618
60895,-95.789395,36.056618
64033,-95.792139,36.057172
64032,-95.792140,36.057185
64011,-95.792411,36.057905
64031,-95.792143,36.057949
64030,-95.792143,36.058061
64029,-95.792142,36.058172
64028,-95.792141,36.058284
64027,-95.792140,36.058395
63852,-95.791969,36.057133
63853,-95.791969,36.057172
63854,-95.791973,36.057977
63855,-95.791971,36.058256
63856,-95.791971,36.058284
63857,-95.791971,36.058339
64026,-95.792127,36.059542
63858,-95.791958,36.059508
64025,-95.792120,36.059689
64024,-95.792116,36.059778
64023,-95.792113,36.059866
63859,-95.791952,36.059656
63860,-95.791946,36.059774
60814,-95.790855,36.057556
60813,-95.790855,36.057568
60812,-95.790851,36.058034
60795,-95.790681,36.058057
60884,-95.790415,36.057771
60811,-95.790850,36.058146
60796,-95.790679,36.058262
60797,-95.790676,36.058467
60810,-95.790845,36.058702
60809,-95.790845,36.058718
60808,-95.790845,36.058734
60798,-95.790675,36.058717
60799,-95.790675,36.058747
60800,-95.790675,36.058808
60885,-95.789565,36.057468
60896,-95.789395,36.057407
60897,-95.789395,36.057422
60898,-95.789395,36.057437
60899,-95.789395,36.057452
60900,-95.789395,36.057498
61167,-95.789190,36.057241
61166,-95.789163,36.057380
61165,-95.789083,36.057380
60883,-95.789565,36.058444
60882,-95.789565,36.058484
60881,-95.789565,36.058586
60901,-95.789125,36.058152
60902,-95.789070,36.058153
60831,-95.789100,36.058290
60880,-95.789565,36.058667
60801,-95.790614,36.059449
60802,-95.790684,36.059581
60807,-95.790860,36.059691
60806,-95.790863,36.059749
60803,-95.790689,36.059668
60804,-95.790693,36.059755
60805,-95.790697,36.059843
60859,-95.790114,36.059311
60860,-95.790092,36.059311
60967,-95.790186,36.061076
60861,-95.790037,36.059311
60862,-95.790027,36.059311
60863,-95.790016,36.059311
60864,-95.790005,36.059311
60865,-95.789994,36.059311
60866,-95.789983,36.059311
60867,-95.789972,36.059311
60868,-95.789961,36.059311
60869,-95.789950,36.059311
60870,-95.789940,36.059311
60871,-95.789929,36.059311
60832,-95.789918,36.059311
60833,-95.789907,36.059311
60834,-95.789896,36.059311
60835,-95.789885,36.059311
60836,-95.789874,36.059311
60837,-95.789863,36.059311
60838,-95.789852,36.059311
60839,-95.789842,36.059311
60840,-95.789831,36.059311
60841,-95.789820,36.059311
60842,-95.789809,36.059311
60843,-95.789798,36.059311
60844,-95.789787,36.059311
60845,-95.789776,36.059311
60846,-95.789765,36.059311
60847,-95.789755,36.059311
60872,-95.789744,36.059311
60848,-95.789733,36.059311
60849,-95.789722,36.059311
60850,-95.789700,36.059311
60851,-95.789689,36.059311
60852,-95.789678,36.059311
60853,-95.789668,36.059311
60854,-95.789657,36.059311
60855,-95.789646,36.059311
60856,-95.789635,36.059311
60857,-95.789624,36.059311
60858,-95.789613,36.059311
60878,-95.789571,36.059605
60877,-95.789574,36.059692
60876,-95.789577,36.059779
60875,-95.789579,36.059867
60879,-95.789568,36.059518
60873,-95.789403,36.059667
60874,-95.789408,36.059812
60968,-95.790015,36.061058
60986,-95.790015,36.061058
60977,-95.789070,36.061083
63598,-95.787678,36.052331
63599,-95.787588,36.052331
63600,-95.787475,36.052331
63601,-95.787430,36.052331
63621,-95.786535,36.051419
63633,-95.786491,36.051281
63634,-95.786446,36.051281
63620,-95.786491,36.051419
63619,-95.786468,36.051419
63618,-95.786446,36.051419
63602,-95.786553,36.052331
63597,-95.786530,36.052469
63603,-95.786485,36.052331
63604,-95.786463,36.052331
63605,-95.786440,36.052331
63606,-95.786373,36.052331
63596,-95.786463,36.052469
63595,-95.786440,36.052469
63594,-95.786418,36.052469
63645,-95.785445,36.051214
63635,-95.785259,36.051280
63636,-95.785237,36.051279
63617,-95.785235,36.051417
63637,-95.785215,36.051279
63638,-95.785193,36.051279
63639,-95.785171,36.051279
63616,-95.785213,36.051417
63615,-95.785191,36.051417
63614,-95.785169,36.051417
63613,-95.785147,36.051417
63612,-95.785125,36.051416
63607,-95.785248,36.052331
63593,-95.785226,36.052469
63608,-95.785204,36.052331
63609,-95.785183,36.052331
63610,-95.785140,36.052331
63592,-95.785204,36.052469
63591,-95.785140,36.052469
63590,-95.785118,36.052469
63611,-95.785053,36.052331
63589,-95.785053,36.052469
63588,-95.784176,36.052585
63575,-95.788894,36.053495
63548,-95.789012,36.054354
63545,-95.788979,36.054492
63577,-95.787657,36.053351
63574,-95.787657,36.053489
63573,-95.787617,36.053489
63578,-95.787516,36.053351
63579,-95.787456,36.053351
63572,-95.787516,36.053489
63571,-95.787436,36.053489
63544,-95.787865,36.054508
63549,-95.787679,36.054340
63543,-95.787656,36.054477
63550,-95.787597,36.054339
63551,-95.787536,36.054338
63542,-95.787615,36.054477
63541,-95.787575,36.054477
63552,-95.787455,36.054337
63540,-95.787514,36.054476
63539,-95.787453,36.054475
61101,-95.789011,36.055321
61102,-95.788980,36.055321
61103,-95.788980,36.055321
61095,-95.789011,36.055459
61094,-95.788950,36.055459
61104,-95.788889,36.055321
61093,-95.788889,36.055459
61067,-95.789011,36.056311
61068,-95.788980,36.056311
61069,-95.788858,36.056311
61204,-95.789041,36.056449
61203,-95.789011,36.056449
61202,-95.788858,36.056449
61105,-95.787678,36.055321
61106,-95.787657,36.055321
61092,-95.787657,36.055459
61107,-95.787555,36.055321
61108,-95.787515,36.055321
61109,-95.787454,36.055321
61090,-95.787454,36.055459
61091,-95.787454,36.055459
61070,-95.787678,36.056311
61071,-95.787534,36.056311
61201,-95.787657,36.056449
61200,-95.787595,36.056449
61072,-95.787472,36.056311
61199,-95.787431,36.056449
63580,-95.786488,36.053351
63581,-95.786383,36.053351
63570,-95.786467,36.053489
63569,-95.786383,36.053489
63582,-95.786299,36.053351
63583,-95.786257,36.053351
63568,-95.786320,36.053489
63567,-95.786236,36.053489
63553,-95.786477,36.054331
63554,-95.786373,36.054331
63538,-95.786458,36.054469
63537,-95.786395,36.054469
63555,-95.786331,36.054332
63556,-95.786269,36.054332
63536,-95.786333,36.054470
63535,-95.786250,36.054471
63584,-95.785258,36.053351
63566,-95.785275,36.053502
63565,-95.785236,36.053489
63585,-95.785171,36.053351
63564,-95.785171,36.053489
63586,-95.785085,36.053351
63587,-95.785020,36.053351
63563,-95.785085,36.053489
63562,-95.784999,36.053489
63557,-95.785215,36.054339
63558,-95.785171,36.054339
63559,-95.785128,36.054338
63560,-95.785106,36.054338
63534,-95.785213,36.054477
63533,-95.785191,36.054477
63532,-95.785169,36.054477
63531,-95.785148,36.054477
63561,-95.785019,36.054337
61110,-95.786477,36.055321
61111,-95.786372,36.055321
61089,-95.786458,36.055459
61088,-95.786374,36.055459
61112,-95.786330,36.055322
61113,-95.786267,36.055322
61073,-95.786447,36.056309
61074,-95.786384,36.056309
61075,-95.786299,36.056308
61076,-95.786257,36.056308
61198,-95.786445,36.056447
61197,-95.786361,36.056447
61196,-95.786318,36.056446
61195,-95.786276,36.056446
61194,-95.786234,36.056445
61077,-95.785435,36.055482
61114,-95.785249,36.055330
61087,-95.785225,36.055467
61115,-95.785163,36.055329
61116,-95.785142,36.055329
61117,-95.785099,36.055328
61086,-95.785161,36.055467
61085,-95.785118,36.055466
61084,-95.785054,36.055466
61083,-95.784990,36.055465
61078,-95.785228,36.056301
61079,-95.785163,36.056301
61080,-95.785120,36.056301
61081,-95.785077,36.056301
61082,-95.785012,36.056301
61193,-95.785206,36.056439
61192,-95.785141,36.056439
61191,-95.785120,36.056439
61190,-95.785077,36.056439
61189,-95.784990,36.056439
61168,-95.789056,36.057242
61169,-95.789030,36.057242
61170,-95.789003,36.057242
61171,-95.788976,36.057242
61172,-95.788949,36.057243
61164,-95.789056,36.057380
61163,-95.788976,36.057380
61162,-95.788949,36.057381
61173,-95.788040,36.057247
60903,-95.789014,36.058153
60904,-95.788986,36.058153
60830,-95.789044,36.058291
60829,-95.788988,36.058291
60828,-95.788932,36.058292
60905,-95.788874,36.058154
60906,-95.788819,36.058154
61174,-95.787986,36.057247
61175,-95.787852,36.057248
61176,-95.787799,36.057248
61161,-95.788013,36.057385
61160,-95.787933,36.057385
61159,-95.787906,36.057386
61158,-95.787852,36.057386
61157,-95.787799,36.057386
61177,-95.787772,36.057248
61156,-95.787718,36.057386
60907,-95.787982,36.058160
60908,-95.787954,36.058160
60909,-95.787898,36.058161
60910,-95.787842,36.058161
60911,-95.787730,36.058162
60912,-95.787619,36.058163
60978,-95.788902,36.061124
61178,-95.786702,36.057253
61179,-95.786648,36.057254
61180,-95.786568,36.057254
61181,-95.786541,36.057254
61182,-95.786514,36.057254
61155,-95.786675,36.057391
61154,-95.786541,36.057392
61153,-95.786434,36.057393
60913,-95.786419,36.058171
60914,-95.786363,36.058172
60915,-95.786252,36.058172
60918,-95.785341,36.057487
60916,-95.785336,36.057503
60917,-95.785336,36.057503
61183,-95.785164,36.057261
61184,-95.785116,36.057261
61185,-95.785068,36.057262
61186,-95.785020,36.057262
61187,-95.784972,36.057263
61151,-95.785142,36.057399
61152,-95.785142,36.057399
61149,-95.785118,36.057399
61150,-95.785118,36.057399
61148,-95.785070,36.057400
61147,-95.785046,36.057400
61146,-95.785022,36.057400
61145,-95.784974,36.057401
60827,-95.785210,36.058450
60818,-95.785217,36.058672
60819,-95.785217,36.058690
60820,-95.785218,36.058707
60821,-95.785218,36.058724
60822,-95.785219,36.058741
60823,-95.785219,36.058758
60824,-95.785220,36.058775
60825,-95.785220,36.058792
60826,-95.785221,36.058810
60817,-95.785216,36.058655
60816,-95.785235,36.059307
60919,-95.785090,36.060151
60956,-95.785278,36.061080
60955,-95.785275,36.061132
60945,-95.785104,36.061152
60946,-95.785103,36.061178
63515,-95.783984,36.053489
63514,-95.783957,36.053489
63516,-95.783969,36.054331
63530,-95.783969,36.054469
61118,-95.784005,36.054550
61119,-95.784006,36.054600
61120,-95.784006,36.054651
63517,-95.783855,36.054331
63518,-95.783817,36.054331
63529,-95.783931,36.054469
61126,-95.783045,36.054615
61125,-95.783045,36.054641
61124,-95.783045,36.054695
61123,-95.783045,36.054855
61122,-95.783045,36.054935
61121,-95.783979,36.055809
61139,-95.783977,36.055947
61138,-95.783842,36.055946
61137,-95.783803,36.055946
61140,-95.783909,36.056771
61141,-95.783857,36.056771
61143,-95.783901,36.056909
61142,-95.783864,36.056909
63519,-95.782857,36.054331
63520,-95.782836,36.054331
63521,-95.782795,36.054331
61127,-95.782875,36.054535
61128,-95.782875,36.054615
61129,-95.782875,36.054641
61130,-95.782875,36.054695
61131,-95.782875,36.054748
61188,-95.784948,36.057263
61144,-95.784950,36.057401
61061,-95.791419,36.062039
61060,-95.791394,36.062036
60957,-95.791215,36.061740
60958,-95.791213,36.061932
60959,-95.791145,36.062204
60965,-95.790210,36.061291
60964,-95.790220,36.061382
60966,-95.790200,36.061199
60963,-95.790230,36.061474
60962,-95.790229,36.061576
61048,-95.790978,36.063181
61049,-95.790951,36.063179
61051,-95.790935,36.063196
61050,-95.790915,36.063175
60969,-95.790038,36.061272
60970,-95.790049,36.061364
60971,-95.790055,36.061425
60976,-95.789077,36.061223
60975,-95.789081,36.061293
60974,-95.789088,36.061433
60973,-95.789093,36.061538
60972,-95.789100,36.061678
60960,-95.790056,36.062667
60961,-95.789988,36.062625
60983,-95.789633,36.062711
60992,-95.789937,36.062767
60991,-95.789869,36.062725
60990,-95.789777,36.062790
60989,-95.789751,36.062839
60988,-95.789726,36.062888
60987,-95.789700,36.062938
60984,-95.789582,36.062810
60985,-95.789557,36.062859
61053,-95.790895,36.063311
61052,-95.790803,36.063282
61046,-95.790805,36.063318
60993,-95.790634,36.063290
60994,-95.790617,36.063320
60979,-95.788907,36.061229
60980,-95.788913,36.061334
60981,-95.788923,36.061544
60982,-95.788932,36.061719
61000,-95.788576,36.063502
61005,-95.788706,36.064209
60954,-95.785273,36.061184
60953,-95.785210,36.062403
60952,-95.785207,36.062455
60947,-95.785043,36.062345
60948,-95.785041,36.062371
60949,-95.785037,36.062449
60950,-95.785036,36.062475
61003,-95.786242,36.065069
60997,-95.786227,36.064931
60998,-95.786216,36.064931
60999,-95.786211,36.064931
60996,-95.786201,36.064931
61002,-95.786232,36.065069
61004,-95.786221,36.065069
61001,-95.786211,36.065069
60951,-95.785203,36.063645
60920,-95.785483,36.064931
60921,-95.785478,36.064931
60922,-95.785473,36.064931
60923,-95.785468,36.064931
60924,-95.785463,36.064931
60925,-95.785458,36.064931
60926,-95.785452,36.064931
60927,-95.785447,36.064931
60928,-95.785442,36.064931
60929,-95.785437,36.064931
60930,-95.785029,36.064931
60931,-95.784988,36.064931
60944,-95.783871,36.063185
60932,-95.784947,36.064931
60933,-95.784907,36.064931
60934,-95.784866,36.064931
60935,-95.784826,36.064931
60936,-95.784785,36.064931
60937,-95.784704,36.064931
60938,-95.784623,36.064931
60939,-95.784582,36.064931
60940,-95.784542,36.064931
60941,-95.784501,36.064931
60943,-95.782991,36.063707
60942,-95.782991,36.063723
63804,-95.789471,36.047639
63805,-95.789350,36.047744
60792,-95.790488,36.049311
60791,-95.790705,36.050078
63806,-95.789182,36.049308
63655,-95.789088,36.050399
60793,-95.790876,36.052163
63627,-95.789284,36.051289
63628,-95.789253,36.051289
63626,-95.789188,36.051426
63629,-95.789097,36.051288
63422,-95.788200,36.046669
63423,-95.788078,36.046606
63748,-95.788069,36.046764
63747,-95.787988,36.046722
63803,-95.788079,36.047188
63802,-95.788055,36.047342
63801,-95.788055,36.047554
63800,-95.788055,36.047766
63795,-95.788924,36.048311
63796,-95.788829,36.048311
63794,-95.788924,36.048449
63793,-95.788734,36.048449
63797,-95.788544,36.048311
63799,-95.788055,36.047978
63798,-95.788055,36.048190
63791,-95.788450,36.048449
63792,-95.788450,36.048449
63767,-95.787885,36.047660
63768,-95.787885,36.047872
63769,-95.787885,36.048084
63770,-95.787868,36.048311
63771,-95.787779,36.048311
63772,-95.787672,36.048323
63773,-95.787585,36.048340
63787,-95.787667,36.048466
63786,-95.787594,36.048483
63774,-95.787489,36.048368
63785,-95.787512,36.048510
63784,-95.787429,36.048538
63746,-95.785627,36.046539
63745,-95.785586,36.046539
63749,-95.786582,36.047444
63750,-95.786517,36.047528
63751,-95.786459,36.047611
63752,-95.786401,36.047694
63766,-95.786420,36.047994
63765,-95.786407,36.048088
63753,-95.786283,36.047875
63754,-95.786252,36.047980
63764,-95.786403,36.048178
63763,-95.786401,36.048273
63762,-95.786400,36.048320
63755,-95.786239,36.048074
63756,-95.786233,36.048176
63757,-95.786231,36.048271
63758,-95.786229,36.048366
63761,-95.786398,36.048416
63759,-95.786227,36.048461
63760,-95.786226,36.048557
63783,-95.786191,36.048707
63782,-95.786160,36.048707
63781,-95.786129,36.048707
63735,-95.785351,36.047716
63734,-95.785286,36.047765
63733,-95.785184,36.047813
63736,-95.785080,36.047698
63737,-95.785023,36.047702
63732,-95.785071,36.047839
63731,-95.784982,36.047841
63775,-95.785432,36.048565
63776,-95.785401,36.048565
63777,-95.785370,36.048565
63780,-95.785415,36.048703
63779,-95.785384,36.048703
63778,-95.785353,36.048703
63839,-95.788855,36.049443
63838,-95.788746,36.049442
63837,-95.788637,36.049441
63807,-95.788531,36.049302
63808,-95.788176,36.049218
63836,-95.788076,36.049328
63654,-95.788995,36.050399
63653,-95.788933,36.050399
63652,-95.788902,36.050399
63656,-95.788070,36.050261
63790,-95.788015,36.049002
63789,-95.788010,36.049025
63809,-95.788001,36.049113
63788,-95.787841,36.049009
63835,-95.787901,36.049223
63834,-95.787823,36.049250
63811,-95.787702,36.049150
63810,-95.787715,36.049179
63833,-95.787773,36.049278
63812,-95.787668,36.049169
63832,-95.787702,36.049306
63813,-95.787612,36.049186
63657,-95.787881,36.050261
63651,-95.787644,36.050399
63650,-95.787577,36.050399
63649,-95.787561,36.050399
63648,-95.787527,36.050399
63630,-95.789035,36.051287
63625,-95.788908,36.051425
63631,-95.787610,36.051281
63632,-95.787566,36.051281
63624,-95.787633,36.051419
63623,-95.787588,36.051419
63622,-95.787543,36.051419
63814,-95.786648,36.049421
63815,-95.786607,36.049421
63816,-95.786567,36.049421
63817,-95.786527,36.049421
63825,-95.786567,36.049559
63824,-95.786527,36.049559
63831,-95.786843,36.050177
63830,-95.786843,36.050204
63829,-95.786843,36.050232
63826,-95.786673,36.050192
63827,-95.786673,36.050220
63828,-95.786674,36.050248
63647,-95.786633,36.050399
63658,-95.786611,36.050261
63659,-95.786565,36.050261
63646,-95.786535,36.050399
63818,-95.785644,36.049421
63819,-95.785604,36.049421
63823,-95.785624,36.049559
63820,-95.785564,36.049421
63822,-95.785584,36.049559
63821,-95.785544,36.049559
63660,-95.785507,36.050261
63661,-95.785461,36.050261
63662,-95.785245,36.050262
63644,-95.785172,36.050401
63643,-95.784998,36.050403
63424,-95.783679,36.046428
63700,-95.783465,36.046566
63699,-95.783443,36.046566
63698,-95.783422,36.046566
63697,-95.783401,36.046565
63696,-95.783379,36.046565
63738,-95.784934,36.047704
63739,-95.784846,36.047706
63730,-95.784894,36.047843
63740,-95.784757,36.047708
63729,-95.784805,36.047845
63728,-95.784717,36.047847
63744,-95.784656,36.047534
63743,-95.784655,36.047581
63701,-95.784486,36.047465
63702,-95.784486,36.047511
63703,-95.784486,36.047558
63704,-95.784485,36.047604
63742,-95.784655,36.047627
63741,-95.784655,36.047673
63705,-95.784485,36.047650
63706,-95.784485,36.047697
63727,-95.784655,36.048477
63726,-95.784655,36.048505
63725,-95.784655,36.048533
63707,-95.784485,36.048463
63708,-95.784485,36.048491
63709,-95.784485,36.048519
63710,-95.784485,36.048547
63680,-95.783656,36.047099
63679,-95.783656,36.047122
63678,-95.783656,36.047146
63691,-95.783468,36.047171
63692,-95.783446,36.047171
63693,-95.783425,36.047171
63690,-95.783457,36.047309
63689,-95.783435,36.047309
63677,-95.783647,36.047841
63676,-95.783646,36.047866
63694,-95.783403,36.047171
63695,-95.783382,36.047171
63688,-95.783414,36.047309
63687,-95.783393,36.047309
63686,-95.783371,36.047309
63675,-95.783646,36.047890
63674,-95.783646,36.047915
63681,-95.783457,36.047942
63673,-95.783616,36.048351
63672,-95.783616,36.048363
63671,-95.783622,36.048588
63670,-95.783622,36.048600
63501,-95.783452,36.048577
63502,-95.783452,36.048598
63669,-95.783624,36.048772
63682,-95.783424,36.047942
63683,-95.783391,36.047942
63684,-95.783358,36.047942
63685,-95.783325,36.047943
63498,-95.783246,36.048617
63497,-95.783228,36.048755
63425,-95.782219,36.046410
63442,-95.782227,36.047061
63443,-95.782226,36.047088
63444,-95.782226,36.047115
63445,-95.782226,36.047128
63446,-95.782226,36.047323
63449,-95.782419,36.048071
63500,-95.782635,36.048556
63499,-95.782635,36.048586
63450,-95.782465,36.048566
63451,-95.782431,36.048612
63448,-95.782341,36.048040
63447,-95.782318,36.048019
63452,-95.782383,36.048612
63453,-95.782351,36.048612
63454,-95.781469,36.048619
63455,-95.781438,36.048618
63456,-95.781407,36.048618
63457,-95.781377,36.048617
63473,-95.781467,36.048757
63458,-95.781346,36.048617
63724,-95.784645,36.049337
63723,-95.784645,36.049365
63722,-95.784645,36.049393
63711,-95.784476,36.049320
63712,-95.784475,36.049349
63713,-95.784475,36.049377
63714,-95.784475,36.049406
63642,-95.784825,36.050405
63715,-95.784466,36.050172
63721,-95.784635,36.050188
63720,-95.784635,36.050216
63719,-95.784635,36.050244
63641,-95.784652,36.050407
63716,-95.784465,36.050200
63717,-95.784465,36.050228
63718,-95.784465,36.050256
63640,-95.784432,36.050405
63668,-95.783622,36.048992
63667,-95.783621,36.049213
63666,-95.783619,36.049434
63665,-95.783618,36.049655
63664,-95.783617,36.049875
63503,-95.783447,36.049855
63504,-95.783446,36.049914
63663,-95.783615,36.050096
63505,-95.783446,36.049972
63506,-95.783446,36.050031
63507,-95.783445,36.050089
63508,-95.783445,36.050148
63510,-95.783452,36.050204
63509,-95.783445,36.050207
63496,-95.782635,36.049766
63495,-95.782635,36.049819
63494,-95.782635,36.049872
63486,-95.782465,36.049739
63487,-95.782465,36.049792
63488,-95.782465,36.049845
63489,-95.782465,36.049898
63493,-95.782635,36.049924
63492,-95.782635,36.049977
63490,-95.782465,36.049951
63491,-95.782465,36.050004
63511,-95.782448,36.050071
63485,-95.781655,36.049663
63484,-95.781655,36.049716
63483,-95.781655,36.049768
63482,-95.781655,36.049820
63474,-95.781485,36.049847
63475,-95.781485,36.049899
63481,-95.781655,36.049925
63480,-95.781655,36.050004
63479,-95.781655,36.050030
63476,-95.781485,36.049952
63477,-95.781485,36.050004
63478,-95.781485,36.050057
63472,-95.780678,36.049676
63471,-95.780677,36.049727
63470,-95.780677,36.049777
63469,-95.780676,36.049828
63468,-95.780676,36.049879
63459,-95.780507,36.049752
63460,-95.780507,36.049803
63461,-95.780506,36.049854
63462,-95.780506,36.049905
63467,-95.780676,36.049930
63466,-95.780675,36.049981
63465,-95.780675,36.050032
63463,-95.780505,36.049956
63464,-95.780505,36.050007
63512,-95.780487,36.050072
63513,-95.780390,36.050072
59418,-95.800074,36.057912
59394,-95.800074,36.058050
59419,-95.800039,36.057912
59420,-95.799991,36.057912
59393,-95.800039,36.058050
59832,-95.799818,36.058891
59833,-95.799811,36.058891
59834,-95.799804,36.058891
59831,-95.799785,36.059041
59835,-95.799597,36.058892
59836,-95.799526,36.058892
59837,-95.799456,36.058893
59815,-95.799458,36.059031
59838,-95.799386,36.058894
59839,-95.799316,36.058895
59814,-95.799388,36.059032
59813,-95.799318,36.059033
59392,-95.797545,36.058072
59840,-95.797770,36.058916
59841,-95.797700,36.058917
59842,-95.797630,36.058918
59816,-95.798969,36.059787
59817,-95.798937,36.059786
59818,-95.798906,36.059785
59819,-95.798875,36.059784
59820,-95.798844,36.059784
59824,-95.798931,36.059924
59823,-95.798900,36.059923
59822,-95.798869,36.059922
59821,-95.798838,36.059922
64209,-95.797333,36.061648
59391,-95.795953,36.052497
59390,-95.795872,36.052497
63898,-95.795833,36.052600
63897,-95.795832,36.052635
63895,-95.795832,36.052670
63896,-95.795832,36.052670
59511,-95.794756,36.051306
59512,-95.794737,36.051306
59513,-95.794699,36.051305
59510,-95.794788,36.051445
59509,-95.794750,36.051444
59508,-95.794712,36.051443
59514,-95.794661,36.051304
59515,-95.794624,36.051303
59507,-95.794636,36.051441
59494,-95.794435,36.051216
59389,-95.794850,36.052491
59388,-95.794766,36.052490
59387,-95.794724,36.052489
59385,-95.794622,36.052351
59495,-95.793608,36.051301
59496,-95.793567,36.051301
59497,-95.793546,36.051301
59506,-95.793629,36.051439
59505,-95.793587,36.051439
59498,-95.793463,36.051301
59499,-95.793442,36.051301
59504,-95.793504,36.051439
59500,-95.793401,36.051301
59386,-95.793412,36.052341
59503,-95.792400,36.051431
59501,-95.792381,36.051292
59502,-95.792318,36.051292
63842,-95.792378,36.052341
63843,-95.792254,36.052341
63841,-95.792233,36.052479
63840,-95.792212,36.052479
64106,-95.792155,36.052614
64095,-95.797049,36.053359
63873,-95.797035,36.053545
63872,-95.797035,36.053596
63871,-95.797035,36.053629
63870,-95.797035,36.053646
63869,-95.797033,36.054520
63868,-95.797033,36.054573
63867,-95.797032,36.054626
63866,-95.797031,36.054714
64096,-95.796044,36.053375
64097,-95.796003,36.053376
64098,-95.795962,36.053376
64099,-95.795941,36.053377
64100,-95.795900,36.053377
63894,-95.795821,36.053715
63899,-95.795653,36.053564
63900,-95.795653,36.053580
64068,-95.796058,36.054357
64069,-95.796037,36.054358
64067,-95.796081,36.054495
64066,-95.796039,36.054496
64065,-95.795998,36.054496
64070,-95.795892,36.054359
64064,-95.795956,36.054496
63893,-95.795815,36.054529
63892,-95.795815,36.054669
63901,-95.795645,36.054686
63902,-95.795645,36.054721
63903,-95.795645,36.054756
63865,-95.796852,36.055655
63874,-95.796843,36.056547
63875,-95.796842,36.056600
64046,-95.796057,36.055381
64047,-95.795974,36.055381
64045,-95.796077,36.055519
64044,-95.796015,36.055519
63891,-95.795815,36.055565
63890,-95.795815,36.055598
63889,-95.795815,36.055631
63888,-95.795815,36.055665
63887,-95.795815,36.055698
63904,-95.795645,36.055648
63886,-95.795798,36.056640
63885,-95.795799,36.056673
63884,-95.795800,36.056705
63919,-95.795627,36.056577
63920,-95.795628,36.056626
64101,-95.794800,36.053372
64102,-95.794758,36.053372
64103,-95.794695,36.053371
64094,-95.794840,36.053511
64093,-95.794756,36.053510
64091,-95.794714,36.053509
64092,-95.794714,36.053509
64104,-95.794632,36.053371
63956,-95.794595,36.053641
63955,-95.794595,36.053675
63957,-95.794425,36.053641
64071,-95.794838,36.054367
64063,-95.794840,36.054505
64072,-95.794693,36.054369
64073,-95.794610,36.054370
64062,-95.794632,36.054507
63954,-95.794591,36.054715
63958,-95.794422,36.054649
64090,-95.793618,36.053501
64089,-95.793535,36.053500
64088,-95.793493,36.053499
64087,-95.793473,36.053499
64086,-95.793410,36.053499
64074,-95.793620,36.054363
64075,-95.793516,36.054362
64076,-95.793454,36.054361
64061,-95.793535,36.054500
64060,-95.793473,36.054499
64059,-95.793410,36.054499
64077,-95.793392,36.054361
64005,-95.793375,36.054690
64006,-95.793205,36.054690
64048,-95.794794,36.055334
64049,-95.794773,36.055333
64050,-95.794752,36.055332
64051,-95.794731,36.055331
64043,-95.794784,36.055472
64042,-95.794637,36.055465
63953,-95.794585,36.055471
63952,-95.794587,36.055675
63905,-95.794736,36.056328
63906,-95.794675,36.056326
63951,-95.794595,36.056506
63950,-95.794595,36.056574
63960,-95.794425,36.056557
63961,-95.794425,36.056574
63949,-95.794595,36.056642
63947,-95.794595,36.056676
63948,-95.794595,36.056676
63962,-95.794425,36.056659
64041,-95.793637,36.055459
64052,-95.793534,36.055321
64053,-95.793493,36.055321
64004,-95.793375,36.055522
64007,-95.793205,36.055505
64003,-95.793375,36.055573
64002,-95.793375,36.055640
63907,-95.793578,36.056312
63959,-95.793578,36.056312
63908,-95.793516,36.056312
63918,-95.793639,36.056451
64001,-95.793373,36.056514
64000,-95.793373,36.056548
63999,-95.793372,36.056582
63998,-95.793372,36.056616
63963,-95.793371,36.056650
63997,-95.793371,36.056650
63864,-95.797005,36.057531
63863,-95.797005,36.057584
63944,-95.796835,36.057479
63876,-95.796835,36.057531
63877,-95.796835,36.057531
63862,-95.797005,36.057619
63861,-95.797005,36.057653
63878,-95.796835,36.057601
63945,-95.796011,36.057318
63943,-95.796013,36.057456
63942,-95.795912,36.057457
63883,-95.795813,36.057490
63882,-95.795812,36.057576
63881,-95.795812,36.057628
63880,-95.795811,36.057679
63921,-95.795643,36.057557
63922,-95.795642,36.057574
63923,-95.795641,36.057660
63879,-95.795803,36.058516
63924,-95.795633,36.058548
63925,-95.795632,36.058598
63926,-95.795623,36.059487
63927,-95.795623,36.059503
63928,-95.795623,36.059551
63929,-95.795622,36.059631
63946,-95.794839,36.057321
63941,-95.794860,36.057459
63940,-95.794593,36.057489
63939,-95.794593,36.057523
63938,-95.794593,36.057557
63965,-95.794423,36.057487
63966,-95.794423,36.057521
63967,-95.794423,36.057555
63968,-95.794422,36.057588
63937,-95.794592,36.057607
63935,-95.794591,36.057675
63936,-95.794591,36.057675
63934,-95.794582,36.058564
63972,-95.794414,36.058461
63973,-95.794413,36.058528
63974,-95.794412,36.058562
63933,-95.794581,36.058665
63975,-95.794412,36.058629
63970,-95.793536,36.058432
63971,-95.793536,36.058432
63932,-95.794573,36.059539
63931,-95.794573,36.059597
63976,-95.794404,36.059452
63977,-95.794403,36.059510
63978,-95.794403,36.059597
63930,-95.794572,36.059713
63979,-95.794402,36.059655
63980,-95.794402,36.059684
63981,-95.794401,36.059771
63989,-95.793537,36.059301
63990,-95.793516,36.059301
63983,-95.793342,36.059746
63982,-95.793340,36.059805
64085,-95.792420,36.053499
64084,-95.792274,36.053499
64105,-95.792254,36.053361
64083,-95.792212,36.053499
64082,-95.792191,36.053499
64081,-95.792155,36.053529
64058,-95.792399,36.054499
64078,-95.792378,36.054361
64079,-95.792316,36.054361
64080,-95.792274,36.054361
61057,-95.792453,36.062565
61058,-95.792452,36.062583
61047,-95.792448,36.062498
61059,-95.792450,36.062655
59493,-95.793630,36.050411
59491,-95.793546,36.050410
59492,-95.793546,36.050410
59490,-95.793525,36.050410
59489,-95.793504,36.050409
59488,-95.793462,36.050409
59487,-95.793420,36.050409
59486,-95.792409,36.050409
59485,-95.792222,36.050271
59812,-95.803694,36.060998
59407,-95.801321,36.057923
59408,-95.801298,36.057923
59409,-95.801286,36.057923
59410,-95.801274,36.057923
59411,-95.801238,36.057922
59406,-95.801329,36.058061
59405,-95.801317,36.058061
59404,-95.801306,36.058061
59403,-95.801294,36.058061
59402,-95.801282,36.058061
59401,-95.801270,36.058061
59412,-95.801202,36.057921
59413,-95.801166,36.057921
59400,-95.801210,36.058060
59399,-95.801174,36.058059
59414,-95.800711,36.057914
59398,-95.800719,36.058052
59415,-95.800675,36.057914
59416,-95.800603,36.057912
59397,-95.800683,36.058052
59396,-95.800599,36.058050
59417,-95.800567,36.057912
59395,-95.800575,36.058050
59826,-95.799813,36.059973
59825,-95.799821,36.060018
59830,-95.799787,36.059229
59829,-95.799789,36.059418
59828,-95.799791,36.059607
59827,-95.799794,36.059796
69344,-95.803607,36.062182
69345,-95.803441,36.062364
60139,-95.802525,36.062379
60138,-95.802525,36.062398
60137,-95.802525,36.062417
60136,-95.802525,36.062436
60135,-95.802525,36.062455
60134,-95.802525,36.062474
60133,-95.802525,36.062972
60132,-95.802525,36.063022
60131,-95.802525,36.063073
60130,-95.802525,36.063124
60140,-95.802355,36.062379
60141,-95.802355,36.062398
60142,-95.802355,36.062417
60143,-95.802355,36.062436
60116,-95.802355,36.062997
60117,-95.802355,36.063048
60118,-95.802355,36.063099
60119,-95.802355,36.063149
60120,-95.802355,36.063200
60149,-95.801427,36.062283
60148,-95.801427,36.062309
60147,-95.801427,36.062335
60146,-95.801427,36.062362
60145,-95.801428,36.062388
60144,-95.801488,36.062846
60115,-95.801433,36.063101
60121,-95.802355,36.063251
60114,-95.801432,36.063299
60113,-95.801430,36.063497
59811,-95.800322,36.061212
59810,-95.800324,36.061285
59809,-95.800327,36.061357
59808,-95.800329,36.061430
59807,-95.800331,36.061503
59806,-95.800333,36.061576
60150,-95.801256,36.062245
60151,-95.801256,36.062271
60152,-95.801257,36.062298
60153,-95.801257,36.062324
60154,-95.801257,36.062350
60155,-95.801258,36.062377
60087,-95.801264,36.063002
60088,-95.801262,36.063200
60086,-95.800375,36.063080
59800,-95.800152,36.061216
59801,-95.800154,36.061289
59802,-95.800157,36.061361
59803,-95.800159,36.061434
59804,-95.800161,36.061507
59805,-95.800163,36.061580
60059,-95.800205,36.062982
60060,-95.800205,36.063179
60156,-95.799748,36.062903
60157,-95.799343,36.062966
60036,-95.799333,36.063175
60089,-95.801261,36.063398
60090,-95.801260,36.063596
60085,-95.800375,36.063277
60084,-95.800375,36.063474
60083,-95.800375,36.063573
60082,-95.800375,36.063868
60061,-95.800205,36.063376
60062,-95.800205,36.063573
60063,-95.800205,36.063770
60035,-95.799333,36.063281
60034,-95.799332,36.063599
60033,-95.799331,36.063653
60032,-95.799331,36.063759
60031,-95.799331,36.063812
60037,-95.799164,36.063122
60038,-95.799163,36.063228
60158,-95.798413,36.062971
60159,-95.798376,36.062971
60160,-95.798338,36.062971
60161,-95.798301,36.062971
59799,-95.797506,36.062049
64208,-95.797335,36.061837
64207,-95.797335,36.061887
64206,-95.797336,36.061989
60006,-95.798114,36.063121
60162,-95.797906,36.062978
60163,-95.797528,36.062988
64205,-95.797345,36.063142
60039,-95.799163,36.063334
60040,-95.799162,36.063493
60041,-95.799162,36.063546
60042,-95.799161,36.063653
60043,-95.799161,36.063759
60058,-95.798281,36.063344
60057,-95.798279,36.063565
60007,-95.798112,36.063312
60008,-95.798110,36.063504
69385,-95.805455,36.064722
69449,-95.806198,36.065941
69448,-95.806000,36.066018
69405,-95.805830,36.065932
69447,-95.805799,36.066094
69406,-95.805632,36.066002
69446,-95.805597,36.066163
59976,-95.805972,36.066880
69470,-95.805970,36.067069
69471,-95.805963,36.067059
69469,-95.805977,36.067080
59977,-95.805904,36.066911
59978,-95.805710,36.067000
69463,-95.805829,36.067146
69462,-95.805822,36.067135
69461,-95.805815,36.067125
59979,-95.805524,36.067084
69468,-95.806132,36.067349
69467,-95.806138,36.067361
69466,-95.806143,36.067373
69464,-95.805974,36.067399
69465,-95.805980,36.067411
69349,-95.803439,36.062685
69316,-95.803611,36.062746
69315,-95.803612,36.062809
69314,-95.803613,36.062873
69350,-95.803441,36.062748
69351,-95.803443,36.062875
69352,-95.803446,36.063001
69297,-95.805229,36.063917
69360,-95.805045,36.064072
69359,-95.804736,36.064059
69298,-95.804591,36.063921
69386,-95.805411,36.064722
69387,-95.805366,36.064722
69388,-95.805321,36.064721
69389,-95.805276,36.064721
69390,-95.805232,36.064721
69361,-95.805045,36.064669
69362,-95.805045,36.064707
69377,-95.805386,36.064860
69376,-95.805297,36.064859
69375,-95.805215,36.064901
69374,-95.805215,36.064960
69373,-95.805215,36.065019
69372,-95.805215,36.065078
69371,-95.805215,36.065136
69370,-95.805215,36.065195
69363,-95.805045,36.064900
69364,-95.805045,36.064958
69365,-95.805045,36.065015
69366,-95.805045,36.065073
69367,-95.805045,36.065130
69368,-95.805045,36.065188
69369,-95.805045,36.065245
69313,-95.804281,36.063923
69358,-95.804389,36.064060
69357,-95.804241,36.064061
69356,-95.804094,36.064062
69355,-95.803946,36.064064
69354,-95.803799,36.064065
69353,-95.803652,36.064067
60129,-95.802525,36.063175
60128,-95.802525,36.063226
60127,-95.802525,36.063276
60126,-95.802525,36.063327
60125,-95.802525,36.063378
60122,-95.802355,36.063302
60123,-95.802355,36.063353
60124,-95.802355,36.063403
60112,-95.801429,36.063695
60111,-95.801428,36.063893
60110,-95.801426,36.064092
60109,-95.801425,36.064290
60108,-95.801429,36.064475
60107,-95.801474,36.064669
60106,-95.801491,36.064880
60105,-95.801487,36.065079
60104,-95.801484,36.065242
69445,-95.805396,36.066232
59980,-95.805338,36.067169
59981,-95.805152,36.067254
69454,-95.804505,36.067155
69407,-95.803645,36.066244
69455,-95.804359,36.067225
69457,-95.804375,36.067247
69456,-95.804367,36.067236
69444,-95.803823,36.066380
69443,-95.803735,36.066381
69442,-95.803647,36.066382
69441,-95.803559,36.066383
69440,-95.803471,36.066384
59986,-95.803441,36.067198
59987,-95.803416,36.067166
59985,-95.803460,36.067224
59984,-95.803478,36.067249
59983,-95.803496,36.067275
69459,-95.805091,36.067565
59982,-95.804967,36.067339
59970,-95.805049,36.067459
69460,-95.805043,36.067486
69458,-95.804939,36.067625
59955,-95.804938,36.068857
59954,-95.804945,36.068882
59956,-95.804924,36.068816
59911,-95.804769,36.068874
59912,-95.804776,36.068900
59910,-95.804765,36.068866
59969,-95.804035,36.067905
59968,-95.804007,36.067917
59967,-95.803979,36.067930
59879,-95.803718,36.067893
59880,-95.803577,36.067961
59966,-95.803542,36.068147
59965,-95.803471,36.068245
59964,-95.803463,36.068274
59963,-95.803460,36.068316
59962,-95.803458,36.068357
59957,-95.803717,36.069102
59958,-95.803669,36.069123
59909,-95.803652,36.069285
59959,-95.803621,36.069143
59960,-95.803574,36.069163
59908,-95.803572,36.069330
59961,-95.803518,36.069192
69439,-95.803383,36.066385
69438,-95.803295,36.066386
69437,-95.803207,36.066387
69436,-95.803119,36.066388
69435,-95.803031,36.066389
59988,-95.803185,36.067061
59878,-95.803295,36.067266
59877,-95.803185,36.067199
59989,-95.802983,36.067061
59990,-95.802782,36.067061
59876,-95.802465,36.067248
60103,-95.801483,36.065317
60102,-95.801482,36.065392
60101,-95.801481,36.065505
69408,-95.801533,36.066269
69434,-95.801931,36.066402
59991,-95.802277,36.067061
59874,-95.802295,36.067248
59875,-95.802295,36.067266
59873,-95.802142,36.067200
59992,-95.801958,36.067064
69433,-95.801843,36.066403
69432,-95.801755,36.066404
69431,-95.801667,36.066405
69430,-95.801579,36.066406
69429,-95.801492,36.066408
59993,-95.801639,36.067067
59881,-95.803305,36.068215
59882,-95.803295,36.068268
59883,-95.803290,36.068351
59891,-95.802426,36.068735
59892,-95.802423,36.068725
59889,-95.802435,36.068766
59888,-95.802438,36.068777
59887,-95.802440,36.068787
59886,-95.802445,36.068822
59885,-95.802445,36.068833
59890,-95.802432,36.068756
59895,-95.802263,36.068776
59896,-95.802266,36.068786
59897,-95.802269,36.068796
59900,-95.802275,36.068813
59899,-95.802274,36.068817
59901,-95.802275,36.068824
59902,-95.802275,36.068835
59903,-95.802275,36.068845
59904,-95.802275,36.068856
59898,-95.802272,36.068807
59893,-95.801439,36.068568
59894,-95.801422,36.068569
60091,-95.801258,36.063794
60092,-95.801257,36.063993
60093,-95.801256,36.064191
60081,-95.800375,36.064066
60094,-95.801255,36.064389
60095,-95.801286,36.064598
60096,-95.801324,36.064779
60097,-95.801314,36.065242
60080,-95.800375,36.064263
60079,-95.800375,36.064460
60078,-95.800375,36.064657
60076,-95.800713,36.065091
60075,-95.800483,36.064984
60077,-95.800392,36.064840
60074,-95.800512,36.065202
60073,-95.800500,36.065224
60069,-95.800362,36.065139
60070,-95.800350,36.065161
60071,-95.800338,36.065184
60072,-95.800327,36.065206
60064,-95.800205,36.064164
60030,-95.799330,36.063918
60029,-95.799330,36.064024
60028,-95.799330,36.064131
60027,-95.799329,36.064237
60065,-95.800205,36.064361
60066,-95.800205,36.064558
60067,-95.800205,36.064755
60068,-95.800269,36.064975
60025,-95.799329,36.064290
60026,-95.799329,36.064343
60024,-95.799328,36.064555
60023,-95.799327,36.064662
60044,-95.799161,36.063865
60045,-95.799160,36.063971
60046,-95.799160,36.064077
60047,-95.799160,36.064131
60056,-95.798277,36.063787
60055,-95.798273,36.064119
60048,-95.799159,36.064290
60050,-95.798341,36.065184
60009,-95.798108,36.063696
60010,-95.798106,36.063888
60011,-95.798104,36.064080
64204,-95.797345,36.063499
64203,-95.797345,36.063857
64202,-95.797345,36.064142
60054,-95.798271,36.064341
60012,-95.798102,36.064272
60013,-95.798100,36.064464
60053,-95.798269,36.064562
60014,-95.798098,36.064656
60052,-95.798266,36.064784
60051,-95.798271,36.064997
60015,-95.798096,36.064848
60017,-95.798191,36.065249
60016,-95.798108,36.065048
64201,-95.797345,36.064382
60098,-95.801313,36.065317
60099,-95.801312,36.065392
60100,-95.801312,36.065467
69409,-95.800800,36.066271
69428,-95.801166,36.066409
69427,-95.800922,36.066409
59994,-95.801320,36.067070
59872,-95.801322,36.067208
59871,-95.801301,36.067260
59870,-95.801130,36.067295
69426,-95.800678,36.066409
69425,-95.800434,36.066409
59995,-95.800349,36.067078
69410,-95.800312,36.066271
69411,-95.800068,36.066271
69412,-95.799824,36.066271
69413,-95.799581,36.066271
69424,-95.800190,36.066409
59996,-95.800305,36.067078
59997,-95.800261,36.067078
59998,-95.800217,36.067079
59869,-95.800307,36.067216
59868,-95.800263,36.067216
59867,-95.800219,36.067217
59999,-95.800173,36.067079
59866,-95.800175,36.067217
59865,-95.800115,36.067297
59860,-95.799945,36.067297
60000,-95.799815,36.067081
59859,-95.799815,36.067219
69423,-95.799702,36.066409
60001,-95.799591,36.067081
59858,-95.799591,36.067219
59864,-95.800115,36.067330
59863,-95.800115,36.067363
59861,-95.799945,36.067330
59862,-95.799945,36.067363
60021,-95.798928,36.065774
60022,-95.799165,36.065934
69414,-95.799147,36.066278
69415,-95.799136,36.066278
69416,-95.799126,36.066279
69417,-95.799115,36.066279
60020,-95.798740,36.065656
60019,-95.798553,36.065539
60049,-95.798491,36.065328
60018,-95.798354,36.065413
69422,-95.799190,36.066415
69421,-95.799179,36.066415
69420,-95.799169,36.066416
69419,-95.799158,36.066416
69418,-95.799148,36.066416
60002,-95.798965,36.067081
60003,-95.798942,36.067081
59857,-95.798965,36.067219
59856,-95.798942,36.067219
59855,-95.798915,36.067284
59854,-95.798915,36.067310
60004,-95.798727,36.067081
59850,-95.798745,36.067284
59851,-95.798745,36.067310
60005,-95.798427,36.067083
59849,-95.798429,36.067221
61007,-95.797580,36.066316
61008,-95.797570,36.066316
61009,-95.797559,36.066317
61010,-95.797549,36.066317
61036,-95.797581,36.066454
61035,-95.797571,36.066455
61034,-95.797560,36.066455
61033,-95.797539,36.066455
64200,-95.797345,36.066676
64199,-95.797345,36.066692
64198,-95.797345,36.066709
64197,-95.797345,36.066725
64196,-95.797345,36.066741
64195,-95.797345,36.067243
64194,-95.797345,36.067257
64193,-95.797345,36.067271
59853,-95.798915,36.067336
59852,-95.798745,36.067336
64903,-95.797348,36.068175
59913,-95.804507,36.069650
59914,-95.804494,36.069656
59915,-95.803624,36.070085
59916,-95.803562,36.070116
59917,-95.803501,36.070148
59884,-95.802937,36.069554
59907,-95.803071,36.069642
59906,-95.803056,36.069652
59905,-95.803041,36.069662
69677,-95.809796,36.062158
69676,-95.809796,36.062170
69675,-95.809796,36.062182
69674,-95.809796,36.062195
69673,-95.809796,36.062207
69678,-95.809626,36.062158
69679,-95.809626,36.062170
69680,-95.809626,36.062182
69681,-95.809626,36.062195
69682,-95.809626,36.062207
69672,-95.809796,36.062219
69671,-95.809796,36.062232
69670,-95.809796,36.062244
69669,-95.809796,36.062257
69668,-95.809796,36.062269
69667,-95.809796,36.062281
69666,-95.809797,36.062294
69665,-95.809797,36.062306
69664,-95.809797,36.062318
69683,-95.809626,36.062219
69684,-95.809626,36.062232
69685,-95.809626,36.062244
69686,-95.809626,36.062257
69687,-95.809626,36.062269
69688,-95.809626,36.062281
69689,-95.809627,36.062294
69690,-95.809627,36.062306
69691,-95.809627,36.062318
69649,-95.810304,36.063403
69648,-95.810295,36.063403
69647,-95.810286,36.063403
69646,-95.810277,36.063403
69645,-95.810268,36.063403
69644,-95.810258,36.063403
69622,-95.810138,36.064071
69623,-95.810126,36.064071
69624,-95.810113,36.064071
69625,-95.810100,36.064071
69626,-95.810087,36.064071
69627,-95.810074,36.064071
69621,-95.810138,36.064209
69620,-95.810126,36.064209
69619,-95.810113,36.064209
69618,-95.810100,36.064209
69617,-95.810087,36.064209
69616,-95.810074,36.064209
69663,-95.809858,36.063261
69643,-95.809829,36.063399
69642,-95.809820,36.063399
69641,-95.809619,36.063399
69640,-95.809602,36.063399
69578,-95.810324,36.065596
69579,-95.810310,36.065568
69577,-95.810338,36.065624
69576,-95.810352,36.065652
69596,-95.810260,36.065372
69597,-95.810242,36.065381
69598,-95.810224,36.065390
69580,-95.810154,36.065620
69581,-95.810168,36.065648
69599,-95.809549,36.065687
69595,-95.809607,36.065817
69594,-95.809585,36.065827
69575,-95.810391,36.066313
69574,-95.810390,36.066344
69573,-95.810390,36.066374
69572,-95.810390,36.066405
69582,-95.810221,36.066313
69583,-95.810220,36.066344
69584,-95.810220,36.066374
69571,-95.810390,36.067217
69568,-95.810224,36.067255
69569,-95.810226,36.067283
69570,-95.810229,36.067311
69567,-95.809563,36.067546
69705,-95.808696,36.061490
69704,-95.808698,36.061537
69703,-95.808700,36.061583
69702,-95.808701,36.061630
69701,-95.808703,36.061676
69526,-95.808526,36.061494
69527,-95.808528,36.061541
69528,-95.808530,36.061587
69529,-95.808531,36.061634
69530,-95.808533,36.061680
69700,-95.808705,36.061722
69699,-95.808706,36.061769
69698,-95.808708,36.061815
69697,-95.808710,36.061862
69696,-95.808711,36.061908
69531,-95.808535,36.061726
69532,-95.808536,36.061773
69533,-95.808538,36.061819
69534,-95.808540,36.061866
69535,-95.808541,36.061912
69695,-95.808713,36.061955
69694,-95.808715,36.062001
69693,-95.808716,36.062047
69692,-95.808718,36.062094
69537,-95.808545,36.062005
69536,-95.808543,36.061959
69538,-95.808546,36.062051
69539,-95.808548,36.062098
69540,-95.808550,36.062144
69541,-95.808552,36.062191
69525,-95.807531,36.061350
69524,-95.807529,36.061398
69523,-95.807528,36.061445
69522,-95.807505,36.062322
69521,-95.807505,36.062386
69520,-95.807505,36.062451
69519,-95.807505,36.062516
69518,-95.807505,36.062580
69517,-95.807505,36.062645
69516,-95.807505,36.062710
69515,-95.807505,36.062774
69514,-95.807505,36.062839
69513,-95.807505,36.062904
69628,-95.809466,36.064071
69629,-95.809453,36.064071
69630,-95.809440,36.064071
69631,-95.809427,36.064071
69615,-95.809466,36.064209
69614,-95.809453,36.064209
69613,-95.809440,36.064209
69612,-95.809427,36.064209
69639,-95.808831,36.063407
69638,-95.808814,36.063407
69637,-95.808798,36.063407
69636,-95.808782,36.063408
69542,-95.808595,36.063422
69543,-95.808595,36.063549
69544,-95.808595,36.063676
69632,-95.808819,36.064071
69633,-95.808806,36.064071
69634,-95.808793,36.064071
69635,-95.808781,36.064071
69611,-95.808819,36.064209
69610,-95.808806,36.064209
69609,-95.808793,36.064209
69608,-95.808781,36.064209
69545,-95.808595,36.063803
69546,-95.808595,36.063930
69547,-95.808595,36.064057
69548,-95.808595,36.064222
69549,-95.808595,36.064234
69607,-95.808765,36.064257
69550,-95.808599,36.064754
69551,-95.808599,36.064766
69606,-95.808772,36.065114
69605,-95.808773,36.065149
69552,-95.808599,36.064778
69512,-95.807505,36.064072
69511,-95.807505,36.064124
69510,-95.807505,36.064177
69509,-95.807505,36.064230
69508,-95.807505,36.064283
69507,-95.807505,36.064336
69506,-95.807505,36.064389
69505,-95.807505,36.064442
69326,-95.806625,36.062171
69327,-95.806583,36.062171
69328,-95.806541,36.062171
69257,-95.807335,36.062386
69258,-95.807335,36.062451
69259,-95.807335,36.062516
69260,-95.807335,36.062580
69261,-95.807335,36.062645
69262,-95.807335,36.062774
69325,-95.806604,36.062309
69271,-95.806506,36.062417
69270,-95.806506,36.062481
69269,-95.806507,36.062546
69268,-95.806508,36.062610
69267,-95.806509,36.062674
69266,-95.806510,36.062738
69265,-95.806510,36.062803
69329,-95.806318,36.062171
69330,-95.806168,36.062171
69331,-95.806019,36.062171
69332,-95.805869,36.062171
69333,-95.805720,36.062171
69334,-95.805571,36.062171
69272,-95.806335,36.062355
69273,-95.806336,36.062419
69275,-95.806337,36.062548
69276,-95.806338,36.062612
69277,-95.806339,36.062676
69274,-95.806336,36.062483
69278,-95.806340,36.062740
69279,-95.806340,36.062805
69289,-95.805554,36.062322
69288,-95.805552,36.062570
69287,-95.805552,36.062653
69286,-95.805551,36.062819
69285,-95.805550,36.062985
69284,-95.805549,36.063150
69400,-95.807335,36.064124
69401,-95.807335,36.064177
69402,-95.807335,36.064230
69263,-95.806603,36.063912
69264,-95.806562,36.063912
69399,-95.806675,36.064051
69398,-95.806637,36.064050
69397,-95.806598,36.064050
69396,-95.806559,36.064050
69403,-95.807335,36.064283
69404,-95.807335,36.064336
69384,-95.806517,36.064960
69383,-95.806517,36.064992
69382,-95.806518,36.065024
69381,-95.806518,36.065056
69380,-95.806519,36.065088
69395,-95.806338,36.064049
69394,-95.806143,36.064049
69283,-95.805548,36.063316
69282,-95.805547,36.063482
69280,-95.805871,36.063911
69281,-95.805716,36.063911
69393,-95.805949,36.064049
69392,-95.805755,36.064049
69391,-95.805561,36.064049
69378,-95.806348,36.065058
69379,-95.806349,36.065090
69600,-95.809527,36.065697
69601,-95.809505,36.065707
69593,-95.809073,36.066050
69592,-95.809051,36.066060
69591,-95.809029,36.066070
69553,-95.808611,36.065371
69554,-95.808616,36.065394
69555,-95.808621,36.065418
69602,-95.808993,36.065930
69603,-95.808971,36.065940
69604,-95.808949,36.065950
69556,-95.808784,36.065965
69557,-95.808792,36.065989
69558,-95.808846,36.066158
69561,-95.808870,36.066230
69559,-95.808854,36.066182
69560,-95.808862,36.066206
69589,-95.809207,36.066666
69590,-95.809200,36.066668
69588,-95.809259,36.066796
69587,-95.809252,36.066798
69586,-95.809246,36.066845
69564,-95.809090,36.066905
69565,-95.809098,36.066930
69562,-95.809074,36.066857
69563,-95.809082,36.066881
69504,-95.807519,36.065519
69503,-95.807744,36.066004
69498,-95.808086,36.066990
69495,-95.808113,36.067069
69496,-95.808104,36.067043
69497,-95.808095,36.067016
69501,-95.807881,36.066380
69500,-95.807890,36.066407
69499,-95.807899,36.066433
69502,-95.807872,36.066354
69489,-95.807717,36.066416
69488,-95.807708,36.066390
69490,-95.807726,36.066443
69491,-95.807922,36.067026
69492,-95.807931,36.067052
69585,-95.809513,36.067414
69566,-95.809532,36.067554
69494,-95.808235,36.067832
69493,-95.808235,36.067841
69453,-95.806748,36.065738
69452,-95.806711,36.065750
69451,-95.806675,36.065763
69485,-95.807116,36.067154
69484,-95.807122,36.067174
59973,-95.806846,36.066483
59974,-95.806813,36.066499
59975,-95.806746,36.066531
59972,-95.806863,36.066633
59971,-95.806830,36.066649
69487,-95.806835,36.066685
69486,-95.806848,36.066703
69472,-95.806675,36.066735
69474,-95.806700,36.066771
69473,-95.806687,36.066753
69475,-95.806952,36.067186
69477,-95.806964,36.067227
69476,-95.806958,36.067206
69478,-95.806969,36.067247
69450,-95.806395,36.065865
69483,-95.807263,36.067689
69482,-95.807332,36.067826
69481,-95.807298,36.067827
69480,-95.807265,36.067827
69479,-95.807232,36.067828
59949,-95.805863,36.068754
59948,-95.805861,36.068768
59947,-95.805860,36.068782
59950,-95.805696,36.068736
59951,-95.805694,36.068749
59952,-95.805693,36.068763
59953,-95.805691,36.068777
58382,-95.808937,36.070782
59946,-95.805932,36.069426
59945,-95.805937,36.069479
59944,-95.805943,36.069533
59943,-95.805945,36.069592
59932,-95.805764,36.069438
59933,-95.805769,36.069491
59934,-95.805775,36.069545
59935,-95.805775,36.069592
59942,-95.805945,36.069646
59941,-95.805945,36.069700
59940,-95.805945,36.069754
59939,-95.805945,36.069807
59936,-95.805775,36.069646
59937,-95.805775,36.069700
59938,-95.805775,36.069754
69335,-95.804733,36.062177
69336,-95.804692,36.062178
69337,-95.804651,36.062178
69338,-95.804610,36.062178
69290,-95.805383,36.062487
69291,-95.805382,36.062653
69292,-95.805381,36.062819
69293,-95.805380,36.062985
69294,-95.805379,36.063150
69324,-95.804673,36.062316
69306,-95.804575,36.062364
69305,-95.804575,36.062428
69304,-95.804575,36.062492
69303,-95.804575,36.062557
69302,-95.804575,36.062621
69301,-95.804575,36.062685
69300,-95.804575,36.062749
69299,-95.804575,36.062814
69339,-95.804389,36.062179
69340,-95.804238,36.062177
69341,-95.804087,36.062175
69342,-95.803936,36.062174
69343,-95.803785,36.062172
69307,-95.804405,36.062428
69323,-95.804236,36.062315
69308,-95.804405,36.062492
69309,-95.804405,36.062557
69310,-95.804405,36.062621
69311,-95.804405,36.062685
69322,-95.803934,36.062312
69312,-95.804405,36.062814
69321,-95.803605,36.062430
69320,-95.803606,36.062493
69319,-95.803607,36.062556
69318,-95.803608,36.062620
69317,-95.803609,36.062683
69346,-95.803436,36.062495
69347,-95.803437,36.062558
69348,-95.803438,36.062622
69295,-95.805378,36.063316
69296,-95.805377,36.063482
59928,-95.804873,36.069951
59927,-95.804889,36.069976
59930,-95.804849,36.069915
59931,-95.804837,36.069897
59929,-95.804861,36.069933
59925,-95.804713,36.069999
59923,-95.804689,36.069963
59924,-95.804701,36.069981
59926,-95.804725,36.070017
59922,-95.803751,36.070422
59920,-95.803770,36.070470
59921,-95.803770,36.070470
59918,-95.803600,36.070470
59919,-95.803600,36.070470
69256,-95.811081,36.060969
59843,-95.796709,36.063000
59848,-95.796685,36.063138
59844,-95.796131,36.063008
59845,-95.796105,36.063008
59846,-95.796079,36.063009
59847,-95.796052,36.063009
61056,-95.792451,36.063169
61055,-95.792247,36.063338
61054,-95.792173,36.063334
61045,-95.790611,36.064330
61044,-95.790612,36.064374
61043,-95.790614,36.064418
60995,-95.790065,36.064071
61006,-95.790073,36.064209
61014,-95.789694,36.064792
61013,-95.789572,36.064997
61015,-95.789550,36.064650
61012,-95.789435,36.065185
61016,-95.789265,36.065119
61017,-95.789255,36.065114
61019,-95.789164,36.065229
61018,-95.789154,36.065225
61042,-95.790876,36.065443
61041,-95.790877,36.065487
61040,-95.790877,36.065531
61039,-95.790878,36.065576
61037,-95.790708,36.065555
61038,-95.790708,36.065600
61011,-95.789333,36.065337
61020,-95.789173,36.065290
61024,-95.788572,36.065789
61021,-95.788810,36.065828
61032,-95.788960,36.066273
61022,-95.788676,36.065821
61030,-95.788765,36.065964
61029,-95.788698,36.065960
61023,-95.788635,36.065807
61028,-95.788611,36.065946
61027,-95.788579,36.065937
61026,-95.788472,36.065901
61025,-95.788414,36.065874
61031,-95.788959,36.066713
74458,-95.815355,36.068927
74456,-95.817258,36.070220
74455,-95.817258,36.070242
74454,-95.817258,36.070350
74457,-95.815345,36.075357
