41201,-97.417299,35.652779
40982,-97.416161,35.652639
40983,-97.416053,35.652638
48297,-97.417779,35.656989
48298,-97.417842,35.657088
48296,-97.417717,35.656890
48309,-97.417567,35.656952
48308,-97.417629,35.657051
48307,-97.417692,35.657150
48327,-97.416517,35.657661
48312,-97.416685,35.657821
48313,-97.416695,35.657862
48314,-97.416695,35.657862
48315,-97.416695,35.657862
48316,-97.416695,35.657862
48317,-97.416695,35.657862
48318,-97.416585,35.657966
48319,-97.416585,35.657966
48320,-97.416585,35.657966
48321,-97.416585,35.657966
48322,-97.416585,35.657966
48323,-97.416585,35.657966
48324,-97.416585,35.657966
48326,-97.416516,35.657748
48325,-97.416521,35.657849
41199,-97.413965,35.653788
41198,-97.413894,35.654449
41200,-97.413893,35.654471
41197,-97.413892,35.654577
40984,-97.411621,35.652601
41195,-97.413759,35.655803
41196,-97.414135,35.657044
41194,-97.413027,35.659231
41192,-97.413043,35.659367
41191,-97.411851,35.659421
41171,-97.413895,35.660891
41170,-97.413903,35.661287
41172,-97.413729,35.661691
41169,-97.413919,35.662907
41161,-97.413751,35.662907
41173,-97.412444,35.661692
41174,-97.412058,35.661693
41175,-97.411159,35.661694
41160,-97.412444,35.661830
41159,-97.412058,35.661831
41187,-97.410593,35.656924
41188,-97.409926,35.657720
41193,-97.410631,35.659539
41182,-97.409798,35.657874
41190,-97.409737,35.658069
41189,-97.409623,35.658096
41184,-97.408961,35.656418
41185,-97.408761,35.656560
41186,-97.408437,35.657940
41183,-97.407927,35.658071
41176,-97.410902,35.661694
41177,-97.409874,35.661696
41158,-97.410902,35.661832
41162,-97.413754,35.663439
41163,-97.413757,35.663972
40985,-97.409802,35.652601
40988,-97.409178,35.652323
40989,-97.409182,35.652461
40987,-97.408855,35.652543
40986,-97.408851,35.652593
41142,-97.407121,35.655251
41181,-97.407313,35.655878
41180,-97.407322,35.658188
41143,-97.407154,35.658137
41144,-97.407154,35.658188
41128,-97.405689,35.654361
41129,-97.405489,35.654361
41127,-97.405874,35.654819
41126,-97.405874,35.655127
41139,-97.405706,35.655127
41141,-97.405874,35.655366
41140,-97.405706,35.655323
41138,-97.404454,35.654634
41134,-97.404289,35.654544
41130,-97.404253,35.654410
41131,-97.404209,35.654418
41133,-97.404218,35.654558
41132,-97.404150,35.654432
41137,-97.404454,35.654727
41135,-97.404286,35.654707
41136,-97.404286,35.654801
41178,-97.408537,35.661698
41179,-97.407316,35.660435
41156,-97.407314,35.661852
41157,-97.407314,35.661852
41145,-97.407146,35.661852
41155,-97.407314,35.662985
41154,-97.407314,35.663622
41153,-97.407314,35.663799
41146,-97.407146,35.663622
41152,-97.407314,35.664596
41151,-97.407314,35.665393
41125,-97.401559,35.655569
41124,-97.401559,35.655581
41119,-97.401731,35.656153
41120,-97.401732,35.656235
41121,-97.401732,35.656316
41123,-97.401564,35.656241
41122,-97.401735,35.656781
41118,-97.400389,35.652771
41117,-97.399104,35.652773
41116,-97.399060,35.652773
40990,-97.397783,35.652638
40991,-97.396622,35.652641
41100,-97.396164,35.653457
41101,-97.395996,35.653464
41099,-97.396164,35.654109
41102,-97.395996,35.654122
41103,-97.395996,35.654152
41098,-97.396161,35.654568
41097,-97.396154,35.655446
41104,-97.395986,35.655432
41096,-97.396148,35.656250
41095,-97.396147,35.657164
41094,-97.395876,35.658259
41105,-97.394909,35.658121
41093,-97.395109,35.658259
41109,-97.391722,35.654753
41110,-97.391722,35.654786
41108,-97.391717,35.655541
41112,-97.391554,35.654738
41111,-97.391554,35.654771
41113,-97.391549,35.655533
41092,-97.394041,35.658259
41106,-97.393441,35.658121
41091,-97.393308,35.658259
41107,-97.391714,35.656412
41088,-97.391407,35.656399
41089,-97.391551,35.657236
41090,-97.392607,35.658121
41115,-97.393385,35.652774
40992,-97.390739,35.652632
41007,-97.389336,35.652959
41006,-97.389337,35.653101
41114,-97.389506,35.653203
41005,-97.389010,35.652767
41008,-97.389346,35.654696
41009,-97.389347,35.654874
41010,-97.389355,35.656422
41011,-97.389340,35.661279
41087,-97.389497,35.665515
40996,-97.382775,35.656142
41001,-97.382775,35.656142
40999,-97.382607,35.656174
41000,-97.382611,35.656746
41012,-97.385355,35.662586
41004,-97.384918,35.652751
41003,-97.382785,35.653008
40997,-97.382617,35.652996
41002,-97.382772,35.653509
40998,-97.382603,35.653513
40993,-97.381833,35.652597
40995,-97.378280,35.652725
40994,-97.371700,35.652699
45830,-97.389496,35.669417
41014,-97.384971,35.666824
41013,-97.384804,35.666756
41015,-97.381481,35.667140
41086,-97.393893,35.667208
41016,-97.393893,35.667346
41080,-97.396783,35.668206
41073,-97.397310,35.671709
41061,-97.397430,35.671859
41074,-97.397170,35.671696
41060,-97.397150,35.671832
41081,-97.396220,35.668211
41079,-97.395695,35.668361
41028,-97.395242,35.668377
41078,-97.395706,35.668837
41027,-97.394964,35.668240
41017,-97.394910,35.668110
41018,-97.394837,35.668130
41026,-97.394891,35.668260
41077,-97.395692,35.669684
41029,-97.395499,35.669691
41076,-97.395691,35.669862
41057,-97.395530,35.669957
41030,-97.395407,35.669691
41075,-97.395727,35.670464
41058,-97.395574,35.670827
41059,-97.395519,35.671818
41047,-97.396810,35.673381
41046,-97.396304,35.673745
41048,-97.395741,35.673730
41045,-97.395751,35.673868
41049,-97.395671,35.673734
41044,-97.395704,35.673871
41043,-97.395190,35.673864
41019,-97.393968,35.668186
41020,-97.393891,35.668187
41021,-97.393815,35.668188
41025,-97.393838,35.668326
41031,-97.394310,35.669792
41056,-97.394396,35.669910
41032,-97.394231,35.669830
41024,-97.393034,35.668431
41022,-97.392977,35.668294
41023,-97.392888,35.668361
41054,-97.393746,35.670847
41033,-97.393182,35.670401
41055,-97.393571,35.670834
41034,-97.393112,35.670442
41035,-97.393041,35.670483
41053,-97.392746,35.671179
41036,-97.392578,35.671183
41037,-97.392581,35.671254
41042,-97.394400,35.673899
41052,-97.392761,35.672080
41051,-97.392762,35.672151
41050,-97.392738,35.672982
41038,-97.392593,35.672082
41039,-97.392594,35.672153
41040,-97.392570,35.672980
41041,-97.392568,35.673050
45831,-97.389497,35.670491
45832,-97.389498,35.670697
45833,-97.389499,35.671647
45834,-97.389500,35.672597
45835,-97.389501,35.673547
40773,-97.417704,35.667302
40750,-97.417519,35.667289
40751,-97.417536,35.667302
40772,-97.417704,35.667491
40752,-97.417536,35.667491
40748,-97.416624,35.667153
41148,-97.415462,35.667156
41168,-97.413927,35.664292
41167,-97.413931,35.665037
40749,-97.414836,35.667157
41164,-97.413769,35.666103
41165,-97.413775,35.667147
41166,-97.413043,35.667161
41147,-97.411611,35.667161
41149,-97.408747,35.667161
41150,-97.408031,35.667161
41082,-97.407144,35.667311
41083,-97.406825,35.667163
41084,-97.404607,35.667178
41085,-97.404103,35.667181
40771,-97.417705,35.668249
40770,-97.417705,35.668439
40753,-97.417537,35.668249
40754,-97.417537,35.668439
40769,-97.417706,35.669197
40755,-97.417538,35.669197
40768,-97.417708,35.670144
40756,-97.417540,35.670144
40767,-97.417708,35.670334
40757,-97.417540,35.670334
40766,-97.417710,35.671281
40758,-97.417541,35.671092
40765,-97.417711,35.672039
40759,-97.417543,35.672039
40764,-97.417711,35.672229
40760,-97.417543,35.672229
40763,-97.417712,35.672987
40761,-97.417544,35.672987
40762,-97.417545,35.673176
45829,-97.407312,35.677171
45828,-97.407144,35.677173
44069,-97.436542,35.656232
44110,-97.436694,35.657974
44109,-97.436694,35.658036
44108,-97.436694,35.658097
44107,-97.436694,35.658681
44106,-97.436694,35.658743
44105,-97.436694,35.658804
44074,-97.436527,35.657905
44075,-97.436526,35.657974
44076,-97.436526,35.658036
44077,-97.436526,35.658097
44078,-97.436526,35.658159
44079,-97.436526,35.658681
44080,-97.436526,35.658743
44081,-97.436526,35.658804
44082,-97.436526,35.658866
46891,-97.435908,35.660606
46890,-97.435935,35.660619
48493,-97.433412,35.654789
48492,-97.433536,35.654917
48491,-97.433392,35.655140
48494,-97.433100,35.654861
48495,-97.433082,35.654913
48490,-97.433079,35.655117
48489,-97.433030,35.655128
48498,-97.432470,35.654770
48497,-97.432467,35.654884
48496,-97.432465,35.654998
48488,-97.432522,35.655157
48487,-97.432472,35.655154
48499,-97.432304,35.654711
48500,-97.432300,35.654853
48501,-97.432263,35.655011
48486,-97.432265,35.655149
40891,-97.431667,35.654779
40889,-97.431680,35.655892
40890,-97.431680,35.655892
40888,-97.431681,35.655960
40887,-97.431694,35.656743
40886,-97.431694,35.657525
40885,-97.431694,35.657627
40884,-97.431694,35.658375
40883,-97.431694,35.658443
40882,-97.431694,35.659327
40881,-97.431694,35.659361
48473,-97.430925,35.653371
48474,-97.430866,35.653371
48475,-97.430836,35.653372
48472,-97.430998,35.653389
48440,-97.430041,35.653299
48441,-97.430042,35.653334
48442,-97.430044,35.653370
48471,-97.431141,35.654061
48470,-97.431141,35.654090
48469,-97.431142,35.654119
48465,-97.431173,35.654245
48468,-97.431143,35.654147
48467,-97.431147,35.654161
48466,-97.431156,35.654189
48457,-97.430972,35.654060
48458,-97.430973,35.654090
48459,-97.430974,35.654119
48461,-97.430983,35.654193
48462,-97.430991,35.654222
48463,-97.431000,35.654250
48460,-97.430975,35.654149
48464,-97.431009,35.654279
48476,-97.431477,35.655013
48485,-97.431483,35.655151
48477,-97.431341,35.655017
48484,-97.431347,35.655155
48478,-97.431186,35.655028
48479,-97.431078,35.655051
48480,-97.430981,35.655041
48483,-97.430913,35.655167
48481,-97.430857,35.654997
48482,-97.430789,35.655123
48456,-97.430197,35.654037
48455,-97.430197,35.654067
48454,-97.430196,35.654097
48453,-97.430195,35.654126
48443,-97.430029,35.654061
48444,-97.430028,35.654091
48445,-97.430027,35.654122
48452,-97.430194,35.654156
48451,-97.430194,35.654186
48450,-97.430182,35.654232
48449,-97.430173,35.654260
48446,-97.430026,35.654152
48447,-97.430021,35.654195
48448,-97.430011,35.654224
48438,-97.428779,35.653311
48437,-97.428779,35.653449
48439,-97.428729,35.653311
48436,-97.428722,35.653449
48435,-97.428665,35.653449
48434,-97.428608,35.653449
48433,-97.428380,35.653449
48432,-97.428347,35.653449
48431,-97.427702,35.653453
48430,-97.427669,35.653453
48420,-97.429038,35.654121
48421,-97.429001,35.654121
48419,-97.429038,35.654259
48418,-97.429001,35.654259
48410,-97.428849,35.655018
48411,-97.428807,35.654991
48412,-97.428766,35.654964
48391,-97.428745,35.655126
48413,-97.428725,35.654938
48390,-97.428703,35.655099
48389,-97.428662,35.655072
48409,-97.428954,35.655259
48408,-97.428954,35.655278
48407,-97.428954,35.655298
48406,-97.428954,35.655317
48422,-97.428340,35.654121
48423,-97.428303,35.654121
48424,-97.428266,35.654121
48425,-97.428230,35.654121
48417,-97.428340,35.654259
48416,-97.428303,35.654259
48415,-97.428266,35.654259
48414,-97.428230,35.654259
40892,-97.431512,35.655883
40893,-97.431513,35.655957
40894,-97.431515,35.656031
40895,-97.431526,35.656954
40896,-97.431526,35.657841
40897,-97.431526,35.657878
40898,-97.431526,35.658654
40899,-97.431526,35.658764
40900,-97.431526,35.659651
40901,-97.431526,35.659725
40902,-97.431526,35.659762
48405,-97.428952,35.655863
48404,-97.428951,35.655883
48403,-97.428951,35.655903
48402,-97.428950,35.655923
46950,-97.428769,35.655711
48392,-97.428783,35.655881
48393,-97.428783,35.655901
48394,-97.428782,35.655921
48395,-97.428782,35.655942
46951,-97.428723,35.655711
46952,-97.428677,35.655711
48401,-97.428943,35.656370
48400,-97.428943,35.656390
48396,-97.428775,35.656368
48399,-97.428800,35.657048
48398,-97.428765,35.657063
48397,-97.428697,35.657093
48385,-97.427466,35.655914
48386,-97.427636,35.656642
48387,-97.427636,35.656865
48388,-97.427636,35.657142
40971,-97.428994,35.659146
40970,-97.428997,35.659183
40969,-97.429021,35.659611
40972,-97.428960,35.659079
40966,-97.428854,35.659570
40967,-97.428852,35.659643
40880,-97.431694,35.660211
40879,-97.431694,35.660313
40878,-97.431689,35.662833
40903,-97.431526,35.660612
40905,-97.431526,35.660649
40904,-97.431526,35.660686
40906,-97.431526,35.661554
40916,-97.431523,35.662771
40907,-97.431176,35.662621
40909,-97.430398,35.662621
40915,-97.430398,35.662759
40908,-97.430154,35.662621
40914,-97.430176,35.662759
40968,-97.429006,35.659996
40910,-97.429156,35.662591
40911,-97.429156,35.662591
40913,-97.429193,35.662730
40912,-97.429133,35.662729
48426,-97.427242,35.654120
48427,-97.427220,35.654119
48428,-97.427199,35.654119
48375,-97.427216,35.654257
48374,-97.427195,35.654257
48373,-97.427173,35.654256
48376,-97.427350,35.654919
48383,-97.427348,35.655057
48377,-97.427323,35.654918
48378,-97.427297,35.654918
48379,-97.427270,35.654918
48382,-97.427321,35.655056
48381,-97.427295,35.655056
48380,-97.427268,35.655056
48384,-97.427381,35.655195
46953,-97.427416,35.655711
46954,-97.427383,35.655711
46955,-97.427351,35.655711
46949,-97.427449,35.655849
46948,-97.427416,35.655849
46947,-97.427383,35.655849
46946,-97.427351,35.655849
46956,-97.427318,35.655711
46945,-97.427318,35.655849
46939,-97.427057,35.656503
46957,-97.426636,35.655711
46958,-97.426603,35.655711
46944,-97.426636,35.655849
46938,-97.426764,35.656662
46937,-97.426764,35.656674
46936,-97.426764,35.656686
46940,-97.426580,35.656510
46934,-97.426596,35.656674
46935,-97.426596,35.656686
46941,-97.426542,35.656509
46942,-97.426505,35.656509
46933,-97.426538,35.656647
46960,-97.425739,35.655932
46959,-97.425606,35.655848
46961,-97.425589,35.655869
46962,-97.425565,35.655912
46943,-97.425721,35.656501
46931,-97.425707,35.656650
46930,-97.425707,35.656663
46929,-97.425708,35.656676
46926,-97.425539,35.656654
46932,-97.425539,35.656660
46927,-97.425539,35.656667
46928,-97.425540,35.656680
40973,-97.426953,35.659151
40964,-97.427239,35.659312
40965,-97.427227,35.659290
40963,-97.426953,35.659289
40974,-97.426907,35.659151
40975,-97.426861,35.659151
40962,-97.426907,35.659289
40961,-97.426861,35.659289
40976,-97.426424,35.659151
40977,-97.426378,35.659151
40978,-97.426286,35.659151
40960,-97.426424,35.659289
40959,-97.425810,35.659651
40981,-97.425074,35.656642
40980,-97.425074,35.656750
40979,-97.425074,35.656858
40958,-97.425808,35.659818
48365,-97.427708,35.653315
48366,-97.427676,35.653315
48367,-97.427643,35.653315
48429,-97.427637,35.653453
48368,-97.426482,35.653834
48369,-97.426483,35.653863
48370,-97.426484,35.653891
48371,-97.426484,35.653919
48372,-97.426485,35.653947
40877,-97.431684,35.663076
40917,-97.431509,35.663571
40918,-97.431396,35.664275
40920,-97.430593,35.664559
40923,-97.430589,35.664613
40925,-97.430584,35.665396
40926,-97.430584,35.665450
40919,-97.430429,35.664498
40921,-97.430425,35.664551
40922,-97.430421,35.664605
40924,-97.430416,35.665396
40927,-97.430416,35.665450
40928,-97.430584,35.666291
40930,-97.430584,35.666327
40929,-97.430416,35.666291
40931,-97.430416,35.666380
40937,-97.428455,35.664442
40936,-97.428474,35.664570
40938,-97.428289,35.664460
40939,-97.428302,35.664547
40940,-97.428329,35.664722
40935,-97.428476,35.665530
40934,-97.428478,35.665855
40952,-97.428310,35.665871
40933,-97.428442,35.666545
40953,-97.428284,35.666451
40956,-97.426284,35.662596
40955,-97.426278,35.662596
40954,-97.426227,35.662595
40957,-97.425723,35.662585
40944,-97.426204,35.664318
40945,-97.426036,35.664306
40943,-97.426190,35.664448
40942,-97.426268,35.664949
40941,-97.426304,35.665114
40946,-97.426223,35.665465
40951,-97.426394,35.665709
40947,-97.426226,35.665695
40950,-97.426366,35.665942
40949,-97.426364,35.665953
40948,-97.426198,35.665928
46888,-97.436160,35.660727
46889,-97.435962,35.660631
46893,-97.435880,35.660751
46892,-97.435853,35.660739
46894,-97.436068,35.660843
46909,-97.436696,35.663044
46902,-97.436597,35.662034
46903,-97.436529,35.661984
46904,-97.436485,35.662136
46913,-97.436201,35.662781
46915,-97.435658,35.662214
46922,-97.435939,35.662766
46914,-97.435879,35.662509
46910,-97.436560,35.662986
46911,-97.436424,35.662928
46867,-97.436596,35.663157
46912,-97.436317,35.662863
46923,-97.435822,35.662942
46924,-97.435703,35.665006
46917,-97.435585,35.661318
46916,-97.435634,35.661625
46918,-97.435478,35.661573
46919,-97.435459,35.661630
46920,-97.435485,35.662217
46921,-97.435648,35.662496
40874,-97.432621,35.664303
40875,-97.432621,35.664303
40873,-97.432787,35.664470
40872,-97.432798,35.664536
40870,-97.432803,35.664590
40871,-97.432630,35.664548
40868,-97.432807,35.665384
40869,-97.432639,35.665384
40867,-97.432807,35.665438
40876,-97.432518,35.664421
40866,-97.432810,35.666280
40862,-97.432810,35.666351
40865,-97.432642,35.666280
40864,-97.432642,35.666316
40863,-97.432642,35.666351
40932,-97.430584,35.666362
45671,-97.445400,35.658042
45670,-97.445425,35.658083
45669,-97.445451,35.658124
45642,-97.445250,35.658104
45643,-97.445275,35.658145
45644,-97.445301,35.658186
45668,-97.445848,35.659146
45667,-97.445852,35.659192
45666,-97.445866,35.659243
45647,-97.445698,35.659261
45645,-97.445680,35.659154
45646,-97.445684,35.659200
45651,-97.445839,35.659448
45650,-97.445787,35.659403
45648,-97.445714,35.659305
45649,-97.445754,35.659365
45641,-97.444678,35.658247
45640,-97.444144,35.658480
45636,-97.444235,35.658698
45639,-97.444167,35.658534
45638,-97.444189,35.658589
45637,-97.444212,35.658643
45630,-97.443962,35.658470
45631,-97.443984,35.658524
45632,-97.444007,35.658578
45634,-97.444052,35.658687
45635,-97.444075,35.658742
45633,-97.444029,35.658633
45510,-97.446651,35.660458
45509,-97.446642,35.660477
45498,-97.446527,35.660366
45499,-97.446495,35.660406
45500,-97.446486,35.660425
45508,-97.446648,35.660897
45507,-97.446648,35.660918
45506,-97.446649,35.660938
45505,-97.446649,35.660948
45501,-97.446480,35.660899
45502,-97.446480,35.660920
45503,-97.446481,35.660940
45504,-97.446481,35.660960
45814,-97.443474,35.657001
45812,-97.443498,35.657051
45811,-97.443510,35.657077
45813,-97.443486,35.657026
45810,-97.443522,35.657102
45816,-97.443330,35.657076
45817,-97.443342,35.657101
45818,-97.443354,35.657127
45819,-97.443366,35.657152
45809,-97.443780,35.657637
45820,-97.443624,35.657687
45821,-97.443636,35.657712
45815,-97.443318,35.657051
45300,-97.441859,35.656188
45342,-97.442619,35.657659
45341,-97.442588,35.657659
45299,-97.441856,35.656841
45822,-97.443648,35.657737
45629,-97.443442,35.658623
45628,-97.443441,35.658656
45627,-97.443441,35.658689
45626,-97.443440,35.658722
45621,-97.443274,35.658621
45622,-97.443273,35.658654
45623,-97.443273,35.658687
45624,-97.443272,35.658720
45625,-97.443440,35.658755
45328,-97.442619,35.659071
45327,-97.442619,35.659209
45326,-97.442575,35.659209
45620,-97.442804,35.659381
45304,-97.441692,35.656152
45305,-97.441688,35.656836
45306,-97.440650,35.656497
45339,-97.440482,35.656488
45340,-97.440391,35.657531
45329,-97.441538,35.659071
45325,-97.441538,35.659209
45330,-97.441495,35.659071
45324,-97.441495,35.659209
45323,-97.441452,35.659209
45322,-97.440458,35.659209
45332,-97.439262,35.657676
45315,-97.439074,35.657488
45316,-97.439094,35.657688
45331,-97.439267,35.657732
45317,-97.439164,35.658354
45318,-97.439167,35.658382
45319,-97.439211,35.659047
45320,-97.439216,35.659222
45321,-97.439216,35.659243
44096,-97.437783,35.657961
44095,-97.437782,35.658018
44094,-97.437781,35.658076
44093,-97.437780,35.658134
44092,-97.437780,35.658191
44091,-97.437773,35.658682
44090,-97.437773,35.658739
44089,-97.437772,35.658797
44088,-97.437771,35.658855
44137,-97.437591,35.657030
44136,-97.437262,35.657037
44071,-97.437037,35.657035
44070,-97.437011,35.657035
44097,-97.437633,35.657765
44099,-97.437614,35.658016
44100,-97.437613,35.658074
44101,-97.437612,35.658132
44098,-97.437270,35.657751
44102,-97.437605,35.658680
44103,-97.437605,35.658737
44072,-97.437047,35.657751
44073,-97.437019,35.657751
44104,-97.437604,35.658795
44087,-97.437608,35.659589
44086,-97.437537,35.659589
44085,-97.437466,35.659589
44084,-97.437395,35.659589
44083,-97.437324,35.659589
45619,-97.442803,35.662982
45618,-97.442801,35.663690
45352,-97.442007,35.663212
45343,-97.439903,35.660718
45348,-97.439784,35.660986
45349,-97.439791,35.661034
45347,-97.439757,35.661666
45350,-97.439871,35.661714
45351,-97.441399,35.663204
42191,-97.440033,35.661900
42198,-97.439865,35.661896
45353,-97.442631,35.664542
46863,-97.440514,35.667156
45344,-97.439636,35.660333
45345,-97.439735,35.660796
45346,-97.439565,35.660820
46881,-97.437761,35.660546
46880,-97.437764,35.660704
46879,-97.437764,35.661440
46878,-97.437764,35.661518
46877,-97.437762,35.661726
46876,-97.437754,35.662329
46875,-97.437754,35.662358
46874,-97.437756,35.662533
46873,-97.437760,35.662637
46872,-97.437770,35.663131
46882,-97.437589,35.660475
46883,-97.437596,35.660642
46884,-97.437589,35.661522
46885,-97.437466,35.661505
46897,-97.437571,35.661658
46886,-97.437357,35.661470
46887,-97.437253,35.661406
46896,-97.437410,35.661635
46895,-97.437255,35.661580
46899,-97.437485,35.662331
46900,-97.437393,35.662331
46901,-97.437302,35.662331
46898,-97.437586,35.662356
46908,-97.437549,35.662482
46907,-97.437485,35.662469
46906,-97.437393,35.662469
46905,-97.437302,35.662469
46871,-97.437764,35.664315
46870,-97.437760,35.664376
46864,-97.437594,35.664098
46865,-97.436710,35.664012
46869,-97.437568,35.665174
46868,-97.436782,35.665314
46866,-97.436644,35.663994
46925,-97.436208,35.665971
38020,-97.452871,35.659445
38019,-97.452845,35.659435
38018,-97.452819,35.659426
38033,-97.452967,35.659642
38032,-97.452963,35.659647
38031,-97.452960,35.659653
38030,-97.452957,35.659659
38025,-97.452809,35.659593
38026,-97.452806,35.659599
38027,-97.452803,35.659605
38012,-97.452715,35.659390
38023,-97.452676,35.659376
38017,-97.452793,35.659417
38016,-97.452767,35.659408
38024,-97.452728,35.659394
38013,-97.452663,35.659372
38022,-97.452624,35.659358
38014,-97.452585,35.659344
38021,-97.452572,35.659340
38015,-97.452559,35.659335
38028,-97.452800,35.659610
38029,-97.452797,35.659616
38004,-97.452013,35.658743
38005,-97.452013,35.658743
38006,-97.452013,35.658743
38007,-97.452013,35.658743
38008,-97.452013,35.658743
45693,-97.451137,35.658739
45692,-97.451137,35.658767
45691,-97.451137,35.658796
45690,-97.451137,35.658824
45718,-97.450969,35.658736
45719,-97.450969,35.658765
45720,-97.450812,35.659451
45689,-97.450949,35.659589
45688,-97.450914,35.659589
45687,-97.450795,35.659589
45721,-97.450095,35.659451
45722,-97.450061,35.659451
45723,-97.450027,35.659451
45686,-97.450095,35.659589
45685,-97.450061,35.659589
45684,-97.450027,35.659589
45752,-97.449859,35.657741
45751,-97.449859,35.657879
45753,-97.449820,35.657741
45754,-97.449782,35.657741
45755,-97.449744,35.657741
45750,-97.449820,35.657879
45749,-97.449782,35.657879
45748,-97.449725,35.657879
45744,-97.449897,35.658592
45745,-97.449868,35.658592
45743,-97.449901,35.658730
45742,-97.449872,35.658730
45746,-97.449840,35.658592
45747,-97.449811,35.658593
45741,-97.449844,35.658730
45740,-97.449801,35.658731
45735,-97.449002,35.658658
45736,-97.449044,35.658818
45737,-97.449076,35.659104
45738,-97.449076,35.659118
45739,-97.449077,35.659603
45683,-97.449058,35.659588
45682,-97.449024,35.659587
45681,-97.448990,35.659587
45733,-97.448775,35.657987
45734,-97.448888,35.658322
45725,-97.448006,35.658493
45724,-97.448018,35.658530
45729,-97.447617,35.657658
45728,-97.447619,35.657696
45730,-97.447616,35.657620
45672,-97.447448,35.657624
45673,-97.447449,35.657662
45674,-97.447451,35.657700
45657,-97.446328,35.657692
45727,-97.447620,35.657735
45726,-97.447622,35.657773
45675,-97.447452,35.657739
45676,-97.447454,35.657777
45677,-97.447844,35.658527
45678,-97.447856,35.658564
45679,-97.447868,35.658601
45680,-97.447880,35.658638
45653,-97.446869,35.658489
45654,-97.446848,35.658455
45652,-97.446891,35.658524
45665,-97.446698,35.658517
45656,-97.446342,35.657729
45655,-97.446356,35.657766
45663,-97.446182,35.657769
45662,-97.446168,35.657732
45664,-97.446196,35.657806
45483,-97.451175,35.660695
45482,-97.451125,35.661095
45481,-97.451091,35.661188
45480,-97.451057,35.661279
45478,-97.451066,35.661660
45484,-97.450594,35.660377
45485,-97.450428,35.660373
45515,-97.450424,35.660511
45486,-97.450262,35.660369
45514,-97.450258,35.660507
45487,-97.450096,35.660366
45513,-97.450092,35.660504
45479,-97.450982,35.661592
45526,-97.450902,35.661711
45516,-97.450019,35.661334
45477,-97.451165,35.662531
45476,-97.451166,35.662594
45475,-97.451167,35.662658
45537,-97.450976,35.662515
45536,-97.450917,35.662512
45527,-97.450288,35.662275
45528,-97.450233,35.662259
45529,-97.450177,35.662244
45530,-97.450121,35.662228
45534,-97.450179,35.662389
45535,-97.450234,35.662405
45533,-97.450123,35.662374
45538,-97.450706,35.663207
45539,-97.450659,35.663204
45474,-97.450694,35.663343
45473,-97.450647,35.663340
45472,-97.450585,35.663333
45540,-97.449996,35.663047
45488,-97.449929,35.660363
45512,-97.449925,35.660501
45489,-97.449763,35.660360
45511,-97.449759,35.660498
45517,-97.449831,35.661284
45518,-97.449619,35.661252
45519,-97.449521,35.661245
45525,-97.449967,35.661464
45524,-97.449779,35.661414
45523,-97.449603,35.661388
45520,-97.449414,35.661241
45521,-97.449216,35.661241
45490,-97.448630,35.660350
45491,-97.448575,35.660349
45492,-97.448539,35.660349
45493,-97.448503,35.660348
45544,-97.448647,35.660608
45545,-97.448652,35.661028
45546,-97.448653,35.661133
45522,-97.448824,35.661392
45547,-97.448656,35.661392
45548,-97.448656,35.661471
45531,-97.449577,35.662092
45532,-97.449545,35.662226
45541,-97.449953,35.663033
45542,-97.449910,35.663020
45556,-97.449936,35.663175
45555,-97.449893,35.663161
45557,-97.449669,35.663819
45558,-97.449591,35.663798
45543,-97.449441,35.662893
45554,-97.449411,35.663029
45549,-97.448656,35.662057
45550,-97.448656,35.662239
45551,-97.448656,35.662263
45552,-97.448656,35.662488
45553,-97.448656,35.662512
45467,-97.451087,35.664392
45466,-97.451094,35.664507
45465,-97.451094,35.665522
45464,-97.451094,35.665611
45463,-97.451094,35.665699
45462,-97.451094,35.665788
45470,-97.450823,35.664110
45468,-97.451008,35.664233
45469,-97.450922,35.664160
45452,-97.450862,35.664301
45451,-97.450808,35.664262
45471,-97.450714,35.664078
45453,-97.450926,35.664502
45454,-97.450926,35.665472
45455,-97.450926,35.665556
45456,-97.450926,35.665640
45446,-97.450073,35.665397
45447,-97.450025,35.665338
45445,-97.450122,35.665456
45461,-97.451094,35.665974
45460,-97.451097,35.666237
45459,-97.451098,35.666268
45457,-97.450926,35.665953
45444,-97.450827,35.665947
45458,-97.450929,35.666225
45433,-97.450918,35.666768
45432,-97.450848,35.666767
45431,-97.450778,35.666767
45434,-97.450046,35.666625
45430,-97.450044,35.666763
45450,-97.449787,35.664009
45449,-97.449759,35.664074
45448,-97.449731,35.664140
45562,-97.449627,35.663965
45563,-97.449599,35.664030
45564,-97.449571,35.664096
45565,-97.449107,35.664867
45440,-97.449836,35.665354
45443,-97.449982,35.665532
45442,-97.449933,35.665473
45441,-97.449885,35.665414
45439,-97.448983,35.665611
45438,-97.449037,35.665791
45561,-97.448766,35.664012
45559,-97.448658,35.663906
45560,-97.448501,35.664012
45566,-97.448876,35.665215
45567,-97.448815,35.665627
45435,-97.449976,35.666625
45429,-97.449974,35.666763
45437,-97.449176,35.666336
45436,-97.449178,35.666388
45568,-97.449012,35.666457
45569,-97.449014,35.666525
45570,-97.449014,35.666585
45571,-97.449002,35.666790
45593,-97.447782,35.660563
45592,-97.447782,35.660599
45494,-97.447601,35.660338
45495,-97.447568,35.660337
45496,-97.447535,35.660336
45497,-97.447503,35.660336
45594,-97.447614,35.660562
45595,-97.447614,35.660597
45591,-97.447780,35.661388
45590,-97.447780,35.661424
45589,-97.447780,35.661459
45596,-97.447612,35.661370
45597,-97.447612,35.661405
45598,-97.447612,35.661440
45588,-97.447778,35.662284
45587,-97.447778,35.662320
45599,-97.447610,35.662249
45600,-97.447610,35.662284
45601,-97.447610,35.662319
45586,-97.447778,35.662356
45585,-97.447778,35.662392
45584,-97.447776,35.663180
45583,-97.447776,35.663252
45582,-97.447775,35.663288
45602,-97.447608,35.663128
45603,-97.447608,35.663163
45604,-97.447608,35.663198
45605,-97.447608,35.663233
45581,-97.447774,35.664077
45606,-97.447606,35.664006
45607,-97.447606,35.664041
45608,-97.447606,35.664077
45609,-97.447602,35.664255
45580,-97.447832,35.665020
45579,-97.447833,35.665052
45610,-97.447660,35.664919
45611,-97.447661,35.664950
45612,-97.447663,35.664980
45578,-97.447830,35.665703
45577,-97.447830,35.665732
45576,-97.447830,35.665762
45575,-97.447830,35.665791
45613,-97.447662,35.665703
45614,-97.447662,35.665763
45615,-97.447659,35.666428
45574,-97.447827,35.666442
45573,-97.447827,35.666472
45572,-97.447827,35.666502
45616,-97.447659,35.666458
45617,-97.447659,35.666488
44579,-97.446668,35.667310
46862,-97.445700,35.667164
38133,-97.458982,35.659497
38134,-97.458957,35.659479
38136,-97.458964,35.659492
38135,-97.458966,35.659501
38137,-97.458956,35.659538
38119,-97.458935,35.659322
38120,-97.458909,35.659312
38132,-97.458934,35.659473
38131,-97.458918,35.659466
38130,-97.458893,35.659457
38148,-97.458825,35.659761
38149,-97.458825,35.659761
38150,-97.458825,35.659761
38122,-97.457953,35.658968
38121,-97.457979,35.658977
38123,-97.457928,35.658959
38124,-97.457773,35.658903
38125,-97.457721,35.658884
38129,-97.457911,35.659103
38128,-97.457885,35.659094
38127,-97.457860,35.659085
38126,-97.457834,35.659075
38147,-97.457995,35.659711
38146,-97.457979,35.659705
38145,-97.457962,35.659699
38144,-97.457945,35.659693
38143,-97.457928,35.659687
38142,-97.457911,35.659681
38141,-97.457252,35.659450
38140,-97.457235,35.659444
38139,-97.457218,35.659438
38138,-97.457202,35.659432
38151,-97.457168,35.659420
38159,-97.456669,35.658682
38158,-97.456659,35.658701
38101,-97.456515,35.658626
38102,-97.456510,35.658636
38103,-97.456505,35.658645
38104,-97.456500,35.658655
38105,-97.456494,35.658664
38106,-97.456489,35.658674
38154,-97.457066,35.659384
38155,-97.457033,35.659372
38152,-97.457134,35.659408
38153,-97.457100,35.659396
38112,-97.457017,35.659516
38118,-97.457136,35.659558
38116,-97.457102,35.659546
38117,-97.457119,35.659552
38115,-97.457085,35.659540
38114,-97.457051,35.659528
38113,-97.457034,35.659522
38157,-97.456459,35.659065
38156,-97.456449,35.659084
38078,-97.456423,35.659132
38077,-97.456418,35.659142
38076,-97.456335,35.659293
38075,-97.456315,35.659328
38074,-97.456302,35.659351
38109,-97.456063,35.659035
38108,-97.456046,35.659029
38107,-97.456029,35.659023
38079,-97.456086,35.659191
38111,-97.456069,35.659185
38110,-97.456052,35.659179
38085,-97.455912,35.659132
38080,-97.455999,35.659161
38081,-97.455982,35.659155
38082,-97.455965,35.659149
38083,-97.455947,35.659143
38084,-97.455930,35.659137
38097,-97.455684,35.659647
38096,-97.455665,35.659640
38095,-97.455645,35.659632
38100,-97.455742,35.659668
38099,-97.455722,35.659661
38098,-97.455703,35.659654
38086,-97.455303,35.658924
38087,-97.455286,35.658918
38063,-97.455251,35.658906
38062,-97.455234,35.658900
38061,-97.455216,35.658894
38094,-97.455607,35.659618
38073,-97.455600,35.659766
38072,-97.455582,35.659759
38054,-97.454474,35.658436
38055,-97.454425,35.658643
37985,-97.454306,35.658444
37984,-97.454306,35.658457
37983,-97.454271,35.658587
37982,-97.454266,35.658595
37981,-97.454261,35.658603
38068,-97.454904,35.659516
38071,-97.454912,35.659520
38070,-97.454893,35.659526
38069,-97.454874,35.659533
38093,-97.454819,35.659402
38092,-97.454762,35.659442
38091,-97.454752,35.659457
38090,-97.454742,35.659472
38089,-97.454731,35.659487
38088,-97.454721,35.659502
38067,-97.454833,35.659619
38066,-97.454823,35.659633
38065,-97.454813,35.659648
38064,-97.454803,35.659663
38045,-97.454764,35.659694
38044,-97.454747,35.659704
38053,-97.454700,35.659532
38052,-97.454690,35.659547
38051,-97.454679,35.659562
38050,-97.454669,35.659577
38048,-97.454666,35.659583
38049,-97.454659,35.659592
38047,-97.454649,35.659593
38046,-97.454632,35.659603
38056,-97.454256,35.658947
38057,-97.454247,35.658964
38058,-97.454242,35.658972
38059,-97.454228,35.658998
38060,-97.454224,35.659006
37980,-97.454093,35.658909
37979,-97.454088,35.658917
37978,-97.454074,35.658942
37977,-97.454070,35.658950
37976,-97.454065,35.658958
38043,-97.454004,35.659519
38042,-97.453967,35.659506
38041,-97.453785,35.659443
38039,-97.453590,35.659380
38040,-97.453687,35.659411
37997,-97.453201,35.658815
37996,-97.453215,35.658824
37998,-97.453169,35.658801
37999,-97.453153,35.658796
38000,-97.453138,35.658790
38001,-97.453122,35.658784
38011,-97.453115,35.658934
38010,-97.453061,35.658913
37986,-97.453282,35.659056
37987,-97.453281,35.659057
37988,-97.453281,35.659058
37989,-97.453280,35.659059
37990,-97.453279,35.659061
37991,-97.453279,35.659062
37992,-97.453278,35.659063
37993,-97.453262,35.659096
37994,-97.453261,35.659097
37995,-97.453261,35.659098
38038,-97.453493,35.659348
38037,-97.453143,35.659320
38036,-97.453111,35.659377
38035,-97.453079,35.659434
38009,-97.453025,35.658900
38034,-97.453048,35.659492
38002,-97.452573,35.658584
38003,-97.452557,35.658579
45705,-97.451152,35.655920
45704,-97.451152,35.655948
45703,-97.451152,35.655977
45702,-97.451149,35.656603
45701,-97.451145,35.657315
45700,-97.451145,35.657344
45699,-97.451145,35.657372
45698,-97.451144,35.657401
45779,-97.450971,35.655739
45780,-97.450936,35.655738
45781,-97.450901,35.655737
45706,-97.450984,35.655934
45782,-97.450867,35.655736
45707,-97.450984,35.655963
45708,-97.450981,35.656592
45709,-97.450981,35.656621
45778,-97.450104,35.655894
45777,-97.450104,35.655916
45776,-97.450104,35.655938
45775,-97.450104,35.656425
45774,-97.450104,35.656447
45773,-97.450104,35.656469
45710,-97.450977,35.657307
45711,-97.450977,35.657335
45712,-97.450977,35.657364
45713,-97.450976,35.657392
45697,-97.451141,35.658027
45696,-97.451141,35.658056
45695,-97.451141,35.658084
45694,-97.451141,35.658112
45714,-97.450973,35.658021
45715,-97.450973,35.658050
45716,-97.450973,35.658079
45717,-97.450973,35.658107
45783,-97.449921,35.655719
45784,-97.449874,35.655718
45767,-97.449936,35.655905
45768,-97.449936,35.655927
45785,-97.449827,35.655717
45786,-97.449781,35.655716
45766,-97.449823,35.655855
45769,-97.449936,35.656419
45770,-97.449936,35.656441
45771,-97.449936,35.656464
45772,-97.449936,35.656486
45787,-97.448741,35.655881
45788,-97.448707,35.655907
45765,-97.448857,35.655981
45764,-97.448823,35.656007
45763,-97.448789,35.656033
45762,-97.448755,35.656060
45789,-97.448673,35.655933
45790,-97.448639,35.655960
45791,-97.448606,35.655986
45792,-97.448572,35.656012
45759,-97.448788,35.656935
45758,-97.448890,35.657043
45757,-97.448745,35.657133
45760,-97.448643,35.657025
45761,-97.448499,35.657116
45756,-97.448651,35.657299
45732,-97.448517,35.657383
45731,-97.448499,35.657364
45795,-97.448323,35.657212
45794,-97.447925,35.656753
45793,-97.447906,35.656736
45796,-97.447645,35.657467
45797,-97.447431,35.657468
45798,-97.447385,35.657467
45799,-97.446311,35.657465
45658,-97.446314,35.657655
45659,-97.446300,35.657618
45800,-97.446267,35.657475
45661,-97.446154,35.657695
45660,-97.446140,35.657658
45801,-97.445807,35.657652
45804,-97.445187,35.657590
45803,-97.445187,35.657604
45805,-97.445019,35.657594
45806,-97.445019,35.657608
45807,-97.445020,35.657623
45808,-97.445020,35.657638
45802,-97.445321,35.657899
45823,-97.442774,35.653959
45302,-97.441862,35.655549
45303,-97.441694,35.655550
45310,-97.440033,35.654526
45309,-97.440048,35.654566
45336,-97.439888,35.654609
45308,-97.440395,35.655460
45307,-97.440411,35.655500
45337,-97.440230,35.655489
45338,-97.440246,35.655529
45301,-97.441859,35.656161
45311,-97.439698,35.654374
45312,-97.439613,35.654389
45335,-97.439677,35.654519
45334,-97.439118,35.655176
45333,-97.439117,35.655223
44147,-97.437783,35.654912
44146,-97.437782,35.654964
44145,-97.437782,35.655017
44144,-97.437782,35.655070
44143,-97.437782,35.655123
44142,-97.437779,35.655571
44141,-97.437779,35.655624
44140,-97.437779,35.655676
44130,-97.437614,35.655058
44131,-97.437614,35.655111
44132,-97.437612,35.655562
44133,-97.437611,35.655615
44134,-97.437611,35.655668
45313,-97.438942,35.655755
45314,-97.438941,35.655826
44139,-97.437776,35.656230
44138,-97.437776,35.656283
44135,-97.437611,35.655721
44153,-97.437789,35.654057
44152,-97.437789,35.654107
44151,-97.437785,35.654584
44150,-97.437784,35.654635
44149,-97.437784,35.654685
44148,-97.437784,35.654735
44154,-97.437608,35.653338
44155,-97.437505,35.653331
44156,-97.437435,35.653331
44157,-97.437366,35.653331
44122,-97.436704,35.653552
44054,-97.436501,35.653357
44053,-97.436476,35.653278
44055,-97.436536,35.653552
44123,-97.437621,35.654101
44124,-97.437617,35.654583
44125,-97.437616,35.654633
44121,-97.436704,35.654450
44120,-97.436704,35.654544
44119,-97.436704,35.654638
44126,-97.437616,35.654684
44127,-97.437616,35.654735
44128,-97.437614,35.654951
44129,-97.437614,35.655004
44118,-97.436704,35.654733
44117,-97.436704,35.654974
44116,-97.436704,35.655027
44115,-97.436704,35.655079
44114,-97.436707,35.655579
44113,-97.436707,35.655632
44056,-97.436536,35.654450
44057,-97.436536,35.654544
44058,-97.436536,35.654638
44059,-97.436536,35.654733
44060,-97.436536,35.654922
44061,-97.436536,35.654961
44062,-97.436536,35.655014
44063,-97.436536,35.655067
44064,-97.436537,35.655120
44065,-97.436539,35.655570
44066,-97.436539,35.655623
44067,-97.436539,35.655676
44112,-97.436707,35.655684
44111,-97.436708,35.655737
44068,-97.436540,35.655729
36636,-97.457606,35.653581
36638,-97.457590,35.653581
36640,-97.457575,35.653581
36642,-97.457560,35.653581
36644,-97.457545,35.653581
36646,-97.457529,35.653581
36635,-97.457606,35.653719
36637,-97.457590,35.653719
36639,-97.457575,35.653719
36641,-97.457560,35.653719
36643,-97.457545,35.653719
36645,-97.457529,35.653719
37550,-97.469124,35.658714
37549,-97.468940,35.658672
37548,-97.468899,35.658665
37386,-97.466799,35.654581
37385,-97.466757,35.654581
37384,-97.466715,35.654581
37383,-97.466694,35.654581
37382,-97.466652,35.654581
37388,-97.466757,35.654719
37389,-97.466816,35.654732
37390,-97.466816,35.654749
37391,-97.466816,35.654767
37392,-97.466816,35.654784
37387,-97.466736,35.654719
37381,-97.466715,35.654719
37380,-97.466694,35.654719
37379,-97.466673,35.654719
37378,-97.466652,35.654719
37397,-97.466590,35.655588
37396,-97.466548,35.655587
37377,-97.465754,35.654732
37376,-97.465754,35.654749
37374,-97.465527,35.654719
37373,-97.465466,35.654719
37375,-97.465445,35.654719
37372,-97.465404,35.654719
37361,-97.465527,35.655581
37362,-97.465444,35.655581
37371,-97.464542,35.654767
37370,-97.464542,35.654784
37369,-97.464542,35.654801
37368,-97.464542,35.654818
37367,-97.464541,35.654852
37366,-97.464541,35.654869
37364,-97.464541,35.654886
37363,-97.464541,35.654903
37365,-97.464373,35.654887
37395,-97.466816,35.655806
37393,-97.466817,35.655837
37394,-97.466816,35.655822
37398,-97.466546,35.655725
37399,-97.466504,35.655725
37468,-97.466785,35.656532
37467,-97.466826,35.656682
37466,-97.466811,35.656670
37465,-97.466789,35.656670
37469,-97.466743,35.656533
37470,-97.466700,35.656533
37471,-97.466679,35.656534
37472,-97.466679,35.656534
37464,-97.466726,35.656671
37473,-97.466552,35.656536
37463,-97.466598,35.656673
37462,-97.466514,35.656674
37457,-97.466826,35.656818
37458,-97.466808,35.657531
37459,-97.466765,35.657531
37456,-97.466810,35.657669
37455,-97.466767,35.657669
37460,-97.466723,35.657531
37454,-97.466725,35.657669
37453,-97.466703,35.657669
37452,-97.466640,35.657670
37461,-97.466532,35.657533
37451,-97.466597,35.657670
37547,-97.468166,35.658994
37538,-97.467996,35.658764
37539,-97.467996,35.658790
37540,-97.467997,35.658815
37541,-97.467997,35.658841
37542,-97.467997,35.658866
37543,-97.467997,35.658892
37544,-97.467998,35.658943
37545,-97.467998,35.658994
37531,-97.466957,35.658690
37529,-97.466780,35.658649
37528,-97.466788,35.658710
37527,-97.466786,35.658736
37530,-97.466738,35.658649
37483,-97.466572,35.658512
37532,-97.466955,35.658918
37533,-97.466955,35.658969
37534,-97.466956,35.659020
37526,-97.466786,35.658764
37524,-97.466786,35.658815
37525,-97.466786,35.658815
37523,-97.466787,35.658867
37522,-97.466787,35.658918
37521,-97.466787,35.658969
37520,-97.466788,35.659072
37359,-97.465586,35.655732
37474,-97.465586,35.655764
37360,-97.465485,35.655719
37475,-97.465586,35.655847
37476,-97.465586,35.655863
37477,-97.465586,35.655896
37478,-97.465586,35.655912
37442,-97.465508,35.656689
37479,-97.465444,35.656552
37480,-97.465444,35.656552
37441,-97.465467,35.656689
37440,-97.465364,35.656690
37443,-97.465586,35.656887
37444,-97.465586,35.656937
37445,-97.465586,35.656954
37446,-97.465586,35.656988
37447,-97.465586,35.657005
37448,-97.465527,35.657541
37449,-97.465507,35.657541
37450,-97.465487,35.657541
37439,-97.465322,35.656691
37438,-97.465302,35.656691
37437,-97.465281,35.656691
37404,-97.464349,35.655719
37403,-97.464367,35.655899
37402,-97.464368,35.655915
37401,-97.464368,35.655932
37400,-97.464368,35.655949
37435,-97.464545,35.656810
37436,-97.464544,35.656777
37434,-97.464545,35.656844
37433,-97.464546,35.656877
37432,-97.464546,35.656910
37431,-97.464546,35.656944
37427,-97.464376,35.656713
37428,-97.464376,35.656746
37429,-97.464376,35.656779
37430,-97.464377,35.656812
37481,-97.465754,35.657908
37482,-97.465754,35.657924
37484,-97.465754,35.657924
37499,-97.465754,35.658672
37498,-97.465754,35.658722
37497,-97.465754,35.658772
37496,-97.465755,35.658823
37495,-97.465755,35.658848
37494,-97.465755,35.658873
37493,-97.465755,35.658924
37492,-97.465756,35.658974
37491,-97.465756,35.658999
37490,-97.465756,35.659024
37489,-97.465757,35.659176
37488,-97.465758,35.659226
37487,-97.465758,35.659276
37486,-97.465758,35.659327
37485,-97.465759,35.659377
37408,-97.464287,35.655581
37409,-97.464266,35.655581
37410,-97.464225,35.655581
37411,-97.464184,35.655581
37405,-97.464287,35.655719
37406,-97.464287,35.655719
37407,-97.464204,35.655719
37424,-97.464193,35.656558
37426,-97.464274,35.656697
37425,-97.464254,35.656697
37423,-97.464152,35.656558
37422,-97.464066,35.656695
37412,-97.463324,35.655732
37413,-97.463324,35.655866
37414,-97.463324,35.656000
37415,-97.463324,35.656134
37416,-97.463324,35.656268
37417,-97.463324,35.656402
37418,-97.463324,35.656537
37419,-97.463324,35.656708
37421,-97.463139,35.656551
37420,-97.463139,35.656689
37546,-97.467989,35.659931
37500,-97.467905,35.660931
37501,-97.467842,35.660931
37502,-97.467821,35.660931
37503,-97.467800,35.660931
37504,-97.467779,35.660931
37535,-97.466962,35.660083
37536,-97.466961,35.660100
37537,-97.466960,35.660168
37506,-97.466957,35.660304
37505,-97.466957,35.660321
37518,-97.466729,35.659929
37519,-97.466767,35.660067
37507,-97.466789,35.660319
37508,-97.466788,35.660353
37509,-97.466759,35.660931
37510,-97.466739,35.660931
37511,-97.466719,35.660931
37512,-97.466700,35.660931
37513,-97.466680,35.660931
37514,-97.466661,35.660931
37517,-97.465765,35.660071
37516,-97.465769,35.660312
37515,-97.465770,35.660329
38303,-97.464489,35.660479
38302,-97.464493,35.660522
38301,-97.464493,35.660553
38300,-97.464492,35.660585
38299,-97.464491,35.660616
38322,-97.464323,35.660630
38298,-97.464476,35.661274
38297,-97.464475,35.661336
38296,-97.464474,35.661367
38304,-97.464307,35.660322
38305,-97.464242,35.660311
38306,-97.464213,35.660311
38321,-97.464233,35.660446
38320,-97.464242,35.660449
38319,-97.464213,35.660449
38307,-97.464185,35.660311
38308,-97.464156,35.660311
38309,-97.464128,35.660311
38310,-97.464099,35.660311
38318,-97.464185,35.660449
38317,-97.464156,35.660449
38316,-97.464128,35.660449
38311,-97.463558,35.660311
38315,-97.463558,35.660449
38312,-97.463529,35.660311
38313,-97.463501,35.660311
38314,-97.463529,35.660449
38323,-97.464308,35.661272
38324,-97.464306,35.661365
38325,-97.463602,35.661738
38326,-97.463584,35.661732
38327,-97.462966,35.661626
38328,-97.462914,35.661620
38202,-97.462942,35.661762
38329,-97.462861,35.661614
38330,-97.462808,35.661607
38201,-97.462890,35.661756
38200,-97.462837,35.661750
38331,-97.462756,35.661601
38199,-97.462784,35.661743
38198,-97.462732,35.661737
38197,-97.462679,35.661730
38294,-97.464242,35.662585
38295,-97.464227,35.662560
38293,-97.464257,35.662611
38292,-97.464272,35.662636
38290,-97.464302,35.662687
38291,-97.464287,35.662661
38220,-97.464075,35.662620
38221,-97.464090,35.662645
38222,-97.464105,35.662671
38223,-97.464120,35.662696
38224,-97.464135,35.662721
38219,-97.464060,35.662594
38218,-97.463560,35.661871
38217,-97.463542,35.661866
38216,-97.463135,35.661855
38215,-97.463134,35.661900
38214,-97.463134,35.661955
38213,-97.463134,35.662009
38212,-97.463134,35.662064
38211,-97.463139,35.662103
38210,-97.463154,35.662157
38203,-97.462969,35.661835
38204,-97.462966,35.661900
38205,-97.462966,35.661955
38206,-97.462966,35.662009
38207,-97.462966,35.662064
38209,-97.462990,35.662187
38208,-97.462975,35.662133
38333,-97.461645,35.661276
38332,-97.461659,35.661294
38336,-97.461601,35.661220
38335,-97.461615,35.661238
38334,-97.461630,35.661257
38340,-97.461518,35.661412
38196,-97.461596,35.661538
38337,-97.461473,35.661312
38338,-97.461488,35.661331
38339,-97.461503,35.661350
38341,-97.461486,35.661434
38342,-97.461454,35.661457
37674,-97.466996,35.663651
37673,-97.466996,35.663660
37672,-97.466996,35.663670
37671,-97.466996,35.663679
37675,-97.466828,35.663653
37676,-97.466828,35.663662
37677,-97.466828,35.663672
37678,-97.466828,35.663681
37682,-97.466062,35.663654
37681,-97.466061,35.663664
37680,-97.466061,35.663674
37679,-97.466061,35.663685
37683,-97.465894,35.663650
37684,-97.465893,35.663660
37685,-97.465893,35.663670
37686,-97.465893,35.663681
37687,-97.465302,35.663665
37688,-97.465318,35.663709
37689,-97.465323,35.663786
37690,-97.465328,35.663863
38289,-97.464484,35.663225
38288,-97.464484,35.663253
38287,-97.464484,35.663282
38286,-97.464484,35.663310
38285,-97.464484,35.663338
38284,-97.464484,35.663366
37660,-97.467629,35.664009
37659,-97.467283,35.664023
37658,-97.467110,35.664030
37657,-97.466825,35.664044
37626,-97.466810,35.664856
37625,-97.466757,35.664858
37647,-97.466747,35.664720
37648,-97.466701,35.664719
37649,-97.466647,35.664717
37624,-97.466695,35.664857
37623,-97.466641,35.664855
37656,-97.466170,35.664063
37655,-97.466136,35.664062
37654,-97.466102,35.664061
37653,-97.466068,35.664061
37652,-97.465504,35.664075
37651,-97.465504,35.664102
37650,-97.465504,35.664667
37622,-97.465505,35.664844
37621,-97.465505,35.664872
37593,-97.465505,35.664885
37592,-97.465506,35.664913
37596,-97.465386,35.665593
37597,-97.465374,35.665618
37620,-97.465524,35.665680
37619,-97.465520,35.665702
37598,-97.465350,35.665700
37599,-97.465346,35.665726
37691,-97.465331,35.663902
37692,-97.465336,35.664062
37693,-97.465336,35.664089
37694,-97.465336,35.664117
37695,-97.465336,35.664639
37696,-97.465336,35.664667
37697,-97.465337,35.664846
37698,-97.465337,35.664874
38283,-97.464484,35.664081
38282,-97.464484,35.664120
38281,-97.464484,35.664159
38280,-97.464485,35.664198
38279,-97.464485,35.664237
37594,-97.465338,35.664901
37595,-97.465338,35.664928
38278,-97.464493,35.665058
38277,-97.464493,35.665097
38276,-97.464494,35.665136
38267,-97.464325,35.665060
38268,-97.464325,35.665099
38269,-97.464326,35.665138
38275,-97.464495,35.665214
38274,-97.464495,35.665253
38273,-97.464495,35.665292
38270,-97.464326,35.665177
38271,-97.464327,35.665216
38272,-97.464327,35.665255
38225,-97.464316,35.663225
38226,-97.464316,35.663253
38227,-97.464316,35.663282
38172,-97.462354,35.663420
38171,-97.462344,35.663463
38170,-97.462335,35.663497
38169,-97.462326,35.663531
38168,-97.462317,35.663565
38167,-97.462302,35.663608
38176,-97.462240,35.662571
38177,-97.462066,35.662563
38175,-97.462248,35.662605
38174,-97.462256,35.662640
38173,-97.462264,35.662674
38179,-97.462082,35.662631
38180,-97.462090,35.662666
38181,-97.462098,35.662700
38178,-97.462074,35.662597
38182,-97.462186,35.663408
38183,-97.462180,35.663433
38184,-97.462171,35.663467
38185,-97.462162,35.663501
38186,-97.462153,35.663535
38195,-97.461215,35.662179
38194,-97.461215,35.662214
38193,-97.461215,35.662249
38192,-97.461216,35.662283
38191,-97.461216,35.662318
38343,-97.461047,35.662179
38344,-97.461047,35.662214
38345,-97.461047,35.662249
38346,-97.461048,35.662283
38347,-97.461048,35.662318
38348,-97.461048,35.662353
38190,-97.461219,35.663047
38189,-97.461219,35.663082
38349,-97.461051,35.663047
38350,-97.461051,35.663082
38188,-97.461220,35.663116
38187,-97.461220,35.663151
38351,-97.461052,35.663116
38352,-97.461052,35.663151
38228,-97.464296,35.663933
38261,-97.464316,35.664083
38262,-97.464316,35.664122
38263,-97.464316,35.664161
38264,-97.464317,35.664200
38265,-97.464317,35.664239
38266,-97.464317,35.664278
38229,-97.464044,35.663939
38230,-97.463793,35.663945
38231,-97.463523,35.663962
38232,-97.463336,35.663991
38233,-97.463330,35.663991
38234,-97.463324,35.663992
38236,-97.463358,35.664127
38235,-97.463351,35.664127
38260,-97.463534,35.664131
38259,-97.463534,35.664171
38258,-97.463534,35.664211
38257,-97.463535,35.664252
38256,-97.463535,35.664292
38237,-97.463366,35.664213
38238,-97.463367,35.664254
38239,-97.463367,35.664294
38255,-97.463544,35.665142
38240,-97.463376,35.665144
38254,-97.463544,35.665183
38253,-97.463545,35.665223
38252,-97.463545,35.665264
38241,-97.463376,35.665185
38242,-97.463377,35.665225
38243,-97.463377,35.665266
38251,-97.463550,35.666158
38244,-97.463382,35.666152
38250,-97.463548,35.666198
38249,-97.463545,35.666239
38248,-97.463542,35.666279
38245,-97.463380,35.666192
38246,-97.463377,35.666233
38247,-97.463374,35.666273
38166,-97.461600,35.664168
38165,-97.461523,35.664176
38164,-97.461446,35.664184
38163,-97.461352,35.664187
38162,-97.461274,35.664183
38161,-97.461041,35.664180
38160,-97.461017,35.664180
37719,-97.471609,35.663714
37720,-97.471609,35.663722
37721,-97.471609,35.663731
37722,-97.471609,35.663739
37723,-97.471610,35.663748
37724,-97.471610,35.663756
37725,-97.471610,35.663765
37726,-97.471611,35.663773
37727,-97.471611,35.663782
37728,-97.471611,35.663791
37729,-97.471612,35.663808
37730,-97.471612,35.663816
37551,-97.469186,35.663806
37732,-97.471714,35.664174
37734,-97.471725,35.664189
37733,-97.471720,35.664181
37731,-97.471709,35.664167
37736,-97.471737,35.664203
37735,-97.471742,35.664210
37710,-97.470442,35.664369
37711,-97.470443,35.664477
37712,-97.470444,35.664504
37713,-97.470444,35.664531
37714,-97.470444,35.664558
37715,-97.470449,35.665046
37716,-97.470449,35.665073
37717,-97.470449,35.665100
37718,-97.470450,35.665127
37709,-97.470450,35.665154
37708,-97.470450,35.665181
37552,-97.469190,35.664608
37553,-97.469190,35.664625
37554,-97.469190,35.664642
37555,-97.469191,35.664660
37556,-97.469191,35.664677
37557,-97.469191,35.664712
37558,-97.469191,35.664730
37559,-97.469191,35.664747
37560,-97.469191,35.664764
37561,-97.468819,35.666259
37562,-97.468788,35.666260
37563,-97.468758,35.666262
37564,-97.468727,35.666263
37666,-97.467991,35.663664
37665,-97.467990,35.663671
37664,-97.467990,35.663679
37663,-97.467990,35.663686
37667,-97.467823,35.663660
37668,-97.467822,35.663667
37669,-97.467822,35.663675
37670,-97.467822,35.663682
37662,-97.468089,35.664008
37640,-97.468354,35.664829
37639,-97.468354,35.664843
37638,-97.468354,35.664856
37637,-97.468354,35.664870
37636,-97.468354,35.664884
37641,-97.468137,35.664656
37642,-97.468083,35.664658
37643,-97.468030,35.664661
37644,-97.467923,35.664666
37630,-97.467986,35.664801
37629,-97.467933,35.664804
37661,-97.467803,35.664003
37645,-97.467869,35.664668
37646,-97.467816,35.664671
37628,-97.467879,35.664806
37627,-97.467826,35.664809
37635,-97.468354,35.664897
37634,-97.468354,35.664911
37633,-97.468354,35.664925
37632,-97.468354,35.664938
37631,-97.468355,35.664944
37583,-97.468303,35.665444
37582,-97.468335,35.665581
37584,-97.468218,35.665445
37585,-97.468161,35.665447
37581,-97.468279,35.665582
37580,-97.468222,35.665583
37586,-97.468076,35.665448
37579,-97.468137,35.665585
37578,-97.468080,35.665586
37587,-97.468019,35.665449
37577,-97.467995,35.665588
37588,-97.466998,35.665470
37589,-97.466942,35.665471
37576,-97.467002,35.665608
37575,-97.466917,35.665609
37590,-97.466856,35.665473
37591,-97.466800,35.665474
37574,-97.466860,35.665611
37573,-97.466804,35.665612
37572,-97.466719,35.665613
37565,-97.467629,35.666307
37566,-97.467538,35.666311
37567,-97.467477,35.666313
37705,-97.467406,35.666473
37706,-97.467406,35.666476
37704,-97.467406,35.666479
37703,-97.467406,35.666482
37568,-97.467219,35.666321
37569,-97.467171,35.666321
37570,-97.467140,35.666321
37699,-97.467238,35.666477
37700,-97.467238,35.666483
37701,-97.467238,35.666486
37702,-97.467238,35.666489
37571,-97.466542,35.666321
37615,-97.466511,35.666321
37614,-97.466464,35.666474
37613,-97.466464,35.666480
37612,-97.466464,35.666483
37616,-97.466284,35.666315
37617,-97.466248,35.666313
37618,-97.466178,35.666309
37608,-97.466296,35.666474
37609,-97.466296,35.666480
37610,-97.466296,35.666483
37611,-97.466296,35.666486
37607,-97.466153,35.666446
37606,-97.465525,35.666539
37605,-97.465525,35.666568
37600,-97.465356,35.666437
37601,-97.465356,35.666482
37602,-97.465357,35.666511
37603,-97.465357,35.666541
37604,-97.465357,35.666570
40861,-97.428604,35.667322
40860,-97.428604,35.667367
40774,-97.428436,35.667322
40775,-97.428436,35.667367
40859,-97.428339,35.668455
40776,-97.428175,35.668427
40777,-97.428163,35.668472
40858,-97.428327,35.668500
40857,-97.428319,35.668541
40778,-97.428153,35.668523
40856,-97.428234,35.669584
40855,-97.428234,35.669628
40854,-97.428234,35.669674
40779,-97.428066,35.669580
40780,-97.428066,35.669628
40781,-97.428066,35.669674
40853,-97.428234,35.670729
40852,-97.428234,35.670775
40851,-97.428233,35.670962
40782,-97.428066,35.670729
40783,-97.428066,35.670775
40784,-97.428065,35.670962
40850,-97.428229,35.671497
40849,-97.428229,35.671521
40848,-97.428229,35.671544
40785,-97.428061,35.671497
40786,-97.428061,35.671521
40787,-97.428061,35.671544
40844,-97.428505,35.673043
40843,-97.428512,35.673060
40847,-97.428225,35.672080
40788,-97.428057,35.672080
40840,-97.428345,35.673085
40845,-97.428132,35.672727
40846,-97.428116,35.672715
40839,-97.428004,35.672817
40789,-97.427839,35.672712
40790,-97.427794,35.672750
40842,-97.428359,35.673119
40841,-97.428352,35.673102
47124,-97.426345,35.668034
47125,-97.426320,35.668037
47123,-97.426367,35.668170
47122,-97.426342,35.668173
47126,-97.425720,35.668068
47127,-97.425694,35.668068
47121,-97.425724,35.668206
47120,-97.425698,35.668206
47116,-97.426078,35.669719
47117,-97.426058,35.669719
47115,-97.426097,35.669857
47114,-97.426076,35.669857
47118,-97.425564,35.669715
47119,-97.425543,35.669714
47113,-97.425562,35.669853
47109,-97.426019,35.671391
47110,-97.426000,35.671391
47108,-97.426019,35.671529
47111,-97.425559,35.671391
47112,-97.425541,35.671391
47107,-97.425559,35.671529
47106,-97.425541,35.671529
40820,-97.424925,35.668472
40821,-97.424924,35.668564
40817,-97.424829,35.668321
40822,-97.424916,35.669862
40818,-97.423880,35.668321
40819,-97.423880,35.668459
40823,-97.424920,35.670627
40824,-97.424920,35.670659
40825,-97.424924,35.671593
40826,-97.424924,35.671645
40791,-97.426200,35.672940
40792,-97.426155,35.672939
40838,-97.426381,35.673111
40832,-97.426213,35.673109
40837,-97.426378,35.673409
40836,-97.426378,35.673422
40833,-97.426210,35.673407
40834,-97.426210,35.673420
40835,-97.426210,35.673432
40793,-97.424838,35.673148
40794,-97.424834,35.673286
40795,-97.424771,35.673285
40816,-97.422735,35.668454
40815,-97.422725,35.668490
40813,-97.422720,35.668509
40812,-97.422715,35.668527
40814,-97.422656,35.669444
40811,-97.422647,35.669481
40809,-97.422481,35.669455
40810,-97.422639,35.669518
40807,-97.422630,35.669555
40806,-97.422428,35.670409
40808,-97.422271,35.670346
40805,-97.422208,35.671338
40804,-97.422051,35.671275
40803,-97.421998,35.672230
40827,-97.424925,35.674234
40828,-97.424925,35.674272
40796,-97.423326,35.673263
40797,-97.423201,35.673261
40802,-97.421832,35.672204
40801,-97.421551,35.673236
40798,-97.421270,35.673095
40800,-97.421268,35.673233
40799,-97.421255,35.673233
47097,-97.431088,35.675101
47098,-97.430848,35.675103
47096,-97.431090,35.675239
47095,-97.431042,35.675239
47094,-97.430850,35.675241
47099,-97.429889,35.675112
47100,-97.429553,35.675116
47093,-97.429891,35.675250
47092,-97.429555,35.675254
47101,-97.428546,35.675126
47091,-97.428548,35.675264
47102,-97.427492,35.675136
47075,-97.431048,35.676522
47074,-97.431050,35.676660
47076,-97.430930,35.676523
47073,-97.430932,35.676661
47077,-97.430812,35.676524
47071,-97.431061,35.678061
47070,-97.431059,35.678199
47072,-97.430945,35.678059
47069,-97.430943,35.678197
47068,-97.430827,35.678196
47078,-97.430049,35.676558
47079,-97.429883,35.676626
47067,-97.430070,35.678168
47066,-97.429925,35.678125
47044,-97.431063,35.679764
47045,-97.430938,35.679355
47046,-97.430359,35.679343
47053,-97.430361,35.679481
47047,-97.429805,35.679347
47052,-97.429807,35.679485
47048,-97.429716,35.679347
47080,-97.428734,35.677303
47081,-97.428262,35.676706
47082,-97.428102,35.676750
47083,-97.428129,35.676815
47065,-97.428264,35.677452
47064,-97.428261,35.677553
47084,-97.428076,35.677304
47062,-97.428096,35.677452
47061,-97.428082,35.677442
47063,-97.428093,35.677537
47049,-97.429251,35.679350
47051,-97.429175,35.679488
47050,-97.428697,35.679353
47043,-97.431288,35.680752
47042,-97.431290,35.680890
47054,-97.430495,35.680758
47090,-97.427374,35.675275
47103,-97.427252,35.675138
47104,-97.426293,35.675148
47089,-97.426295,35.675286
47105,-97.426101,35.675150
47088,-97.425104,35.675412
47085,-97.426796,35.677365
47060,-97.426749,35.677666
47086,-97.426306,35.676580
47087,-97.426161,35.676578
47056,-97.426302,35.676718
47055,-97.426157,35.676716
47057,-97.426355,35.677828
47058,-97.426307,35.677862
47059,-97.426417,35.677966
40829,-97.424936,35.676547
40830,-97.424956,35.680672
46988,-97.440938,35.671031
46972,-97.441127,35.671286
46973,-97.440957,35.671183
46974,-97.440959,35.671288
46976,-97.440962,35.671394
46975,-97.440960,35.671341
46977,-97.440964,35.671499
46989,-97.440377,35.671035
46987,-97.439841,35.671178
46986,-97.439818,35.671277
46985,-97.439815,35.671360
46984,-97.439816,35.671433
46969,-97.441796,35.672454
46968,-97.441802,35.672592
46970,-97.441760,35.672455
46971,-97.441724,35.672456
46967,-97.441766,35.672593
46966,-97.441353,35.672616
46965,-97.441361,35.672690
46964,-97.441370,35.672765
46978,-97.441185,35.672628
46979,-97.441193,35.672702
46980,-97.441202,35.672777
47029,-97.441449,35.673706
47028,-97.441448,35.673720
47026,-97.441281,35.673698
47027,-97.441280,35.673712
46983,-97.440117,35.672184
46982,-97.440124,35.672267
46981,-97.440132,35.672350
47002,-97.439949,35.672194
47003,-97.440053,35.673164
47025,-97.440215,35.673371
47024,-97.440215,35.673407
47016,-97.440047,35.673373
47017,-97.440047,35.673409
47023,-97.440021,35.673979
47018,-97.439937,35.673842
47022,-97.439981,35.673979
47021,-97.439941,35.673980
47032,-97.440316,35.675431
46991,-97.439452,35.671038
46992,-97.439264,35.671037
46993,-97.439014,35.671035
46994,-97.438826,35.671034
46990,-97.439640,35.671040
46998,-97.439650,35.671273
46999,-97.439649,35.671315
47000,-97.439647,35.671356
47001,-97.439650,35.671451
46997,-97.439271,35.671175
46996,-97.439018,35.671173
46995,-97.438828,35.671172
47005,-97.438964,35.672232
47004,-97.438964,35.672272
47006,-97.438796,35.672232
47007,-97.438796,35.672272
47008,-97.438796,35.672312
47009,-97.438796,35.672353
47015,-97.438965,35.672891
47014,-97.438965,35.672929
47010,-97.438797,35.672893
47011,-97.438797,35.672931
47020,-97.439522,35.673989
47019,-97.439482,35.673989
47012,-97.438806,35.673377
47013,-97.438807,35.673416
47038,-97.440634,35.676734
47033,-97.440356,35.676943
47037,-97.440566,35.676856
47034,-97.440373,35.679968
47035,-97.440376,35.680168
47036,-97.440547,35.680367
46042,-97.406844,35.681870
46041,-97.405885,35.681873
46040,-97.405809,35.681873
46039,-97.401792,35.681886
46038,-97.400833,35.681752
46037,-97.400833,35.681890
46036,-97.398054,35.681899
45836,-97.389502,35.675860
45837,-97.389310,35.680776
46033,-97.391992,35.681925
45838,-97.389289,35.681800
45839,-97.389138,35.681798
46012,-97.388985,35.681935
46011,-97.388960,35.681935
46010,-97.388934,35.681934
46009,-97.388909,35.681934
46035,-97.393253,35.681780
46034,-97.392851,35.681921
45881,-97.378501,35.675056
45882,-97.378379,35.674962
45880,-97.378413,35.675130
45879,-97.378311,35.675206
45874,-97.379485,35.676325
45873,-97.379564,35.676483
45875,-97.379392,35.676451
45872,-97.379467,35.677244
45871,-97.379453,35.677322
45876,-97.379294,35.677269
45877,-97.379176,35.677980
45886,-97.378640,35.677482
45870,-97.379098,35.678620
45968,-97.378981,35.678516
45969,-97.378893,35.678632
45869,-97.379153,35.678952
45868,-97.379201,35.679086
45867,-97.379175,35.679088
45970,-97.378538,35.678813
45866,-97.378510,35.679017
45862,-97.379621,35.680758
45861,-97.379689,35.680833
45859,-97.379485,35.680839
45860,-97.379553,35.680915
45863,-97.378546,35.680649
45864,-97.378346,35.680651
45858,-97.378541,35.680787
45857,-97.378309,35.680789
45883,-97.378291,35.675036
45884,-97.378207,35.675098
45878,-97.377771,35.675812
45885,-97.377607,35.675780
45890,-97.375709,35.675059
45891,-97.375658,35.675099
45889,-97.375678,35.675312
45892,-97.375512,35.675284
45888,-97.375445,35.676047
45893,-97.375291,35.675989
45899,-97.373612,35.675222
45898,-97.373572,35.675356
45900,-97.373532,35.675205
45897,-97.373518,35.675345
45901,-97.373397,35.675180
45902,-97.373263,35.675156
45896,-97.373254,35.675294
45895,-97.372854,35.675794
45904,-97.372690,35.675766
45903,-97.372629,35.675511
45967,-97.377348,35.676920
45961,-97.377164,35.676880
45887,-97.376889,35.676726
45966,-97.377232,35.677758
45965,-97.377160,35.677859
45962,-97.377074,35.677712
45963,-97.377050,35.677755
45964,-97.377129,35.677880
45971,-97.378231,35.679017
45972,-97.377823,35.679315
45973,-97.377556,35.679572
45960,-97.376177,35.677017
45894,-97.375007,35.676892
45955,-97.374994,35.677044
45959,-97.375060,35.677585
45958,-97.375056,35.677638
45956,-97.374892,35.677575
45957,-97.374888,35.677628
45977,-97.375061,35.679525
45978,-97.374909,35.679439
45979,-97.374895,35.679501
45976,-97.375054,35.680091
45980,-97.374914,35.680167
45865,-97.377441,35.680651
45974,-97.377180,35.680649
45997,-97.377178,35.680787
45975,-97.376177,35.680641
45996,-97.376225,35.680779
45995,-97.376166,35.680779
45981,-97.375003,35.680646
45994,-97.375107,35.680787
45993,-97.374997,35.680784
45992,-97.374888,35.680781
45954,-97.372924,35.676682
45953,-97.372920,35.676761
45947,-97.372756,35.676682
45948,-97.372754,35.676743
45952,-97.372838,35.677370
45951,-97.372846,35.677432
45950,-97.372853,35.677460
45949,-97.372682,35.677460
45984,-97.372894,35.679661
45985,-97.372726,35.679612
45986,-97.372726,35.679661
45983,-97.372894,35.680156
45982,-97.372898,35.680206
45987,-97.372726,35.680164
45988,-97.372730,35.680214
45991,-97.373996,35.680764
45998,-97.373912,35.681804
45990,-97.372784,35.680774
45989,-97.372776,35.680776
45841,-97.387956,35.681788
45842,-97.387780,35.681787
45843,-97.386698,35.681777
45844,-97.386623,35.681777
45845,-97.386548,35.681776
46007,-97.386722,35.681916
46006,-97.386520,35.681914
45846,-97.385517,35.681767
45847,-97.385441,35.681767
46005,-97.385439,35.681905
46004,-97.385288,35.681903
45848,-97.384259,35.681756
45849,-97.384184,35.681756
46003,-97.384232,35.681894
45850,-97.383002,35.681746
45851,-97.382927,35.681745
46002,-97.383000,35.681884
45852,-97.382851,35.681744
45853,-97.382776,35.681744
45854,-97.381745,35.681735
45855,-97.381669,35.681734
45856,-97.381594,35.681734
46001,-97.381743,35.681873
46000,-97.381642,35.681872
45999,-97.381617,35.681872
46032,-97.389474,35.683200
45840,-97.388031,35.681789
46008,-97.387929,35.681926
46048,-97.406212,35.683181
46049,-97.406166,35.683181
46047,-97.406439,35.683380
46046,-97.406438,35.683428
46045,-97.406437,35.683476
46044,-97.406422,35.684083
46065,-97.406238,35.683933
46072,-97.406242,35.684071
46043,-97.406420,35.684183
46071,-97.406166,35.684072
46066,-97.406012,35.683938
46050,-97.405689,35.683181
46051,-97.405598,35.683181
46064,-97.405689,35.683319
46063,-97.405643,35.683319
46052,-97.405552,35.683181
46067,-97.405937,35.683940
46070,-97.405941,35.684078
46068,-97.405299,35.683954
46069,-97.405303,35.684092
46053,-97.404899,35.683260
46054,-97.404851,35.683299
46055,-97.404804,35.683338
46056,-97.404757,35.683377
46057,-97.404710,35.683416
46058,-97.404199,35.683873
46059,-97.404132,35.683930
46060,-97.404066,35.683988
46061,-97.403999,35.684046
46062,-97.403933,35.684104
46090,-97.406414,35.684862
46073,-97.406230,35.684711
46088,-97.406228,35.684849
46074,-97.406124,35.684709
46087,-97.406122,35.684847
46075,-97.406019,35.684708
46086,-97.406017,35.684846
46076,-97.405913,35.684707
46085,-97.405911,35.684845
46084,-97.405806,35.684844
46077,-97.404807,35.684697
46083,-97.404910,35.684836
46082,-97.404805,35.684835
46078,-97.404702,35.684697
46081,-97.404700,35.684835
46079,-97.404596,35.684696
46080,-97.404594,35.684834
46963,-97.442623,35.669927
47379,-97.442786,35.671500
47378,-97.442789,35.672800
47377,-97.442805,35.673741
47376,-97.442832,35.675246
47030,-97.442651,35.674560
47039,-97.442685,35.676578
47041,-97.442688,35.677743
47040,-97.442678,35.678521
45825,-97.432204,35.681645
45826,-97.432155,35.681644
45827,-97.432146,35.681644
47031,-97.440551,35.681621
45824,-97.439440,35.681621
36727,-97.471838,35.667368
36726,-97.470526,35.667401
36725,-97.470524,35.667428
36724,-97.470524,35.667441
36722,-97.470358,35.667395
36723,-97.470356,35.667422
