64482,-95.801494,36.041800
64483,-95.801420,36.041801
64381,-95.800483,36.040248
64456,-95.800532,36.040385
64455,-95.800485,36.040386
64382,-95.800435,36.040248
64383,-95.800387,36.040249
64454,-95.800437,36.040386
64453,-95.800389,36.040387
64384,-95.799433,36.040229
64452,-95.799427,36.040367
64385,-95.799385,36.040227
64386,-95.799337,36.040226
64451,-95.799379,36.040365
64450,-95.799331,36.040364
64390,-95.798996,36.040189
64387,-95.799289,36.040225
64388,-95.799241,36.040224
64449,-95.799283,36.040363
64448,-95.799235,36.040362
64447,-95.799188,36.040361
64389,-95.799167,36.040203
64391,-95.798999,36.040213
64357,-95.798200,36.040379
64356,-95.798201,36.040406
64338,-95.798029,36.040356
64339,-95.798031,36.040410
64437,-95.800657,36.041011
64438,-95.800604,36.041011
64410,-95.800657,36.041149
64409,-95.800604,36.041149
64439,-95.800552,36.041011
64440,-95.800500,36.041011
64408,-95.800552,36.041149
64407,-95.800500,36.041149
64484,-95.800327,36.041754
64441,-95.799455,36.040990
64406,-95.799449,36.041128
64442,-95.799403,36.040988
64443,-95.799351,36.040987
64444,-95.799298,36.040985
64405,-95.799397,36.041126
64404,-95.799345,36.041125
64485,-95.800244,36.041753
64486,-95.800202,36.041752
64505,-95.800240,36.041891
64504,-95.800198,36.041890
64487,-95.799390,36.041781
64488,-95.799348,36.041781
64489,-95.799306,36.041781
64503,-95.799369,36.041919
64502,-95.799327,36.041919
64445,-95.799246,36.040984
64446,-95.799194,36.040983
64403,-95.799292,36.041123
64402,-95.799240,36.041122
64401,-95.799188,36.041121
64392,-95.799005,36.040869
64393,-95.799005,36.040894
64394,-95.799005,36.040918
64395,-95.799005,36.040942
64396,-95.799005,36.040967
64397,-95.798980,36.041687
64398,-95.798979,36.041713
64490,-95.799265,36.041781
64491,-95.799223,36.041781
64492,-95.799181,36.041781
64501,-95.799286,36.041919
64500,-95.799244,36.041919
64499,-95.799202,36.041919
64498,-95.799161,36.041919
64399,-95.798978,36.041739
64400,-95.798978,36.041765
64497,-95.798584,36.041908
64496,-95.798568,36.041908
64355,-95.798206,36.040999
64354,-95.798205,36.041026
64353,-95.798204,36.041053
64352,-95.798203,36.041080
64340,-95.798036,36.040995
64341,-95.798035,36.041022
64342,-95.798034,36.041049
64343,-95.798033,36.041076
64351,-95.798181,36.041669
64350,-95.798180,36.041696
64349,-95.798179,36.041723
64344,-95.798011,36.041665
64345,-95.798010,36.041692
64346,-95.798009,36.041719
64348,-95.798178,36.041750
64495,-95.798204,36.041901
64494,-95.798189,36.041901
64347,-95.798008,36.041746
64361,-95.799224,36.039612
64360,-95.799170,36.039618
64331,-95.798311,36.039589
64332,-95.798280,36.039590
64333,-95.798248,36.039592
64334,-95.798216,36.039594
64335,-95.798185,36.039596
64359,-95.798228,36.039732
64358,-95.798197,36.039734
64325,-95.799434,36.039462
64365,-95.799430,36.039600
64326,-95.799379,36.039461
64327,-95.799313,36.039465
64364,-95.799375,36.039599
64363,-95.799333,36.039601
64328,-95.799258,36.039471
64329,-95.799204,36.039476
64362,-95.799278,36.039607
64330,-95.799150,36.039482
64336,-95.797581,36.039633
64337,-95.797564,36.039635
64316,-95.801761,36.039465
64317,-95.801725,36.039465
64318,-95.801690,36.039466
64319,-95.801655,36.039466
64320,-95.801619,36.039467
64374,-95.801727,36.039603
64373,-95.801692,36.039604
64372,-95.801657,36.039604
64371,-95.801621,36.039605
64321,-95.801584,36.039467
64370,-95.801586,36.039605
64463,-95.801870,36.040371
64375,-95.801826,36.040232
64376,-95.801778,36.040231
64462,-95.801822,36.040370
64461,-95.801774,36.040369
64460,-95.801730,36.040369
64377,-95.801728,36.040231
64378,-95.801680,36.040232
64379,-95.801632,36.040232
64459,-95.801682,36.040370
64458,-95.801634,36.040370
64380,-95.801584,36.040233
64457,-95.801586,36.040371
64431,-95.802072,36.041013
64432,-95.802020,36.041012
64433,-95.801967,36.041012
64434,-95.801915,36.041011
64435,-95.801862,36.041011
64436,-95.801810,36.041011
64322,-95.800788,36.039477
64323,-95.800753,36.039478
64324,-95.800717,36.039478
64369,-95.800808,36.039615
64368,-95.800772,36.039616
64367,-95.800737,36.039616
64366,-95.800702,36.039617
64724,-95.804461,36.040612
64726,-95.804301,36.040467
64725,-95.804319,36.040484
64728,-95.803857,36.039944
64727,-95.803864,36.039959
64309,-95.803699,36.039992
64308,-95.803692,36.039978
64310,-95.803706,36.040007
64314,-95.802886,36.040146
64313,-95.802895,36.040171
64467,-95.803071,36.040380
64466,-95.803038,36.040384
64311,-95.802913,36.040222
64312,-95.802904,36.040196
64465,-95.803005,36.040387
64464,-95.802961,36.040389
64315,-95.802877,36.040121
64721,-95.804667,36.040716
64722,-95.804650,36.040730
64723,-95.804612,36.040743
64424,-95.803497,36.041107
64423,-95.803446,36.041116
64422,-95.803395,36.041125
64468,-95.803898,36.041655
64469,-95.803828,36.041675
64470,-95.803758,36.041696
64471,-95.803688,36.041716
64517,-95.803954,36.041785
64516,-95.803814,36.041826
64515,-95.803744,36.041846
64514,-95.803661,36.041867
64472,-95.803629,36.041733
64473,-95.803556,36.041744
64513,-95.803588,36.041878
64474,-95.803483,36.041756
64475,-95.803410,36.041767
64512,-95.803515,36.041890
64511,-95.803442,36.041901
64425,-95.803359,36.040991
64426,-95.803308,36.040999
64421,-95.803344,36.041133
64420,-95.803293,36.041142
64427,-95.803257,36.041008
64428,-95.803218,36.041012
64429,-95.803165,36.041014
64419,-95.803228,36.041150
64418,-95.803175,36.041152
64430,-95.803113,36.041017
64417,-95.803123,36.041155
64476,-95.803343,36.041775
64477,-95.803269,36.041782
64510,-95.803363,36.041911
64509,-95.803289,36.041918
64416,-95.802070,36.041151
64415,-95.802018,36.041150
64414,-95.801965,36.041150
64720,-95.804819,36.040787
64719,-95.804802,36.040801
64718,-95.804785,36.040814
64717,-95.804768,36.040828
64716,-95.804751,36.040842
64520,-95.805550,36.041974
64521,-95.805559,36.041988
64518,-95.805219,36.041519
64519,-95.805230,36.041530
64572,-95.804693,36.042407
64571,-95.804624,36.042425
64570,-95.804555,36.042443
64569,-95.804486,36.042461
64568,-95.804417,36.042480
64567,-95.804347,36.042498
64566,-95.804278,36.042516
64565,-95.804209,36.042535
64564,-95.804140,36.042553
64563,-95.804071,36.042571
64562,-95.804002,36.042590
64561,-95.803933,36.042608
64522,-95.803841,36.042488
64523,-95.803713,36.042522
64524,-95.803584,36.042556
64525,-95.803456,36.042590
64613,-95.804595,36.043242
64577,-95.804466,36.043129
64612,-95.804512,36.043261
64611,-95.804429,36.043280
64578,-95.804383,36.043148
64579,-95.804300,36.043168
64580,-95.804217,36.043187
64581,-95.804134,36.043206
64582,-95.804051,36.043225
64583,-95.803965,36.043247
64610,-95.804346,36.043300
64609,-95.804263,36.043319
64608,-95.804180,36.043338
64607,-95.804097,36.043357
64606,-95.804019,36.043377
64605,-95.803937,36.043400
64584,-95.803883,36.043270
64585,-95.803801,36.043292
64604,-95.803855,36.043422
64586,-95.803720,36.043314
64603,-95.803774,36.043444
64602,-95.803692,36.043466
64587,-95.803638,36.043336
64588,-95.803556,36.043359
64601,-95.803610,36.043489
64600,-95.803528,36.043511
64589,-95.803474,36.043381
64619,-95.804121,36.044032
64620,-95.804039,36.044054
64621,-95.803957,36.044075
64622,-95.803876,36.044097
64623,-95.803794,36.044119
64624,-95.803712,36.044141
64625,-95.803630,36.044163
64626,-95.803548,36.044185
64526,-95.803327,36.042624
64527,-95.803199,36.042658
64528,-95.803071,36.042692
64529,-95.802942,36.042726
64478,-95.801791,36.041798
64508,-95.801645,36.041937
64530,-95.802817,36.042757
64531,-95.802686,36.042785
64532,-95.802555,36.042814
64560,-95.802539,36.042959
64534,-95.802407,36.042828
64533,-95.802409,36.042833
64559,-95.802469,36.042975
64535,-95.802243,36.042860
64536,-95.802245,36.042865
64558,-95.802147,36.043040
64557,-95.801900,36.043090
64556,-95.801626,36.043099
64627,-95.803466,36.044207
64413,-95.801913,36.041149
64412,-95.801860,36.041149
64411,-95.801808,36.041149
64479,-95.801717,36.041799
64480,-95.801643,36.041799
64481,-95.801568,36.041800
64507,-95.801570,36.041938
64506,-95.801496,36.041938
64540,-95.801370,36.042526
64539,-95.801369,36.042553
64538,-95.801368,36.042580
64537,-95.801361,36.042747
64555,-95.801371,36.043099
64590,-95.801758,36.043759
64591,-95.801672,36.043758
64592,-95.801585,36.043756
64593,-95.801499,36.043754
64594,-95.801413,36.043753
64637,-95.801893,36.044590
64599,-95.801754,36.043897
64598,-95.801668,36.043896
64597,-95.801581,36.043894
64596,-95.801495,36.043892
64595,-95.801409,36.043891
64628,-95.801710,36.044460
64629,-95.801624,36.044464
64636,-95.801720,36.044598
64635,-95.801634,36.044602
64630,-95.801538,36.044467
64631,-95.801462,36.044470
64634,-95.801548,36.044605
64633,-95.801452,36.044608
64632,-95.801366,36.044604
64541,-95.801202,36.042522
64542,-95.801201,36.042548
64543,-95.801200,36.042574
64544,-95.801187,36.042941
64545,-95.801190,36.043115
64546,-95.801200,36.043323
64548,-95.801221,36.043740
64547,-95.801210,36.043531
64549,-95.801196,36.044332
64550,-95.801195,36.044355
64551,-95.801193,36.044377
64552,-95.801192,36.044399
64553,-95.801191,36.044421
64554,-95.801190,36.044444
64708,-95.805702,36.043618
64707,-95.805701,36.043638
64706,-95.805700,36.043659
64705,-95.805699,36.043680
64614,-95.805531,36.043663
60705,-95.805987,36.044116
60706,-95.805955,36.044126
64700,-95.806010,36.044536
64702,-95.806007,36.044537
64701,-95.806066,36.044666
64703,-95.806063,36.044667
64704,-95.805882,36.044125
64664,-95.805348,36.044607
64652,-95.805335,36.044608
64665,-95.805322,36.044609
64663,-95.805362,36.044744
64699,-95.805350,36.044745
64662,-95.805337,36.044746
64698,-95.805325,36.044747
64653,-95.805310,36.044610
64654,-95.805284,36.044612
64661,-95.805312,36.044748
64697,-95.805300,36.044749
64660,-95.805288,36.044750
64655,-95.805071,36.044627
64656,-95.805008,36.044631
64666,-95.804983,36.044631
64657,-95.804951,36.044631
64659,-95.805043,36.044765
64696,-95.804993,36.044769
64658,-95.804951,36.044769
64651,-95.804583,36.044052
64650,-95.804501,36.044074
64714,-95.805805,36.042863
64713,-95.805790,36.042899
64712,-95.805774,36.042936
64711,-95.805763,36.042961
64710,-95.805756,36.043000
64709,-95.805749,36.043039
64573,-95.805614,36.042892
64574,-95.805595,36.042941
64575,-95.805588,36.042980
64576,-95.805581,36.043019
60707,-95.806805,36.044877
60708,-95.806805,36.044907
60709,-95.806805,36.044937
60710,-95.806805,36.044967
64689,-95.805580,36.046029
64690,-95.805502,36.045891
64688,-95.805541,36.046029
64687,-95.805502,36.046029
64686,-95.805463,36.046029
64669,-95.805241,36.045211
64668,-95.805239,36.045234
64667,-95.805234,36.045289
64670,-95.805073,36.045201
64671,-95.805071,36.045224
64672,-95.805069,36.045246
64673,-95.805067,36.045268
64674,-95.805065,36.045290
64695,-95.805190,36.045805
64675,-95.805063,36.045313
64676,-95.805024,36.045781
64677,-95.805022,36.045797
64678,-95.805021,36.045812
64691,-95.805423,36.045891
64692,-95.805384,36.045891
64685,-95.805423,36.046029
64684,-95.805384,36.046029
64693,-95.805267,36.045891
64694,-95.805188,36.045836
64683,-95.805267,36.046029
64682,-95.805228,36.046029
64679,-95.805020,36.045828
64680,-95.805019,36.045844
64681,-95.805018,36.045860
64615,-95.804449,36.043944
64649,-95.804419,36.044096
64616,-95.804367,36.043966
64617,-95.804285,36.043988
64618,-95.804203,36.044010
64648,-95.804337,36.044118
64647,-95.804255,36.044140
64646,-95.804173,36.044162
64645,-95.804091,36.044184
64644,-95.804009,36.044205
64643,-95.803928,36.044227
64642,-95.803846,36.044249
64641,-95.803764,36.044271
64640,-95.803682,36.044293
64639,-95.803600,36.044315
64638,-95.803518,36.044337
60744,-95.807781,36.044975
60745,-95.807751,36.044975
60738,-95.807814,36.045113
60737,-95.807783,36.045113
60736,-95.807753,36.045113
60746,-95.807050,36.044979
60747,-95.807020,36.044979
60748,-95.806990,36.044980
60735,-95.807052,36.045117
60734,-95.807022,36.045117
60733,-95.806992,36.045118
60749,-95.806975,36.044937
60741,-95.807872,36.044974
60742,-95.807842,36.044974
60743,-95.807812,36.044975
60740,-95.807874,36.045112
60739,-95.807844,36.045112
60725,-95.807956,36.045781
60726,-95.807930,36.045781
60727,-95.807903,36.045781
60728,-95.807877,36.045781
60729,-95.807851,36.045781
60730,-95.807077,36.045781
60731,-95.807052,36.045781
60732,-95.806978,36.045723
60711,-95.806805,36.045639
60712,-95.806805,36.045663
60713,-95.806805,36.045688
60714,-95.806805,36.045713
60715,-95.806812,36.045753
60719,-95.807103,36.045919
60718,-95.807077,36.045919
60717,-95.807052,36.045919
60716,-95.807027,36.045919
60724,-95.807956,36.045919
60723,-95.807930,36.045919
60722,-95.807903,36.045919
60721,-95.807877,36.045919
60720,-95.807851,36.045919
60665,-95.810509,36.044901
60666,-95.810509,36.044931
60667,-95.810510,36.044962
60668,-95.810510,36.044993
60669,-95.810522,36.045697
60670,-95.810523,36.045728
60678,-95.809660,36.044960
60677,-95.809659,36.044989
60676,-95.809659,36.045018
60675,-95.809659,36.045047
60671,-95.809704,36.045779
60672,-95.809670,36.045780
60674,-95.809655,36.045709
60673,-95.809655,36.045738
60651,-95.809808,36.045916
60650,-95.809774,36.045916
60649,-95.809740,36.045917
60648,-95.809706,36.045917
60647,-95.809672,36.045918
60782,-95.809489,36.044989
60783,-95.809489,36.045018
60784,-95.809489,36.045047
60785,-95.809485,36.045709
60786,-95.809485,36.045738
60787,-95.809485,36.045767
60662,-95.810665,36.044133
60661,-95.810666,36.044164
60660,-95.810666,36.044194
60659,-95.810667,36.044225
60664,-95.810497,36.044227
60663,-95.810496,36.044196
60658,-95.810679,36.044899
60657,-95.810679,36.044929
60656,-95.810680,36.044991
60655,-95.810692,36.045665
60654,-95.810692,36.045695
60653,-95.810693,36.045726
60652,-95.810694,36.045757
60646,-95.811098,36.046810
60645,-95.811099,36.046824
60524,-95.810230,36.046841
60525,-95.810199,36.046841
60526,-95.810169,36.046841
60644,-95.811105,36.047443
60643,-95.811105,36.047464
60642,-95.811105,36.047485
60641,-95.811105,36.047507
60551,-95.810230,36.046979
60550,-95.810199,36.046979
60549,-95.810169,36.046979
60552,-95.810286,36.047526
60553,-95.810258,36.047527
60554,-95.810230,36.047527
60574,-95.810260,36.047665
60573,-95.810232,36.047665
60555,-95.809613,36.047533
60556,-95.809585,36.047533
60557,-95.809557,36.047533
60572,-95.809615,36.047671
60571,-95.809587,36.047671
60570,-95.809559,36.047671
60788,-95.809485,36.046310
60789,-95.809485,36.046327
60527,-95.809497,36.046841
60528,-95.809466,36.046841
60529,-95.809435,36.046841
60530,-95.809405,36.046841
60548,-95.809497,36.046979
60547,-95.809466,36.046979
60546,-95.809435,36.046979
60545,-95.809405,36.046979
60558,-95.809529,36.047533
60569,-95.809531,36.047671
60593,-95.809816,36.048362
60592,-95.809796,36.048370
60585,-95.809787,36.048229
60586,-95.809738,36.048240
60587,-95.809718,36.048248
60591,-95.809777,36.048378
60588,-95.809699,36.048256
60589,-95.809679,36.048264
60590,-95.809757,36.048386
60531,-95.808733,36.046841
60532,-95.808702,36.046841
60533,-95.808672,36.046841
60534,-95.808621,36.046844
60544,-95.808733,36.046979
60543,-95.808702,36.046979
60542,-95.808672,36.046979
60541,-95.808661,36.046978
60559,-95.808912,36.047539
60560,-95.808884,36.047539
60561,-95.808856,36.047540
60562,-95.808828,36.047540
60568,-95.808886,36.047677
60567,-95.808858,36.047678
60566,-95.808830,36.047678
60563,-95.808209,36.047780
60564,-95.808189,36.047796
60519,-95.808155,36.047814
60521,-95.808101,36.047765
60520,-95.808128,36.047789
60535,-95.807989,36.046975
60523,-95.807883,36.046947
60522,-95.807884,36.046967
60536,-95.807959,36.046976
60537,-95.807928,36.046977
60540,-95.807995,36.047113
60539,-95.807965,36.047114
60538,-95.807934,36.047115
60285,-95.807713,36.046929
60286,-95.807714,36.046969
60291,-95.807975,36.047857
60290,-95.807948,36.047833
60288,-95.807889,36.047769
60289,-95.807921,36.047809
60287,-95.807870,36.047741
60565,-95.808309,36.047892
60292,-95.808002,36.047881
60293,-95.808029,36.047906
60640,-95.811235,36.048163
60639,-95.811223,36.048198
60638,-95.811198,36.048268
60637,-95.811168,36.048321
60636,-95.811105,36.048391
60575,-95.810991,36.048291
60576,-95.810958,36.048315
60577,-95.810925,36.048340
60578,-95.810892,36.048365
60635,-95.811039,36.048440
60634,-95.811006,36.048465
60633,-95.810973,36.048490
60579,-95.810859,36.048390
60580,-95.810827,36.048415
60632,-95.810941,36.048515
60581,-95.810351,36.048230
60582,-95.810330,36.048225
60583,-95.810284,36.048221
60584,-95.810262,36.048221
60595,-95.810284,36.048359
60596,-95.810282,36.048357
60594,-95.810262,36.048359
60597,-95.810274,36.048855
60631,-95.810427,36.048926
60630,-95.810410,36.048940
60629,-95.810394,36.048953
60628,-95.809953,36.049274
60598,-95.809870,36.049153
60599,-95.809851,36.049164
60518,-95.808870,36.048777
60517,-95.808873,36.048838
60294,-95.808701,36.048763
60295,-95.808704,36.048823
60627,-95.809411,36.049388
60600,-95.809343,36.049249
60626,-95.809388,36.049388
60625,-95.809365,36.049387
60516,-95.808862,36.048913
60515,-95.808848,36.048979
60514,-95.808829,36.049039
60296,-95.808701,36.048868
60513,-95.808811,36.049098
60512,-95.808793,36.049158
60601,-95.808785,36.049242
60511,-95.808775,36.049218
60624,-95.808829,36.049380
60623,-95.808806,36.049380
60622,-95.808783,36.049380
60297,-95.808689,36.048927
60298,-95.808673,36.048980
60299,-95.808655,36.049038
60300,-95.808637,36.049097
60602,-95.808762,36.049242
60621,-95.808760,36.049380
60301,-95.808619,36.049155
60302,-95.808602,36.049214
60603,-95.807752,36.049571
60604,-95.807719,36.049573
60605,-95.807686,36.049575
60606,-95.807653,36.049577
60607,-95.807620,36.049580
60620,-95.807731,36.049709
60619,-95.807698,36.049711
60618,-95.807665,36.049713
60617,-95.807632,36.049716
60616,-95.807051,36.049792
60615,-95.807036,36.049816
60614,-95.807021,36.049840
60613,-95.807006,36.049864
60612,-95.806991,36.049888
60608,-95.806901,36.049730
60609,-95.806886,36.049754
60610,-95.806856,36.049802
60611,-95.806841,36.049826
60489,-95.809884,36.051048
60490,-95.809872,36.051073
60491,-95.809860,36.051098
60473,-95.809860,36.051859
60472,-95.809855,36.051884
60471,-95.809850,36.051909
60492,-95.809687,36.051864
60493,-95.809682,36.051889
60505,-95.808591,36.051001
60506,-95.808528,36.050997
60494,-95.809473,36.052402
60495,-95.809454,36.052422
60496,-95.809435,36.052443
60497,-95.808815,36.052108
60349,-95.808820,36.052253
60348,-95.808792,36.052241
60347,-95.808783,36.052242
60332,-95.808743,36.052294
60331,-95.808729,36.052315
60334,-95.808593,36.052232
60333,-95.808592,36.052226
60335,-95.808579,36.052253
60507,-95.808465,36.050992
60508,-95.808403,36.050988
60504,-95.808451,36.051128
60503,-95.808389,36.051124
60509,-95.808340,36.050983
60510,-95.808278,36.050979
60502,-95.808326,36.051119
60303,-95.808095,36.050951
60501,-95.808227,36.051308
60304,-95.808066,36.051226
60305,-95.808045,36.051444
60500,-95.808210,36.051490
60499,-95.808216,36.051662
60306,-95.808048,36.051674
60307,-95.808015,36.051715
60346,-95.808112,36.051854
60345,-95.808033,36.051855
60308,-95.807973,36.051727
60309,-95.807932,36.051740
60310,-95.807890,36.051753
60344,-95.807992,36.051868
60343,-95.807950,36.051881
60498,-95.808474,36.052001
60329,-95.808349,36.052797
60330,-95.808330,36.052784
60328,-95.808359,36.052803
60327,-95.808277,36.052927
60326,-95.808258,36.052914
60325,-95.808239,36.052901
60324,-95.808220,36.052888
60323,-95.808202,36.052875
60322,-95.808147,36.052910
60336,-95.808015,36.052824
60321,-95.808118,36.052940
60320,-95.808089,36.052977
60337,-95.807976,36.052864
60338,-95.807947,36.052901
60342,-95.807310,36.052422
60341,-95.807281,36.052450
60340,-95.807253,36.052478
60311,-95.807180,36.052334
60312,-95.807151,36.052362
60313,-95.807123,36.052390
60314,-95.807095,36.052418
60315,-95.807066,36.052446
60316,-95.807038,36.052473
60339,-95.807225,36.052506
60317,-95.807010,36.052501
60319,-95.808029,36.053050
60318,-95.807999,36.053087
60482,-95.810597,36.050602
60481,-95.810572,36.050619
60483,-95.810489,36.050496
60484,-95.810464,36.050513
60485,-95.810439,36.050530
60480,-95.810547,36.050636
60479,-95.810521,36.050653
60478,-95.810496,36.050670
60486,-95.810413,36.050547
60487,-95.810388,36.050564
60435,-95.811555,36.052087
60434,-95.811560,36.052098
60436,-95.811395,36.052133
60438,-95.811404,36.052155
60437,-95.811400,36.052144
60477,-95.810053,36.051075
60476,-95.810040,36.051100
60475,-95.810028,36.051125
60474,-95.810016,36.051150
60488,-95.809897,36.051023
60470,-95.809626,36.052466
60469,-95.809607,36.052486
60466,-95.809630,36.052591
60468,-95.809588,36.052506
60467,-95.809572,36.052551
60351,-95.809520,36.052695
60350,-95.809462,36.052655
60406,-95.813672,36.050927
60381,-95.814685,36.052286
60380,-95.814662,36.052287
60388,-95.814650,36.051596
60387,-95.814650,36.051614
60386,-95.814649,36.051633
60385,-95.814649,36.051652
60384,-95.814649,36.051670
60389,-95.814480,36.051594
60390,-95.814480,36.051612
60391,-95.814479,36.051631
60392,-95.814479,36.051650
60393,-95.814479,36.051668
60405,-95.813671,36.050952
60404,-95.813670,36.050977
60403,-95.813669,36.051001
60402,-95.813668,36.051026
60401,-95.813665,36.051777
60400,-95.813665,36.051803
60399,-95.813665,36.051829
60383,-95.814645,36.052119
60382,-95.814645,36.052138
60394,-95.814475,36.052117
60395,-95.814475,36.052136
60397,-95.813712,36.052411
60396,-95.813730,36.052433
60398,-95.813695,36.052388
60379,-95.813902,36.052543
60378,-95.813866,36.052559
60377,-95.813682,36.052653
60371,-95.813841,36.053157
60372,-95.813813,36.053156
60373,-95.813784,36.053155
60370,-95.813835,36.053295
60369,-95.813807,36.053294
60368,-95.813778,36.053293
60407,-95.813107,36.050271
60408,-95.813088,36.050271
60409,-95.813069,36.050270
60410,-95.813051,36.050270
60418,-95.813084,36.050409
60417,-95.813065,36.050408
60416,-95.813047,36.050408
60411,-95.812620,36.050262
60415,-95.812616,36.050400
60412,-95.812601,36.050262
60414,-95.812597,36.050400
60413,-95.812579,36.050400
60455,-95.813495,36.051829
60419,-95.812773,36.051051
60420,-95.812742,36.051051
60454,-95.812773,36.051189
60453,-95.812742,36.051189
60421,-95.812711,36.051051
60452,-95.812711,36.051189
60457,-95.813551,36.052460
60456,-95.813531,36.052423
60458,-95.813568,36.052483
60459,-95.813467,36.052604
60376,-95.813501,36.052751
60374,-95.813422,36.052990
60375,-95.813321,36.052850
60460,-95.813227,36.052736
60451,-95.812647,36.052054
60450,-95.812631,36.052099
60461,-95.813031,36.052838
60462,-95.812978,36.052865
60463,-95.812924,36.052892
60464,-95.812871,36.052919
60422,-95.812402,36.051051
60423,-95.812395,36.051051
60424,-95.812389,36.051051
60425,-95.812383,36.051051
60426,-95.812383,36.051189
60427,-95.812503,36.051954
60428,-95.812493,36.051989
60429,-95.812483,36.052024
60430,-95.812475,36.052047
60432,-95.811620,36.052359
60431,-95.811622,36.052371
60449,-95.811827,36.052529
60448,-95.811783,36.052529
60447,-95.811739,36.052529
60446,-95.811695,36.052529
60445,-95.811651,36.052529
60433,-95.811564,36.052109
60439,-95.811453,36.052381
60440,-95.811454,36.052387
60441,-95.811465,36.052669
60442,-95.811465,36.052923
60366,-95.813317,36.053106
60363,-95.813268,36.053049
60362,-95.813252,36.053030
60365,-95.813300,36.053087
60364,-95.813284,36.053068
60367,-95.813333,36.053125
60361,-95.813014,36.053008
60360,-95.812961,36.053035
60359,-95.811871,36.053329
60465,-95.811808,36.053191
60444,-95.811635,36.053177
60358,-95.811808,36.053329
60357,-95.811745,36.053329
60356,-95.811682,36.053329
60443,-95.811465,36.053177
60355,-95.811449,36.053329
60354,-95.811372,36.053329
60353,-95.811295,36.053329
60352,-95.811219,36.053329
69650,-95.811661,36.057564
69651,-95.811661,36.057573
69652,-95.811661,36.057582
69653,-95.811661,36.057591
69654,-95.811661,36.057599
69655,-95.811661,36.057608
69656,-95.811661,36.057617
69657,-95.811661,36.057626
69658,-95.811661,36.057635
69659,-95.811661,36.057643
69660,-95.811661,36.057652
69661,-95.811661,36.057661
69662,-95.811661,36.057670
70576,-95.815468,36.048947
70577,-95.815446,36.048946
70660,-95.822499,36.047837
70659,-95.822405,36.047651
70657,-95.822131,36.047325
70656,-95.821946,36.047203
70661,-95.822597,36.048029
70662,-95.822744,36.048220
70754,-95.822183,36.050767
70753,-95.822095,36.050753
70694,-95.822013,36.050607
70695,-95.821912,36.050597
70752,-95.821993,36.050743
70751,-95.821892,36.050733
70653,-95.821138,36.046838
70552,-95.820945,36.046807
70655,-95.821569,36.047046
70652,-95.821506,36.046884
70654,-95.821124,36.046974
70553,-95.820945,36.046982
70554,-95.820945,36.047158
70555,-95.820945,36.047334
70615,-95.821115,36.047530
70561,-95.821153,36.047730
70614,-95.821115,36.047687
70556,-95.820945,36.047510
70557,-95.820945,36.047687
70678,-95.821087,36.048830
70680,-95.820951,36.048605
70590,-95.820836,36.048469
70679,-95.821040,36.048719
70683,-95.820880,36.048763
70682,-95.820811,36.048681
70684,-95.820927,36.048874
70558,-95.820720,36.048358
70559,-95.820711,36.048371
70560,-95.820694,36.048393
70681,-95.820721,36.048607
70562,-95.820074,36.048807
70518,-95.819409,36.046714
70520,-95.819405,36.046700
70519,-95.819407,36.046707
70521,-95.818050,36.046801
70522,-95.818019,36.046801
70523,-95.817988,36.046801
70524,-95.817957,36.046801
70525,-95.817926,36.046801
70526,-95.817895,36.046801
70527,-95.817864,36.046801
70528,-95.817833,36.046801
70529,-95.817802,36.046801
70517,-95.819554,36.047076
70516,-95.819579,36.047182
70515,-95.819593,36.047312
70538,-95.819425,36.047292
70514,-95.819573,36.047418
70513,-95.819537,36.047536
70563,-95.818779,36.048711
70588,-95.818828,36.048849
70587,-95.818779,36.048849
70537,-95.818019,36.046939
70536,-95.817988,36.046939
70535,-95.817957,36.046939
70534,-95.817926,36.046939
70533,-95.817895,36.046939
70532,-95.817864,36.046939
70531,-95.817833,36.046939
70530,-95.817771,36.046939
70512,-95.818084,36.047707
70511,-95.818047,36.047708
70510,-95.818011,36.047708
70539,-95.817951,36.047571
70540,-95.817915,36.047567
70541,-95.817879,36.047562
70542,-95.817844,36.047557
70543,-95.817808,36.047553
70544,-95.817772,36.047548
70545,-95.817736,36.047543
70509,-95.817975,36.047708
70508,-95.817925,36.047707
70507,-95.817889,36.047703
70506,-95.817853,36.047698
70505,-95.817818,36.047693
70504,-95.817782,36.047689
70503,-95.817746,36.047684
70564,-95.818730,36.048711
70586,-95.818730,36.048849
70673,-95.821334,36.049371
70670,-95.821602,36.049617
70669,-95.821698,36.049673
70692,-95.821622,36.049795
70671,-95.821497,36.049535
70672,-95.821410,36.049458
70690,-95.821381,36.049635
70691,-95.821486,36.049717
70677,-95.821134,36.048942
70676,-95.821181,36.049053
70674,-95.821274,36.049275
70675,-95.821228,36.049164
70687,-95.821068,36.049208
70685,-95.820974,36.048986
70686,-95.821021,36.049097
70689,-95.821274,36.049540
70688,-95.821184,36.049435
70696,-95.821811,36.050587
70697,-95.821709,36.050577
70698,-95.821608,36.050567
70750,-95.821791,36.050723
70749,-95.821689,36.050713
70748,-95.821588,36.050703
70699,-95.821507,36.050557
70700,-95.821405,36.050547
70701,-95.821319,36.050533
70746,-95.821385,36.050683
70747,-95.821487,36.050693
70705,-95.820920,36.050353
70702,-95.821221,36.050510
70745,-95.821271,36.050665
70703,-95.821147,36.050488
70704,-95.821060,36.050445
70744,-95.821173,36.050642
70743,-95.821059,36.050604
70742,-95.820972,36.050561
70706,-95.820569,36.049912
70707,-95.820346,36.049530
70708,-95.820334,36.049504
70589,-95.820134,36.048935
70741,-95.820800,36.050449
70759,-95.821322,36.051391
70760,-95.821231,36.051391
70761,-95.821141,36.051391
70709,-95.819400,36.049818
70710,-95.819360,36.049830
70711,-95.819320,36.049842
70712,-95.819272,36.049861
70713,-95.819235,36.049877
70714,-95.819198,36.049893
70740,-95.819378,36.049972
70739,-95.819350,36.049983
70738,-95.819313,36.049999
70737,-95.819276,36.050015
70733,-95.819054,36.050724
70734,-95.819023,36.050724
70732,-95.819080,36.050863
70731,-95.819050,36.050862
70730,-95.819019,36.050862
70715,-95.818791,36.050633
70716,-95.818787,36.050667
70735,-95.818993,36.050723
70736,-95.818952,36.050714
70729,-95.818989,36.050861
70728,-95.818959,36.050861
70717,-95.818784,36.050702
70565,-95.817820,36.049057
70566,-95.817781,36.049080
70567,-95.817741,36.049104
70585,-95.817881,36.049190
70584,-95.817841,36.049214
70583,-95.817785,36.049238
70582,-95.817741,36.049256
60219,-95.817748,36.049879
60218,-95.817747,36.049904
60217,-95.817747,36.049929
70762,-95.819608,36.051517
70779,-95.819604,36.051655
70763,-95.819518,36.051515
70764,-95.819427,36.051513
70778,-95.819514,36.051653
70777,-95.819423,36.051651
70765,-95.819336,36.051511
70776,-95.819332,36.051649
70766,-95.819249,36.051509
70767,-95.819158,36.051503
70775,-95.819237,36.051645
70774,-95.819146,36.051639
70768,-95.819068,36.051498
70773,-95.819056,36.051634
70769,-95.818977,36.051492
70770,-95.818887,36.051487
70772,-95.818965,36.051628
70771,-95.818875,36.051623
70718,-95.818711,36.051388
70719,-95.818709,36.051412
70720,-95.818706,36.051436
70721,-95.818704,36.051461
70551,-95.817656,36.047319
70477,-95.817529,36.047201
70478,-95.817500,36.047267
70546,-95.817720,36.047539
70547,-95.817686,36.047528
70548,-95.817652,36.047517
70549,-95.817618,36.047506
70550,-95.817585,36.047496
70502,-95.817710,36.047679
70501,-95.817658,36.047667
70500,-95.817624,36.047656
70499,-95.817590,36.047645
70498,-95.817556,36.047634
70497,-95.817523,36.047624
70479,-95.817420,36.047428
70568,-95.817709,36.049116
70569,-95.817665,36.049134
70570,-95.817622,36.049152
60216,-95.817679,36.050655
60215,-95.817677,36.050681
60214,-95.817674,36.050707
60213,-95.817672,36.050733
60220,-95.817172,36.049948
60221,-95.817154,36.049948
60222,-95.817136,36.049948
60223,-95.817119,36.049949
60226,-95.817176,36.050086
60225,-95.817158,36.050086
60224,-95.817140,36.050086
70571,-95.816422,36.049070
70572,-95.816371,36.049060
70573,-95.816319,36.049050
70574,-95.816268,36.049040
70575,-95.816217,36.049031
70581,-95.816384,36.049204
70580,-95.816333,36.049194
70579,-95.816281,36.049184
70578,-95.816230,36.049174
70480,-95.816753,36.047274
70481,-95.816737,36.047272
70482,-95.816707,36.047271
70496,-95.816709,36.047408
70495,-95.816707,36.047409
70483,-95.816691,36.047271
70484,-95.816675,36.047271
70485,-95.816659,36.047271
70486,-95.816643,36.047271
70487,-95.816627,36.047271
70488,-95.816611,36.047271
70494,-95.816691,36.047409
70493,-95.816675,36.047409
70492,-95.816659,36.047409
70491,-95.816643,36.047409
70490,-95.816627,36.047409
70489,-95.816611,36.047409
60237,-95.816118,36.049834
60236,-95.816118,36.049866
60235,-95.816119,36.049897
60238,-95.815948,36.049803
60239,-95.815948,36.049834
60240,-95.815948,36.049866
60241,-95.815949,36.049897
60227,-95.816367,36.050741
60253,-95.816422,36.050879
60252,-95.816367,36.050879
60228,-95.816313,36.050741
60229,-95.816264,36.050740
60230,-95.816210,36.050737
60251,-95.816313,36.050879
60250,-95.816254,36.050878
60249,-95.816200,36.050875
60234,-95.816119,36.049929
60242,-95.815949,36.049929
60233,-95.816124,36.050650
60232,-95.816126,36.050682
60243,-95.815954,36.050591
60244,-95.815954,36.050623
60245,-95.815956,36.050658
60231,-95.816156,36.050735
60248,-95.816146,36.050873
60246,-95.815958,36.050690
60247,-95.815961,36.050722
70793,-95.819475,36.052333
70809,-95.819477,36.052471
70808,-95.819394,36.052472
70794,-95.819308,36.052335
70807,-95.819310,36.052473
70795,-95.819225,36.052336
70796,-95.819142,36.052336
70806,-95.819227,36.052474
70805,-95.819144,36.052474
70797,-95.819059,36.052337
70804,-95.819061,36.052475
70798,-95.818976,36.052338
70799,-95.818893,36.052339
70803,-95.818978,36.052476
70802,-95.818895,36.052477
70800,-95.818810,36.052340
70801,-95.818812,36.052478
70722,-95.818641,36.052208
70723,-95.818638,36.052236
70724,-95.818636,36.052265
70725,-95.818634,36.052293
70726,-95.818625,36.052504
70727,-95.818625,36.052530
60212,-95.817575,36.051458
60211,-95.817572,36.051484
60210,-95.817568,36.051510
60209,-95.817565,36.051536
60208,-95.817484,36.052220
60207,-95.817481,36.052246
60206,-95.817478,36.052271
60205,-95.817475,36.052297
60204,-95.817473,36.052323
60203,-95.817465,36.052562
60202,-95.817465,36.052588
60254,-95.816472,36.051533
60266,-95.816470,36.051671
60255,-95.816424,36.051532
60256,-95.816375,36.051532
60257,-95.816327,36.051532
60265,-95.816422,36.051670
60264,-95.816373,36.051670
60263,-95.816325,36.051670
60258,-95.816278,36.051531
60259,-95.816230,36.051531
60262,-95.816276,36.051669
60261,-95.816228,36.051669
60260,-95.816180,36.051669
60267,-95.816411,36.052338
60268,-95.816367,36.052338
60269,-95.816323,36.052338
60278,-95.816413,36.052476
60277,-95.816369,36.052476
60276,-95.816325,36.052476
60270,-95.816278,36.052339
60271,-95.816234,36.052339
60275,-95.816280,36.052477
60274,-95.816236,36.052477
60272,-95.816190,36.052340
60273,-95.816192,36.052478
70824,-95.819029,36.053141
70825,-95.818974,36.053141
70826,-95.818920,36.053141
70827,-95.818865,36.053141
70828,-95.818811,36.053141
70832,-95.818974,36.053279
70831,-95.818920,36.053279
70830,-95.818865,36.053279
70829,-95.818811,36.053279
60201,-95.817666,36.053286
60200,-95.817620,36.053286
60199,-95.817528,36.053287
60198,-95.817482,36.053288
60279,-95.816437,36.053155
60280,-95.816400,36.053155
60197,-95.816439,36.053293
60196,-95.816402,36.053293
60195,-95.816364,36.053293
60281,-95.815504,36.053159
60282,-95.815467,36.053159
60283,-95.815430,36.053160
60194,-95.815506,36.053297
60193,-95.815469,36.053297
60192,-95.815432,36.053298
71039,-95.823629,36.050836
71042,-95.823612,36.050497
71041,-95.823613,36.050511
71040,-95.823614,36.050525
70693,-95.823445,36.050517
71038,-95.823625,36.051018
71037,-95.823608,36.051180
66864,-95.822860,36.053755
66863,-95.822954,36.053779
66865,-95.822767,36.053731
66866,-95.822674,36.053707
66867,-95.822594,36.053677
66877,-95.822810,36.053885
66876,-95.822717,36.053861
66875,-95.822624,36.053837
66868,-95.822505,36.053645
66869,-95.822416,36.053612
66872,-95.822346,36.053738
66874,-95.822524,36.053803
66873,-95.822435,36.053771
66870,-95.822327,36.053580
66871,-95.822257,36.053706
70839,-95.822076,36.053650
70981,-95.822643,36.054516
70982,-95.822283,36.054409
70983,-95.821924,36.054303
71036,-95.821856,36.054437
70755,-95.821696,36.051410
70756,-95.821606,36.051400
70757,-95.821504,36.051391
70758,-95.821413,36.051391
70786,-95.821672,36.051546
70785,-95.821582,36.051536
70784,-95.821504,36.051529
70783,-95.821413,36.051529
70782,-95.821322,36.051529
70781,-95.821231,36.051529
70780,-95.821141,36.051529
70787,-95.821296,36.052206
70788,-95.821213,36.052204
70789,-95.821130,36.052202
70815,-95.821290,36.052344
70814,-95.821207,36.052342
70813,-95.821124,36.052340
70790,-95.821039,36.052202
70791,-95.820956,36.052206
70792,-95.820865,36.052212
70812,-95.821049,36.052340
70811,-95.820966,36.052344
70810,-95.820891,36.052348
70842,-95.821818,36.053968
70843,-95.821805,36.053965
70841,-95.821800,36.053964
70844,-95.821787,36.053961
70840,-95.821782,36.053959
70845,-95.821769,36.053956
70816,-95.820911,36.053046
70817,-95.820829,36.053055
71035,-95.821713,36.054893
71034,-95.821707,36.054915
71033,-95.821702,36.054937
70818,-95.820747,36.053064
70838,-95.820769,36.053200
70837,-95.820688,36.053209
70819,-95.820666,36.053073
70820,-95.820584,36.053082
70836,-95.820606,36.053218
70821,-95.820502,36.053091
70822,-95.820420,36.053100
70835,-95.820524,36.053227
70834,-95.820442,36.053236
70823,-95.820339,36.053110
70833,-95.820361,36.053246
70852,-95.820335,36.053326
70851,-95.820335,36.053381
70850,-95.820336,36.053436
70849,-95.820336,36.053491
70853,-95.820165,36.053272
70854,-95.820165,36.053326
70855,-95.820165,36.053381
70856,-95.820166,36.053436
70857,-95.820166,36.053491
70858,-95.820166,36.053546
70859,-95.820167,36.053601
70863,-95.820554,36.054775
70846,-95.820509,36.054636
70847,-95.820460,36.054635
70862,-95.820505,36.054774
70861,-95.820456,36.054773
70848,-95.820411,36.054634
70860,-95.820359,36.054771
71093,-95.825941,36.047621
66793,-95.826613,36.048583
66780,-95.826410,36.049317
66779,-95.826391,36.049347
66778,-95.826371,36.049377
66777,-95.826352,36.049407
66794,-95.826260,36.049253
66795,-95.826241,36.049283
66796,-95.826221,36.049313
66797,-95.826202,36.049343
70616,-95.824677,36.046839
71094,-95.825911,36.047621
71095,-95.825881,36.047621
71154,-95.824942,36.046878
71155,-95.824914,36.046878
71103,-95.824946,36.047016
71102,-95.824918,36.047016
71096,-95.824958,36.047630
71097,-95.824925,36.047630
71098,-95.824907,36.047628
66820,-95.825739,36.048600
66819,-95.825715,36.048637
66818,-95.825692,36.048674
66817,-95.825669,36.048711
66821,-95.825565,36.048575
66822,-95.825542,36.048612
66816,-95.825646,36.048748
66815,-95.825622,36.048785
66823,-95.825519,36.048649
66824,-95.825496,36.048686
66825,-95.825472,36.048723
71156,-95.824886,36.046879
71157,-95.824847,36.046869
71101,-95.824890,36.047017
71100,-95.824863,36.047018
70617,-95.824677,36.046865
70618,-95.824675,36.047126
70619,-95.824675,36.047314
70620,-95.824675,36.047502
71099,-95.824874,36.047624
71053,-95.824841,36.047802
71052,-95.824840,36.047841
70621,-95.824672,36.047761
71051,-95.824839,36.047880
71050,-95.824838,36.047919
70622,-95.824665,36.048034
70623,-95.824589,36.048276
70624,-95.824472,36.048524
71049,-95.824472,36.048791
71048,-95.824439,36.048830
70634,-95.822496,36.046832
70635,-95.822432,36.046832
70636,-95.822368,36.046832
70637,-95.822304,36.046831
70638,-95.822240,36.046831
70633,-95.823667,36.047950
70632,-95.823666,36.048010
70631,-95.823666,36.048070
70630,-95.823665,36.048130
70629,-95.823665,36.048190
70628,-95.823665,36.048249
70627,-95.823658,36.048317
70626,-95.823649,36.048377
70645,-95.823495,36.048130
70646,-95.823495,36.048190
70647,-95.823490,36.048301
70648,-95.823481,36.048361
70625,-95.823640,36.048437
70666,-95.823634,36.048635
70667,-95.823683,36.048647
70665,-95.823416,36.048576
70663,-95.822938,36.048375
70664,-95.823174,36.048504
70650,-95.822649,36.047772
70651,-95.822530,36.047551
70644,-95.822238,36.046969
70643,-95.822214,36.046977
70639,-95.822144,36.046851
70640,-95.822086,36.046872
70642,-95.822156,36.046998
70641,-95.822018,36.046910
70658,-95.822287,36.047475
70649,-95.822760,36.047989
66814,-95.825047,36.049486
66813,-95.825012,36.049516
66812,-95.824978,36.049547
66811,-95.824943,36.049578
66810,-95.824920,36.049598
66776,-95.825793,36.050056
66775,-95.825792,36.050061
66774,-95.825780,36.050094
66798,-95.825663,36.049968
66799,-95.825630,36.050023
66800,-95.825618,36.050056
66773,-95.825596,36.050824
66772,-95.825584,36.050856
66771,-95.825572,36.050889
66801,-95.825422,36.050816
66802,-95.825410,36.050849
66826,-95.824888,36.049424
66827,-95.824854,36.049455
66828,-95.824819,36.049486
66829,-95.824774,36.049528
66809,-95.824894,36.049635
71046,-95.824384,36.049407
70603,-95.824203,36.049265
70608,-95.824143,36.049213
70609,-95.824131,36.049203
70605,-95.824179,36.049244
70606,-95.824167,36.049234
70604,-95.824191,36.049254
70607,-95.824155,36.049223
71047,-95.824072,36.049131
70611,-95.824107,36.049182
70610,-95.824119,36.049193
70613,-95.824083,36.049162
70612,-95.824095,36.049172
70602,-95.824081,36.049359
70601,-95.824069,36.049348
70600,-95.824057,36.049338
70598,-95.824033,36.049317
70599,-95.824045,36.049328
70597,-95.824021,36.049307
70596,-95.824009,36.049297
70594,-95.823985,36.049276
70593,-95.823973,36.049266
70591,-95.823949,36.049246
70592,-95.823961,36.049256
70595,-95.823997,36.049287
66808,-95.824807,36.050226
66807,-95.824808,36.050248
66806,-95.824808,36.050269
66830,-95.824637,36.050228
66831,-95.824638,36.050250
66832,-95.824638,36.050271
66805,-95.824816,36.050770
66804,-95.824821,36.050792
66803,-95.824880,36.050851
66833,-95.824644,36.050763
66834,-95.824650,36.050796
66835,-95.824655,36.050818
66837,-95.824874,36.050989
66836,-95.824854,36.050989
70668,-95.823808,36.049156
71045,-95.823603,36.049979
71044,-95.823601,36.050001
71043,-95.823600,36.050023
71083,-95.828285,36.047615
71084,-95.828253,36.047615
71085,-95.828237,36.047615
66659,-95.828747,36.048454
66660,-95.828768,36.048497
66661,-95.828786,36.048529
66658,-95.828735,36.048421
66704,-95.827992,36.048733
66702,-95.828051,36.048826
66701,-95.828080,36.048873
66703,-95.828021,36.048780
71142,-95.827710,36.046815
71143,-95.827682,36.046815
71144,-95.827654,36.046815
71145,-95.827011,36.046817
71146,-95.826983,36.046817
71147,-95.826955,36.046817
71148,-95.826312,36.046819
71149,-95.826284,36.046819
71150,-95.826256,36.046820
71115,-95.827710,36.046953
71114,-95.827682,36.046953
71113,-95.827654,36.046953
71086,-95.827855,36.047618
71087,-95.827840,36.047619
71112,-95.827011,36.046955
71111,-95.826983,36.046955
71110,-95.826955,36.046955
71088,-95.827261,36.047621
71089,-95.827253,36.047621
66705,-95.827963,36.048687
66707,-95.827842,36.048795
66709,-95.827901,36.048888
66708,-95.827871,36.048842
66706,-95.827813,36.048749
71090,-95.826877,36.047621
71091,-95.826861,36.047621
71092,-95.826642,36.047621
71109,-95.826312,36.046957
71108,-95.826284,36.046957
71107,-95.826256,36.046958
66787,-95.826835,36.048402
66786,-95.826825,36.048450
66785,-95.826815,36.048483
66784,-95.826806,36.048516
66783,-95.826796,36.048549
66782,-95.826787,36.048582
66781,-95.826777,36.048615
66788,-95.826661,36.048418
66789,-95.826651,36.048451
66790,-95.826642,36.048484
66791,-95.826632,36.048517
66792,-95.826623,36.048550
66700,-95.828109,36.048919
66699,-95.828139,36.048966
66695,-95.828383,36.049519
66696,-95.828342,36.049519
66697,-95.828301,36.049520
66698,-95.828277,36.049503
66710,-95.827930,36.048935
66711,-95.827959,36.048981
66712,-95.827673,36.049073
66713,-95.827658,36.049074
66714,-95.827644,36.049076
66718,-95.827702,36.049208
66717,-95.827687,36.049209
66716,-95.827672,36.049210
66715,-95.827658,36.049212
66720,-95.827280,36.049871
66721,-95.827240,36.049871
66722,-95.827200,36.049871
66723,-95.827160,36.049871
66724,-95.827121,36.049871
66728,-95.827240,36.050009
66727,-95.827200,36.050009
66726,-95.827160,36.050009
66725,-95.827121,36.050009
71151,-95.825607,36.046851
71152,-95.825579,36.046853
71153,-95.825551,36.046855
71106,-95.825623,36.046987
71105,-95.825595,36.046989
71104,-95.825567,36.046991
71064,-95.831328,36.048049
71063,-95.831128,36.048049
66639,-95.831181,36.048714
66681,-95.831214,36.048852
66640,-95.831147,36.048714
66641,-95.831081,36.048714
66680,-95.831147,36.048852
66679,-95.831081,36.048852
71132,-95.830515,36.047763
71131,-95.830515,36.047796
71130,-95.830515,36.047829
71129,-95.830515,36.047862
71123,-95.830345,36.047763
71124,-95.830345,36.047796
71125,-95.830345,36.047829
71126,-95.830345,36.047862
71062,-95.830929,36.048049
71061,-95.830730,36.048049
71060,-95.830531,36.048049
66642,-95.831014,36.048715
66643,-95.830947,36.048715
66678,-95.831014,36.048853
66677,-95.830947,36.048853
66644,-95.830880,36.048715
66645,-95.830813,36.048715
66676,-95.830880,36.048853
66675,-95.830813,36.048853
66646,-95.830746,36.048716
66647,-95.830679,36.048716
66674,-95.830746,36.048854
66673,-95.830679,36.048854
71128,-95.830515,36.047895
71127,-95.830345,36.047895
66689,-95.830442,36.049515
66613,-95.830442,36.049653
66690,-95.830400,36.049515
66691,-95.830359,36.049515
66612,-95.830400,36.049653
66611,-95.830359,36.049653
71133,-95.829465,36.046811
71134,-95.829420,36.046811
71135,-95.829375,36.046811
71136,-95.829330,36.046811
71137,-95.829285,36.046811
71138,-95.829241,36.046811
71139,-95.828408,36.046813
71140,-95.828381,36.046813
71141,-95.828353,36.046813
71122,-95.829375,36.046949
71121,-95.829330,36.046949
71120,-95.829241,36.046949
71059,-95.829206,36.047779
71058,-95.829142,36.047773
71078,-95.829098,36.047630
71079,-95.829034,36.047624
71057,-95.829078,36.047766
71056,-95.829014,36.047760
66648,-95.829408,36.048720
66672,-95.829475,36.048858
66671,-95.829408,36.048858
66649,-95.829341,36.048720
66650,-95.829274,36.048720
66670,-95.829341,36.048858
66669,-95.829274,36.048858
66653,-95.828995,36.048567
66651,-95.829207,36.048720
66652,-95.829167,36.048714
66668,-95.829207,36.048858
66667,-95.829117,36.048846
66666,-95.829053,36.048830
71082,-95.828835,36.047614
71080,-95.828964,36.047619
71081,-95.828899,36.047616
71055,-95.828956,36.047757
71054,-95.828891,36.047754
71119,-95.828436,36.046950
71118,-95.828408,36.046951
71117,-95.828381,36.046951
71116,-95.828353,36.046951
66656,-95.828940,36.048471
66655,-95.828958,36.048503
66657,-95.828922,36.048439
66654,-95.828976,36.048535
66662,-95.828804,36.048561
66664,-95.828841,36.048625
66663,-95.828822,36.048593
66665,-95.828965,36.048778
66692,-95.829412,36.049517
66610,-95.829412,36.049655
66693,-95.829371,36.049517
66694,-95.829330,36.049517
66609,-95.829371,36.049655
66608,-95.829330,36.049655
66607,-95.828383,36.049657
66606,-95.828301,36.049658
66719,-95.828115,36.049857
66605,-95.828285,36.050586
66604,-95.828285,36.050611
74450,-95.833244,36.048747
66631,-95.832513,36.047866
66634,-95.832512,36.047821
66633,-95.832512,36.047836
66632,-95.832512,36.047851
66635,-95.832342,36.047823
66636,-95.832342,36.047838
66637,-95.832342,36.047853
66638,-95.832343,36.047868
66630,-95.832506,36.048616
66629,-95.832505,36.048643
66628,-95.832505,36.048670
66627,-95.832505,36.048698
71072,-95.831515,36.047840
71071,-95.831515,36.047856
71073,-95.831345,36.047824
71074,-95.831345,36.047840
71075,-95.831345,36.047856
71068,-95.831673,36.048040
71067,-95.831633,36.048042
71066,-95.831593,36.048043
71065,-95.831553,36.048044
71069,-95.831547,36.047906
71070,-95.831515,36.047872
71076,-95.831345,36.047872
71077,-95.831345,36.047888
66626,-95.832581,36.049418
66625,-95.832582,36.049444
66624,-95.832583,36.049470
66623,-95.832584,36.049497
66622,-95.832599,36.049650
66682,-95.831636,36.049512
66683,-95.831595,36.049512
66684,-95.831553,36.049512
66621,-95.831677,36.049650
66620,-95.831636,36.049650
66619,-95.831595,36.049650
66618,-95.831553,36.049650
66685,-95.831512,36.049512
66686,-95.831471,36.049513
66687,-95.831430,36.049513
66617,-95.831512,36.049650
66616,-95.831471,36.049651
66615,-95.831430,36.049651
66688,-95.831389,36.049513
66614,-95.831389,36.049651
66603,-95.828299,36.050791
66729,-95.828115,36.050611
66602,-95.827977,36.050791
66548,-95.829467,36.051258
66549,-95.829429,36.051258
66550,-95.829392,36.051258
66547,-95.829469,36.051396
66546,-95.829431,36.051396
66545,-95.829394,36.051396
66551,-95.829354,36.051259
66552,-95.829317,36.051259
66553,-95.829280,36.051260
66544,-95.829356,36.051397
66543,-95.829319,36.051397
66542,-95.829282,36.051398
66554,-95.829092,36.051237
66555,-95.829093,36.051248
66556,-95.829118,36.051946
66536,-95.829532,36.052047
66535,-95.829534,36.052185
66537,-95.829493,36.052048
66538,-95.829455,36.052048
66539,-95.829416,36.052049
66540,-95.829377,36.052049
66534,-95.829495,36.052186
66533,-95.829457,36.052186
66532,-95.829418,36.052187
66531,-95.829379,36.052187
66541,-95.829339,36.052049
66530,-95.829341,36.052187
66557,-95.829121,36.051978
66558,-95.829124,36.052010
66559,-95.829128,36.052043
66560,-95.829124,36.052271
66561,-95.829114,36.052419
66524,-95.829475,36.052878
66525,-95.829434,36.052878
66526,-95.829393,36.052878
66527,-95.829352,36.052879
66528,-95.829311,36.052879
66529,-95.829270,36.052880
66562,-95.829104,36.052567
66563,-95.829093,36.052717
66564,-95.829088,36.052866
66601,-95.827734,36.050794
66730,-95.827533,36.050658
66731,-95.827504,36.050658
66600,-95.827492,36.050797
66732,-95.827284,36.050664
66733,-95.827241,36.050665
66734,-95.827198,36.050667
66735,-95.827156,36.050669
66596,-95.827569,36.051488
66597,-95.827546,36.051488
66598,-95.827523,36.051488
66599,-95.827500,36.051489
66595,-95.827571,36.051626
66594,-95.827548,36.051626
66593,-95.827525,36.051626
66592,-95.827502,36.051627
66740,-95.827313,36.051423
66741,-95.827313,36.051450
66742,-95.827314,36.051478
66588,-95.827581,36.052308
66589,-95.827557,36.052308
66590,-95.827534,36.052308
66591,-95.827511,36.052308
66587,-95.827583,36.052446
66586,-95.827559,36.052446
66585,-95.827536,36.052446
66584,-95.827513,36.052446
66743,-95.827315,36.052192
66744,-95.827315,36.052222
66745,-95.827315,36.052252
66746,-95.827315,36.052282
66747,-95.827315,36.052462
66748,-95.827315,36.052789
66753,-95.826440,36.051364
66754,-95.826455,36.051400
66736,-95.826264,36.051065
66752,-95.826416,36.051315
66751,-95.826392,36.051282
66750,-95.826368,36.051249
66763,-95.826222,36.051319
66764,-95.826198,36.051286
66762,-95.826246,36.051352
66761,-95.826270,36.051385
66760,-95.826280,36.051408
66759,-95.826295,36.051444
66737,-95.826088,36.051177
66755,-95.826500,36.052185
66756,-95.826500,36.052224
66758,-95.826330,36.052185
66757,-95.826330,36.052224
66738,-95.825517,36.051380
66739,-95.825543,36.051516
66770,-95.825517,36.051601
66769,-95.825538,36.052882
66768,-95.825539,36.052943
66842,-95.825366,36.052769
66843,-95.825367,36.052828
66844,-95.825368,36.052888
66845,-95.825369,36.052948
66514,-95.829539,36.053956
66523,-95.829477,36.053016
66522,-95.829436,36.053016
66521,-95.829395,36.053016
66520,-95.829354,36.053017
66519,-95.829313,36.053017
66518,-95.829272,36.053018
66517,-95.829273,36.053304
66565,-95.829105,36.053314
66515,-95.829459,36.053957
66516,-95.829380,36.053959
66566,-95.828304,36.053961
66567,-95.828259,36.053961
66568,-95.828215,36.053961
66569,-95.828170,36.053961
66570,-95.828125,36.053961
66571,-95.828080,36.053961
66580,-95.827694,36.053131
66581,-95.827629,36.053131
66582,-95.827565,36.053131
66583,-95.827501,36.053131
66579,-95.827629,36.053269
66578,-95.827565,36.053269
66577,-95.827501,36.053269
66749,-95.826949,36.053139
66576,-95.826967,36.053276
66575,-95.826953,36.053277
66572,-95.827050,36.053961
66573,-95.827005,36.053961
66574,-95.826961,36.053961
66925,-95.827413,36.054099
66924,-95.827322,36.054099
66854,-95.826516,36.053279
66853,-95.826308,36.053279
66852,-95.826279,36.053279
66767,-95.825540,36.053004
66766,-95.825541,36.053065
66765,-95.825561,36.053141
66851,-95.825618,36.053279
66850,-95.825589,36.053279
66849,-95.825561,36.053279
66855,-95.825909,36.053961
66856,-95.825869,36.053961
66857,-95.825830,36.053961
66858,-95.825791,36.053961
66846,-95.825370,36.053008
66847,-95.825371,36.053068
66848,-95.825373,36.053128
66838,-95.825348,36.051361
66839,-95.825348,36.051375
66840,-95.825346,36.051572
66841,-95.825347,36.051632
66937,-95.828612,36.056688
66938,-95.828572,36.056708
66939,-95.827664,36.056763
66940,-95.827617,36.056762
66941,-95.827571,36.056762
66942,-95.827524,36.056761
66943,-95.827478,36.056761
66954,-95.827615,36.056900
66953,-95.827569,36.056900
66952,-95.827522,36.056899
66951,-95.827476,36.056899
66944,-95.827432,36.056761
66950,-95.827430,36.056899
66984,-95.827415,36.056912
66983,-95.827415,36.056937
66945,-95.826969,36.056773
66946,-95.826954,36.056773
66949,-95.826962,36.056911
66948,-95.826947,36.056912
66900,-95.825997,36.055843
66901,-95.825978,36.055852
66902,-95.825960,36.055861
66903,-95.825922,36.055879
66899,-95.826008,36.055997
66898,-95.825990,36.056007
66947,-95.826932,36.056912
66985,-95.826405,36.057636
66986,-95.826365,36.057650
66987,-95.826325,36.057663
66859,-95.824907,36.053952
66915,-95.825604,36.054112
66916,-95.825603,36.054149
66917,-95.825603,36.054186
66918,-95.825598,36.055038
66860,-95.824875,36.053952
66861,-95.824843,36.053952
66862,-95.824812,36.053952
66914,-95.824810,36.054090
66913,-95.824793,36.054149
66912,-95.824793,36.054197
66878,-95.824624,36.054102
66879,-95.824623,36.054149
66880,-95.824623,36.054197
66919,-95.825598,36.055075
66920,-95.825598,36.055112
66921,-95.825598,36.055149
66922,-95.825597,36.055186
66923,-95.825597,36.055223
66904,-95.825904,36.055889
66897,-95.825286,36.056404
66896,-95.825261,36.056419
66895,-95.825236,36.056433
66894,-95.825211,36.056448
66911,-95.824788,36.055289
66910,-95.824788,36.055337
66909,-95.824787,36.055384
66908,-95.824787,36.055432
66907,-95.824787,36.055479
66906,-95.824787,36.055527
66881,-95.824618,36.055289
66882,-95.824618,36.055337
66883,-95.824617,36.055384
66884,-95.824617,36.055432
66885,-95.824617,36.055479
66886,-95.824617,36.055527
66905,-95.824786,36.055574
66887,-95.824616,36.055574
66888,-95.824745,36.056563
66889,-95.824736,36.056569
66890,-95.824728,36.056575
66893,-95.824849,36.056671
66892,-95.824840,36.056677
66891,-95.824832,36.056683
70976,-95.823630,36.054904
70975,-95.823634,36.054950
70974,-95.823634,36.054985
70973,-95.823634,36.055021
70984,-95.823464,36.054926
70985,-95.823464,36.054950
70986,-95.823464,36.054985
70977,-95.822930,36.054605
70979,-95.822875,36.054587
70978,-95.822903,36.054596
70980,-95.822847,36.054579
71020,-95.822760,36.054708
71019,-95.822738,36.054765
71021,-95.822598,36.054668
71018,-95.822727,36.054794
71022,-95.822587,36.054696
71023,-95.822576,36.054725
71024,-95.822565,36.054754
70972,-95.823629,36.055801
70971,-95.823628,36.055836
70970,-95.823628,36.055872
70969,-95.823628,36.055907
70968,-95.823628,36.055943
70967,-95.823627,36.055978
70987,-95.823459,36.055801
70988,-95.823458,36.055836
70989,-95.823458,36.055872
70990,-95.823458,36.055907
70991,-95.823458,36.055943
71017,-95.822665,36.055431
71016,-95.822665,36.055461
71015,-95.822665,36.055522
71025,-95.822495,36.055431
71026,-95.822495,36.055461
71027,-95.822495,36.055492
71032,-95.821625,36.055572
66980,-95.827466,36.057758
66982,-95.827438,36.057691
66981,-95.827451,36.057730
66996,-95.826389,36.057791
66995,-95.826349,36.057804
66988,-95.826285,36.057676
66989,-95.826266,36.057683
66990,-95.826223,36.057687
66991,-95.826180,36.057692
66994,-95.826286,36.057819
66993,-95.826243,36.057823
66992,-95.826200,36.057828
67026,-95.826254,36.058946
67025,-95.826205,36.058969
66997,-95.826113,36.058853
67024,-95.826144,36.059001
66998,-95.826052,36.058885
67023,-95.826083,36.059033
67022,-95.826022,36.059066
67021,-95.825961,36.059098
67016,-95.826073,36.059471
67017,-95.826064,36.059460
67015,-95.825931,36.059547
67014,-95.825922,36.059536
67020,-95.825900,36.059130
67019,-95.825840,36.059163
67018,-95.825845,36.059191
67010,-95.825694,36.059256
67013,-95.825721,36.059289
67012,-95.825712,36.059278
67011,-95.825703,36.059267
67009,-95.825084,36.059673
67008,-95.825079,36.059695
67007,-95.825074,36.059718
66999,-95.824918,36.059649
67000,-95.824913,36.059671
67001,-95.824934,36.060239
67002,-95.824936,36.060262
70919,-95.823295,36.059132
70920,-95.823194,36.059022
70921,-95.823187,36.059027
70966,-95.822422,36.057520
70965,-95.822368,36.057551
70992,-95.822270,36.057439
70993,-95.822215,36.057471
70964,-95.822313,36.057583
70994,-95.822161,36.057502
70995,-95.822107,36.057534
70996,-95.822053,36.057566
70963,-95.822259,36.057614
70962,-95.822205,36.057646
70961,-95.822151,36.057678
70947,-95.822018,36.057797
70941,-95.822785,36.058118
70942,-95.822743,36.058141
70940,-95.822839,36.058255
70939,-95.822797,36.058279
70938,-95.822755,36.058302
70943,-95.822701,36.058165
70944,-95.822659,36.058188
70945,-95.822617,36.058212
70937,-95.822713,36.058326
70936,-95.822671,36.058350
70946,-95.822575,36.058236
70918,-95.823288,36.059136
70917,-95.823281,36.059141
70911,-95.823072,36.060177
70912,-95.823045,36.060190
70913,-95.823018,36.060203
70914,-95.822991,36.060216
70916,-95.823050,36.060347
70915,-95.822964,36.060229
70922,-95.822243,36.059493
70923,-95.822210,36.059509
70910,-95.822331,36.059611
70909,-95.822298,36.059627
71031,-95.821625,36.055675
71030,-95.821625,36.055727
71029,-95.821625,36.055779
70885,-95.821455,36.055572
70886,-95.821455,36.055623
70887,-95.821455,36.055675
70888,-95.821455,36.055727
70889,-95.821455,36.055779
70890,-95.821455,36.055831
71028,-95.821678,36.056796
71014,-95.821811,36.056888
71013,-95.821776,36.056908
71012,-95.821741,36.056929
70864,-95.820729,36.055421
70865,-95.820696,36.055421
70866,-95.820663,36.055421
70867,-95.820631,36.055421
70884,-95.820615,36.055572
70883,-95.820615,36.055644
70882,-95.820616,36.055716
70881,-95.820616,36.055789
70880,-95.820617,36.055861
70879,-95.820617,36.055933
70878,-95.820618,36.056006
70871,-95.820445,36.055572
70872,-95.820445,36.055644
70873,-95.820446,36.055716
70874,-95.820446,36.055789
70875,-95.820447,36.055861
70876,-95.820448,36.056006
70868,-95.820181,36.055427
70869,-95.820169,36.055427
70870,-95.820173,36.055565
70877,-95.820448,36.056078
71011,-95.820992,36.057358
71010,-95.820966,36.057373
71009,-95.820941,36.057388
70997,-95.821106,36.058104
70935,-95.821753,36.058872
70948,-95.821623,36.058778
70934,-95.821721,36.058890
70960,-95.821204,36.058216
70959,-95.821171,36.058235
70998,-95.821073,36.058123
71008,-95.819814,36.058058
71007,-95.819786,36.058083
70999,-95.820376,36.058520
71000,-95.820343,36.058539
71001,-95.820310,36.058558
70958,-95.820474,36.058632
70957,-95.820441,36.058651
70956,-95.820408,36.058670
70955,-95.820375,36.058689
70954,-95.820342,36.058708
71002,-95.820277,36.058577
71003,-95.820244,36.058596
70900,-95.820239,36.058848
70898,-95.820202,36.058807
70899,-95.820220,36.058827
70908,-95.821607,36.059917
70907,-95.821573,36.059931
70924,-95.821497,36.059807
70925,-95.821462,36.059821
70926,-95.821428,36.059835
70927,-95.821415,36.059836
70928,-95.821377,36.059841
70906,-95.821538,36.059945
70905,-95.821504,36.059959
70904,-95.821441,36.059972
70903,-95.821403,36.059977
70949,-95.820951,36.059162
70933,-95.821049,36.059274
70932,-95.821017,36.059293
70931,-95.820985,36.059311
70930,-95.820953,36.059329
70950,-95.820919,36.059181
70951,-95.820887,36.059199
70952,-95.820855,36.059217
70953,-95.820823,36.059236
70929,-95.820921,36.059348
70902,-95.820807,36.059483
70901,-95.820776,36.059446
70891,-95.819652,36.057999
70892,-95.819616,36.058037
70893,-95.819580,36.058075
71006,-95.819750,36.058121
71005,-95.819714,36.058159
71004,-95.819678,36.058197
70894,-95.819544,36.058113
70897,-95.819618,36.058352
70896,-95.819596,36.058338
70895,-95.819575,36.058324
67142,-95.831263,36.055013
67140,-95.831093,36.054863
67141,-95.831100,36.054869
67139,-95.831086,36.054857
67138,-95.831057,36.054855
66927,-95.830947,36.054751
66928,-95.830924,36.054766
66929,-95.830901,36.054782
66930,-95.830878,36.054798
67129,-95.831351,36.056787
67130,-95.831310,36.056804
67125,-95.831301,36.056961
67131,-95.831268,36.056821
67132,-95.831227,36.056837
67133,-95.831185,36.056854
67124,-95.831259,36.056978
67123,-95.831218,36.056995
67134,-95.831144,36.056871
67137,-95.830647,36.055236
67136,-95.830641,36.055261
67135,-95.830634,36.055286
66931,-95.830475,36.055233
66932,-95.830469,36.055257
66933,-95.830467,36.055302
67097,-95.831395,36.057703
67098,-95.831357,36.057719
67099,-95.831319,36.057735
67074,-95.831326,36.057922
67100,-95.831281,36.057752
67068,-95.831160,36.057954
67069,-95.831162,36.057969
67101,-95.830678,36.057874
67067,-95.830668,36.058013
67102,-95.830656,36.057875
67066,-95.830593,36.058051
67122,-95.830471,36.057308
67121,-95.830436,36.057322
67120,-95.830402,36.057337
66963,-95.830373,36.057194
66964,-95.830340,36.057208
66965,-95.830306,36.057222
67119,-95.830368,36.057352
66966,-95.830111,36.057305
66967,-95.830069,36.057321
66968,-95.830028,36.057338
67103,-95.830211,36.057434
67118,-95.830044,36.057485
67104,-95.830357,36.057664
67105,-95.830435,36.058003
67065,-95.830347,36.058279
67106,-95.830269,36.058157
67061,-95.830090,36.058490
67064,-95.830050,36.058423
67063,-95.830063,36.058445
67062,-95.830077,36.058468
67059,-95.830118,36.058536
67060,-95.830104,36.058513
67058,-95.830376,36.058999
67051,-95.830218,36.059049
67052,-95.830218,36.059056
67053,-95.830221,36.059081
67054,-95.830225,36.059106
66962,-95.829706,36.056258
66961,-95.829667,36.056279
66934,-95.829573,36.056165
66935,-95.829535,36.056186
66960,-95.829629,36.056300
66959,-95.829590,36.056321
66936,-95.829496,36.056207
66958,-95.828739,36.056785
66957,-95.828700,36.056804
66956,-95.828660,36.056824
66955,-95.828621,36.056844
66969,-95.829987,36.057355
66970,-95.829946,36.057371
67117,-95.830004,36.057501
66971,-95.829044,36.057740
66972,-95.829003,36.057757
67116,-95.829069,36.057883
67115,-95.829028,36.057899
67107,-95.829980,36.058281
67046,-95.829898,36.058483
67049,-95.829938,36.058550
67048,-95.829925,36.058528
67047,-95.829911,36.058505
67050,-95.829952,36.058573
67108,-95.829206,36.058588
67109,-95.829179,36.058599
67110,-95.829151,36.058610
67111,-95.829124,36.058621
67042,-95.829188,36.058835
67045,-95.829175,36.058785
67044,-95.829179,36.058801
67043,-95.829184,36.058818
67032,-95.829009,36.058815
67033,-95.829013,36.058831
67034,-95.829018,36.058848
67035,-95.829022,36.058865
66973,-95.828962,36.057773
66974,-95.828921,36.057790
67114,-95.828987,36.057916
67113,-95.828669,36.058623
66975,-95.828503,36.058506
66976,-95.828502,36.058544
66977,-95.828500,36.058581
66978,-95.828499,36.058618
67112,-95.828678,36.058669
66979,-95.828498,36.058656
67031,-95.828388,36.058809
67030,-95.828209,36.058809
67029,-95.828029,36.058809
67041,-95.829286,36.059213
67040,-95.829287,36.059230
67039,-95.829289,36.059247
67038,-95.829121,36.059257
67036,-95.829118,36.059223
67037,-95.829119,36.059240
67028,-95.827850,36.058809
67027,-95.827671,36.058809
67126,-95.832364,36.056360
67127,-95.832342,36.056373
67092,-95.832404,36.056544
67091,-95.832412,36.056562
67128,-95.832320,36.056387
67090,-95.832420,36.056580
67089,-95.832495,36.057037
67088,-95.832495,36.057056
67087,-95.832495,36.057076
67095,-95.832325,36.057037
67096,-95.832325,36.057056
67093,-95.832244,36.056590
67094,-95.832252,36.056608
66508,-95.831474,36.054162
66509,-95.831424,36.054213
66510,-95.831397,36.054247
67149,-95.831486,36.054387
67148,-95.831459,36.054421
66511,-95.831370,36.054280
66512,-95.831344,36.054313
66513,-95.831317,36.054347
67143,-95.831403,36.054936
67144,-95.831387,36.054919
67145,-95.831224,36.054775
67146,-95.831217,36.054769
67147,-95.831210,36.054763
66926,-95.831152,36.054547
67086,-95.832490,36.057675
67085,-95.832488,36.057700
67084,-95.832487,36.057725
67083,-95.832486,36.057751
67082,-95.832485,36.057776
67081,-95.832480,36.057809
67075,-95.832320,36.057669
67076,-95.832318,36.057694
67077,-95.832317,36.057719
67078,-95.832316,36.057745
67079,-95.832315,36.057770
67080,-95.832312,36.057787
67072,-95.831330,36.057951
67071,-95.831332,36.057965
67070,-95.831335,36.057980
67073,-95.831328,36.057936
67057,-95.830386,36.059040
67056,-95.830389,36.059065
67055,-95.830393,36.059090
66505,-95.832526,36.053940
66506,-95.832507,36.053947
66507,-95.832488,36.053954
67159,-95.832512,36.054134
67158,-95.832511,36.054144
67157,-95.832511,36.054155
67150,-95.832342,36.054130
67151,-95.832341,36.054140
67152,-95.832341,36.054151
67156,-95.832504,36.054404
67155,-95.832504,36.054415
67153,-95.832334,36.054400
67154,-95.832334,36.054411
67006,-95.825102,36.060229
67005,-95.825104,36.060252
67004,-95.825106,36.060275
67003,-95.824938,36.060285
74489,-95.829078,36.062956
74488,-95.829086,36.062960
74490,-95.829071,36.062953
74487,-95.828998,36.063078
74500,-95.827977,36.061591
74501,-95.827971,36.061594
74499,-95.828048,36.061715
74498,-95.828041,36.061717
74497,-95.828035,36.061720
74496,-95.828044,36.061748
68206,-95.828032,36.061730
68207,-95.828032,36.061730
74491,-95.828626,36.062333
74492,-95.828598,36.062313
74493,-95.828569,36.062292
74495,-95.828512,36.062252
74494,-95.828540,36.062272
74485,-95.828983,36.063071
74486,-95.828990,36.063074
74505,-95.828457,36.062396
74506,-95.828288,36.063477
74507,-95.828269,36.063494
74508,-95.828232,36.063529
74484,-95.828323,36.063654
74509,-95.828195,36.063564
74510,-95.828157,36.063599
74511,-95.828120,36.063634
74483,-95.828231,36.063772
74482,-95.828237,36.063777
74480,-95.828115,36.063871
74479,-95.828109,36.063866
74481,-95.828122,36.063877
74478,-95.828014,36.063906
73999,-95.827698,36.061519
74503,-95.827894,36.061812
68208,-95.827882,36.061794
74502,-95.827882,36.061794
74504,-95.827906,36.061831
73967,-95.827963,36.062722
73966,-95.827937,36.062745
73965,-95.827910,36.062769
73964,-95.827884,36.062793
73963,-95.827736,36.062926
73962,-95.827693,36.062966
73961,-95.827631,36.063009
73960,-95.827580,36.063041
73959,-95.827528,36.063073
73958,-95.827466,36.063106
73981,-95.827055,36.062330
73982,-95.827018,36.062316
73983,-95.826972,36.062300
73968,-95.827447,36.062951
73969,-95.827401,36.062979
73930,-95.826882,36.061381
73931,-95.826844,36.061381
73932,-95.826806,36.061381
73933,-95.826768,36.061381
73998,-95.826882,36.061519
73997,-95.826844,36.061519
73996,-95.826806,36.061519
73995,-95.826768,36.061519
73934,-95.825956,36.061408
73994,-95.825980,36.061544
73993,-95.825946,36.061560
73984,-95.826933,36.062290
73985,-95.826895,36.062279
73986,-95.826837,36.062270
73980,-95.826918,36.062430
73979,-95.826879,36.062420
73978,-95.826841,36.062409
73977,-95.826819,36.062406
73987,-95.825934,36.062243
73976,-95.825932,36.062381
73970,-95.826019,36.063111
73971,-95.825953,36.063111
74512,-95.827967,36.063760
74513,-95.827904,36.063802
74514,-95.827842,36.063845
74477,-95.827952,36.063949
74476,-95.827874,36.063992
74515,-95.827786,36.063876
74516,-95.827728,36.063898
74475,-95.827786,36.064026
74517,-95.827652,36.063921
74474,-95.827710,36.064049
73957,-95.826016,36.063249
73956,-95.825951,36.063249
74518,-95.825923,36.063961
73935,-95.825898,36.061424
73936,-95.825864,36.061440
73937,-95.825831,36.061455
73992,-95.825913,36.061575
73991,-95.825905,36.061574
73938,-95.825773,36.061488
73941,-95.825654,36.061645
73942,-95.825632,36.061824
73943,-95.825630,36.061985
73944,-95.825627,36.062146
73939,-95.825406,36.061386
73940,-95.825390,36.061385
73988,-95.825893,36.062242
73989,-95.825852,36.062242
73990,-95.825812,36.062242
73975,-95.825891,36.062380
73974,-95.825810,36.062380
73945,-95.825625,36.062393
73946,-95.825629,36.062718
73972,-95.825887,36.063111
73973,-95.825821,36.063111
73947,-95.825629,36.062733
73948,-95.825629,36.062749
73949,-95.825629,36.062764
73955,-95.825886,36.063249
73954,-95.825821,36.063249
73950,-95.825633,36.063261
73951,-95.825632,36.063284
73952,-95.825632,36.063308
73953,-95.825631,36.063331
74519,-95.825862,36.063945
74520,-95.825788,36.063918
74521,-95.825730,36.063888
74473,-95.825885,36.064095
74472,-95.825792,36.064071
74471,-95.825718,36.064044
74470,-95.825638,36.064002
74522,-95.824555,36.063981
74523,-95.824507,36.063981
74524,-95.824458,36.063981
74525,-95.824410,36.063981
74469,-95.824603,36.064119
74468,-95.824555,36.064119
74467,-95.824507,36.064119
74466,-95.824458,36.064119
74465,-95.824410,36.064119
74526,-95.824361,36.063981
74464,-95.824361,36.064119
74459,-95.822973,36.061277
74527,-95.823344,36.063981
74528,-95.823296,36.063981
74529,-95.823247,36.063981
74530,-95.823199,36.063981
74531,-95.823151,36.063981
74463,-95.823296,36.064119
74462,-95.823247,36.064119
74461,-95.823199,36.064119
74460,-95.823151,36.064119
74008,-95.826530,36.065439
74009,-95.826409,36.065301
74033,-95.826329,36.067114
74034,-95.826374,36.067252
74031,-95.826287,36.067115
74030,-95.826244,36.067115
74032,-95.826272,36.067253
74029,-95.826210,36.067253
74028,-95.826169,36.067253
74027,-95.826149,36.067254
74022,-95.825180,36.066286
74023,-95.825336,36.067002
74024,-95.825166,36.067000
74026,-95.825335,36.067083
74025,-95.825165,36.067081
74021,-95.832441,36.066231
74042,-95.832431,36.067209
74010,-95.831713,36.065681
74011,-95.831686,36.065681
74012,-95.831658,36.065681
74013,-95.831631,36.065681
74017,-95.831704,36.065961
74016,-95.831679,36.065961
74015,-95.831655,36.065961
74014,-95.831631,36.065961
74002,-95.831094,36.065294
74036,-95.831427,36.067081
74041,-95.831429,36.067219
74040,-95.831388,36.067219
74039,-95.831285,36.067219
74038,-95.831183,36.067220
74037,-95.831081,36.067221
74003,-95.830730,36.065295
74000,-95.830487,36.065434
74004,-95.830244,36.065296
74001,-95.830171,36.065435
74007,-95.830099,36.065297
74005,-95.830123,36.065435
74006,-95.830099,36.065435
74035,-95.829614,36.067093
74043,-95.833035,36.067544
72154,-95.833290,36.050639
72156,-95.833294,36.050777
72155,-95.833253,36.050778
73928,-95.833065,36.050627
72108,-95.833240,36.052405
73927,-95.833065,36.052009
73929,-95.833035,36.056287
67160,-95.827421,36.046284
67161,-95.821131,36.046291
67202,-95.819355,36.046261
67201,-95.819355,36.046277
67200,-95.819185,36.046277
74451,-95.833273,36.046463
