44617,-97.462789,35.683666
44619,-97.462619,35.683495
44618,-97.462627,35.683704
44620,-97.462569,35.683627
44621,-97.462191,35.683462
44616,-97.462805,35.684359
44613,-97.462808,35.685102
44615,-97.462639,35.685035
44614,-97.462640,35.685116
44612,-97.462641,35.685710
44611,-97.462644,35.686386
46295,-97.460416,35.684357
46296,-97.460584,35.685277
46299,-97.460584,35.685350
46297,-97.460416,35.685277
46300,-97.460584,35.686196
46298,-97.460416,35.686196
44589,-97.458256,35.683938
44591,-97.458429,35.684732
44590,-97.458261,35.684732
44592,-97.458259,35.685834
44597,-97.460584,35.687115
44598,-97.460584,35.687263
44595,-97.460584,35.687336
44596,-97.460416,35.687299
44600,-97.460585,35.689124
44601,-97.460585,35.689124
44602,-97.460594,35.689574
44599,-97.460594,35.689742
46303,-97.460331,35.689515
44594,-97.458238,35.687157
44588,-97.459069,35.688037
46302,-97.460180,35.689513
46301,-97.460028,35.689510
46321,-97.457723,35.690375
46323,-97.457428,35.690100
46322,-97.457614,35.690266
46324,-97.457294,35.690004
46376,-97.457320,35.690204
46375,-97.457199,35.690117
46325,-97.457072,35.689963
46326,-97.456807,35.689972
46320,-97.457946,35.690606
44609,-97.464569,35.687204
44608,-97.464343,35.687208
44610,-97.464271,35.687069
44605,-97.462644,35.687323
44607,-97.462809,35.687768
44606,-97.462809,35.687834
44604,-97.462806,35.688368
44603,-97.462638,35.688435
46305,-97.460600,35.690898
46306,-97.460600,35.690941
46304,-97.460604,35.691887
46860,-97.462638,35.693518
46308,-97.460608,35.692770
46413,-97.460614,35.693927
46414,-97.460615,35.694065
46307,-97.460429,35.693731
46412,-97.460262,35.693869
46461,-97.460466,35.696322
46460,-97.460299,35.696307
46316,-97.459262,35.692063
41780,-97.459251,35.692070
46315,-97.459251,35.692070
46319,-97.458537,35.691279
46317,-97.459171,35.691946
41771,-97.459155,35.691956
46318,-97.459129,35.691953
46314,-97.458901,35.692267
46398,-97.458623,35.691612
46399,-97.458181,35.692509
46374,-97.456668,35.690115
46327,-97.456635,35.689978
46328,-97.456464,35.689984
46373,-97.456500,35.690121
46397,-97.457810,35.690686
46396,-97.457409,35.690911
46377,-97.457168,35.690878
46395,-97.457143,35.691060
46394,-97.456878,35.691209
46378,-97.456493,35.691257
46393,-97.456468,35.691439
46379,-97.456227,35.691406
46392,-97.456203,35.691588
46329,-97.456028,35.689999
46372,-97.455903,35.690142
46330,-97.455856,35.690005
46331,-97.455685,35.690011
46371,-97.455735,35.690147
46370,-97.455566,35.690153
46332,-97.455248,35.690026
46333,-97.455077,35.690032
46380,-97.455962,35.691555
46391,-97.455937,35.691736
46381,-97.455697,35.691704
46390,-97.455672,35.691885
46382,-97.455286,35.691934
46334,-97.452746,35.690262
46366,-97.453245,35.691957
46341,-97.453276,35.692173
46335,-97.452751,35.690568
46336,-97.452759,35.690874
46369,-97.452931,35.691011
46368,-97.452939,35.691316
46337,-97.452767,35.691180
46338,-97.452775,35.691485
46367,-97.453005,35.691738
46339,-97.452805,35.691665
46340,-97.453006,35.691961
46309,-97.460063,35.693731
46411,-97.459896,35.693869
46310,-97.459697,35.693731
46410,-97.459530,35.693869
46313,-97.458387,35.692559
46312,-97.458185,35.692673
46311,-97.458765,35.693731
46409,-97.458594,35.693862
46408,-97.458218,35.693775
46356,-97.458980,35.695271
46357,-97.458723,35.695271
46355,-97.458863,35.695409
46358,-97.458465,35.695271
46354,-97.458605,35.695409
46359,-97.458208,35.695271
46353,-97.458348,35.695409
46459,-97.458979,35.696414
46458,-97.458975,35.696637
46438,-97.458814,35.696311
46437,-97.458724,35.696296
46439,-97.458809,35.696534
46400,-97.457979,35.692624
46401,-97.457777,35.692739
46402,-97.457318,35.692999
46406,-97.457650,35.693361
46407,-97.457889,35.693610
46403,-97.456964,35.693195
46404,-97.456611,35.693392
46405,-97.456258,35.693589
46362,-97.456590,35.694591
46363,-97.456134,35.694225
46346,-97.456236,35.694499
46352,-97.458091,35.695409
46351,-97.457700,35.695378
46360,-97.457188,35.695055
46350,-97.457292,35.695284
46436,-97.457732,35.696289
46415,-97.457389,35.696151
46349,-97.456966,35.695073
46361,-97.456884,35.694826
46348,-97.456674,35.694851
46347,-97.456391,35.694623
46416,-97.456328,35.696151
46435,-97.456173,35.696289
46457,-97.457751,35.698116
46440,-97.457540,35.697839
46452,-97.457566,35.697998
46441,-97.456203,35.697962
46364,-97.455116,35.693428
46345,-97.455953,35.694272
46344,-97.455513,35.693923
46343,-97.454796,35.693366
46365,-97.454486,35.692933
46342,-97.454084,35.692806
46419,-97.454681,35.695411
46421,-97.454509,35.695442
46422,-97.454567,35.695523
46420,-97.454448,35.695376
46418,-97.454802,35.695762
46417,-97.454798,35.695856
46423,-97.454636,35.695727
46424,-97.454598,35.696151
46434,-97.454475,35.696289
46383,-97.453938,35.692699
46389,-97.453681,35.693046
46384,-97.453439,35.693031
46388,-97.453432,35.693213
46385,-97.453190,35.693198
46387,-97.453182,35.693379
46386,-97.452942,35.693340
46426,-97.452131,35.695795
46425,-97.452202,35.696011
46442,-97.455633,35.698168
44975,-97.451345,35.691413
44974,-97.451354,35.691505
44976,-97.451177,35.691429
44977,-97.451186,35.691507
44973,-97.451356,35.691591
44978,-97.451188,35.691593
44972,-97.451378,35.692486
44979,-97.451210,35.692488
44971,-97.451383,35.692657
44970,-97.451384,35.692849
44980,-97.451212,35.692573
44981,-97.451215,35.692659
44982,-97.451216,35.692851
44969,-97.451388,35.693204
44968,-97.451388,35.693241
44967,-97.451388,35.693278
44966,-97.451389,35.693316
44965,-97.451389,35.693353
44983,-97.451220,35.693206
44984,-97.451220,35.693243
44985,-97.451220,35.693280
44986,-97.451221,35.693318
44964,-97.451393,35.693671
44963,-97.451393,35.693708
44987,-97.451225,35.693673
44988,-97.451225,35.693710
44962,-97.451398,35.694138
44995,-97.450384,35.692570
44994,-97.450386,35.692810
44993,-97.450406,35.693428
44992,-97.450408,35.693493
44991,-97.450410,35.693558
44989,-97.450557,35.694169
44990,-97.450412,35.693623
45032,-97.451226,35.689564
45031,-97.451237,35.689619
45033,-97.451062,35.689596
45034,-97.451069,35.689635
45030,-97.451268,35.690178
45029,-97.451265,35.690226
45035,-97.451100,35.690170
45028,-97.451221,35.690306
45027,-97.451184,35.690343
45026,-97.451147,35.690380
45038,-97.450502,35.690447
45039,-97.450415,35.690379
45040,-97.450329,35.690311
45021,-97.450299,35.690477
45020,-97.450213,35.690409
45036,-97.450676,35.690584
45037,-97.450589,35.690515
45024,-97.450560,35.690682
45025,-97.450677,35.690797
45023,-97.450473,35.690613
45022,-97.450386,35.690545
44998,-97.450254,35.691457
44999,-97.450162,35.691386
45000,-97.450071,35.691316
44955,-97.450046,35.691486
44956,-97.450138,35.691557
44997,-97.450384,35.692365
44996,-97.450384,35.692468
44957,-97.450216,35.692365
44958,-97.450216,35.692468
45041,-97.449554,35.689733
45019,-97.449490,35.689861
45042,-97.449443,35.689696
45043,-97.449297,35.689661
45018,-97.449379,35.689824
45017,-97.449299,35.689799
45044,-97.449177,35.689662
45045,-97.449056,35.689663
45016,-97.448077,35.689896
45046,-97.448027,35.689764
45015,-97.447962,35.689925
45001,-97.449822,35.691116
44953,-97.449763,35.691262
44954,-97.449955,35.691416
44952,-97.449702,35.691212
45002,-97.449179,35.690596
45003,-97.449118,35.690547
45004,-97.449056,35.690498
44951,-97.449061,35.690694
44937,-97.449388,35.692021
44939,-97.449237,35.691803
44938,-97.449344,35.691906
44940,-97.449145,35.691740
44941,-97.449054,35.691669
44935,-97.449188,35.691958
44934,-97.449131,35.691909
44933,-97.449029,35.691840
44936,-97.449220,35.692037
44950,-97.448938,35.690596
44942,-97.448465,35.691203
45005,-97.448291,35.690523
45006,-97.448210,35.690546
44949,-97.448225,35.690688
44945,-97.448196,35.690985
45007,-97.448129,35.690570
45008,-97.448048,35.690593
45009,-97.447967,35.690617
44946,-97.448107,35.690913
44948,-97.448007,35.690771
44947,-97.448040,35.690871
44943,-97.448376,35.691131
44944,-97.448286,35.691058
44930,-97.448258,35.691229
44931,-97.448347,35.691301
44928,-97.448078,35.691083
44929,-97.448168,35.691156
44927,-97.447989,35.691011
44932,-97.448938,35.691769
44917,-97.448009,35.691944
44918,-97.447962,35.691905
45047,-97.447912,35.689793
45014,-97.447847,35.689954
45048,-97.447797,35.689822
45049,-97.447682,35.689851
45013,-97.447732,35.689983
45050,-97.447567,35.689880
45012,-97.447617,35.690012
45010,-97.447689,35.690697
44925,-97.447845,35.690807
44926,-97.447878,35.690907
45011,-97.447609,35.690725
44922,-97.447228,35.691302
44923,-97.447184,35.691266
44891,-97.447147,35.691017
44924,-97.447141,35.691230
44902,-97.446984,35.691325
44919,-97.447915,35.691867
44920,-97.447868,35.691828
44921,-97.447821,35.691790
44916,-97.447842,35.692001
44913,-97.447701,35.691886
44915,-97.447795,35.691963
44914,-97.447748,35.691924
44903,-97.447395,35.691893
44904,-97.447314,35.691950
44905,-97.447233,35.692006
44912,-97.447424,35.692054
44911,-97.447343,35.692110
44910,-97.447262,35.692166
44909,-97.447219,35.692223
44906,-97.447152,35.692062
44907,-97.447077,35.692149
44908,-97.447033,35.692253
44892,-97.446878,35.691217
44901,-97.446892,35.691384
44893,-97.446786,35.691276
44900,-97.446801,35.691444
44959,-97.450216,35.692570
44960,-97.450218,35.692814
44961,-97.450238,35.693432
44872,-97.449189,35.694148
44873,-97.448917,35.693981
44874,-97.448633,35.693985
44871,-97.448919,35.694119
44870,-97.448635,35.694123
44876,-97.448350,35.693671
44875,-97.448350,35.693989
44877,-97.448183,35.693640
44878,-97.448182,35.693667
44879,-97.448181,35.693694
44869,-97.448352,35.694127
44868,-97.448114,35.694126
44860,-97.449178,35.694851
45051,-97.446518,35.690368
45052,-97.446418,35.690433
44890,-97.446524,35.690539
44889,-97.446424,35.690605
44894,-97.446695,35.691336
44899,-97.446710,35.691504
44895,-97.446604,35.691396
44896,-97.446513,35.691455
45053,-97.446318,35.690499
44888,-97.446330,35.690671
45054,-97.446218,35.690569
44887,-97.446234,35.690740
44886,-97.446135,35.690812
44898,-97.446619,35.691563
44897,-97.446528,35.691623
44885,-97.445414,35.691327
44884,-97.445316,35.691394
44883,-97.444877,35.692537
44861,-97.449115,35.694851
44859,-97.449115,35.694989
46427,-97.449513,35.696144
46428,-97.449020,35.696141
44862,-97.448397,35.694860
44863,-97.448334,35.694860
44858,-97.448395,35.694998
44857,-97.448332,35.694998
44864,-97.448272,35.694859
44865,-97.448209,35.694858
44856,-97.448270,35.694997
44855,-97.448207,35.694996
46429,-97.448033,35.696134
44880,-97.447522,35.693981
44881,-97.447474,35.693981
44867,-97.447759,35.694120
44833,-97.447378,35.694119
44814,-97.446361,35.693291
44813,-97.446263,35.693279
44815,-97.446806,35.693801
44816,-97.446799,35.693881
44817,-97.446796,35.693968
44818,-97.446721,35.693981
44819,-97.446664,35.693981
44832,-97.446779,35.694119
44831,-97.446721,35.694119
44830,-97.446664,35.694119
44820,-97.446061,35.693981
44821,-97.446003,35.693981
44822,-97.445946,35.693981
44829,-97.446061,35.694119
44828,-97.446003,35.694119
44827,-97.445946,35.694119
44854,-97.447612,35.694990
44866,-97.447552,35.694852
44853,-97.447550,35.694990
44834,-97.447192,35.694858
44852,-97.447198,35.694996
44835,-97.446721,35.694857
44836,-97.446665,35.694857
44851,-97.446719,35.694995
44850,-97.446663,35.694995
44837,-97.446609,35.694856
44849,-97.446607,35.694994
44848,-97.446551,35.694994
44838,-97.446023,35.694851
44847,-97.446021,35.694989
44839,-97.445967,35.694851
44840,-97.445911,35.694851
44846,-97.445965,35.694989
44845,-97.445909,35.694989
46430,-97.446868,35.696127
46431,-97.446381,35.696124
44882,-97.444898,35.692561
44812,-97.445198,35.693057
44811,-97.444951,35.693065
44823,-97.445345,35.693980
44824,-97.445287,35.693979
44826,-97.445341,35.694118
44825,-97.445283,35.694117
44810,-97.444593,35.693130
44809,-97.444244,35.693213
44841,-97.445328,35.694844
44842,-97.445273,35.694841
44844,-97.445318,35.694982
44843,-97.445263,35.694979
46432,-97.445894,35.696120
46433,-97.445407,35.696117
44743,-97.445577,35.697548
44744,-97.445533,35.697544
44741,-97.445561,35.697684
44735,-97.444846,35.697740
44808,-97.443839,35.693269
44807,-97.443802,35.693269
47371,-97.442974,35.693319
47370,-97.442974,35.693877
47369,-97.442974,35.694435
47368,-97.442974,35.694993
46810,-97.468764,35.691542
46809,-97.468764,35.691633
46808,-97.468764,35.691724
46813,-97.468596,35.691542
46806,-97.468617,35.692875
46805,-97.468611,35.693013
46804,-97.468545,35.693011
46807,-97.468518,35.692872
46801,-97.468703,35.694166
46800,-97.468725,35.694238
46799,-97.468732,35.694352
46798,-97.468731,35.694408
46831,-97.466445,35.689721
46835,-97.466556,35.689859
46834,-97.466454,35.689859
46811,-97.468009,35.690717
46812,-97.468049,35.690857
46837,-97.467685,35.690704
46838,-97.467382,35.690730
46826,-97.467187,35.690975
46839,-97.467098,35.690859
46840,-97.466526,35.691388
46825,-97.466589,35.691518
46832,-97.466345,35.689721
46833,-97.466353,35.689859
46841,-97.466280,35.691517
46824,-97.466350,35.691646
46823,-97.466170,35.691818
46842,-97.466055,35.691709
46822,-97.465893,35.692475
46843,-97.465737,35.692399
46803,-97.467811,35.692750
46814,-97.467771,35.692604
46815,-97.467709,35.692642
46852,-97.467907,35.694404
46853,-97.467916,35.694574
46802,-97.467798,35.693954
46816,-97.467368,35.693207
46817,-97.467378,35.693270
46851,-97.467210,35.694164
46850,-97.466828,35.694206
46854,-97.467862,35.694723
46821,-97.465874,35.692709
46820,-97.465874,35.692954
46844,-97.465708,35.692644
46845,-97.465706,35.692886
46818,-97.466124,35.694045
46819,-97.465873,35.693685
46847,-97.465926,35.694093
46848,-97.465913,35.694420
46849,-97.465905,35.694437
46846,-97.465702,35.693604
46857,-97.464509,35.692569
46858,-97.463933,35.692566
46859,-97.463381,35.692563
46856,-97.462805,35.692717
46855,-97.462804,35.692836
46738,-97.463861,35.695356
46739,-97.463871,35.695753
46861,-97.462629,35.696190
46830,-97.468846,35.689907
46827,-97.468654,35.689964
46829,-97.468750,35.690019
46828,-97.468702,35.689991
46836,-97.467429,35.689910
46794,-97.469682,35.696194
46795,-97.469474,35.696194
46796,-97.469297,35.696195
46787,-97.474119,35.696354
46790,-97.474032,35.696215
46791,-97.472760,35.696203
46792,-97.472375,35.696199
46793,-97.471102,35.696191
46797,-97.468717,35.695058
46263,-97.424951,35.696241
46262,-97.424804,35.696242
46261,-97.423727,35.696255
46260,-97.423580,35.696257
46264,-97.425072,35.697147
46265,-97.425073,35.697216
46266,-97.424981,35.698831
46284,-97.424983,35.698969
46267,-97.424852,35.698833
46283,-97.424854,35.698971
46285,-97.425090,35.700036
46268,-97.423909,35.698841
46282,-97.423911,35.698979
46269,-97.423780,35.698843
46281,-97.423782,35.698981
46259,-97.422504,35.696269
46258,-97.422357,35.696271
46257,-97.421280,35.696284
46273,-97.421843,35.697739
46272,-97.421839,35.697785
46274,-97.421675,35.697729
46275,-97.421671,35.697775
46276,-97.421669,35.697797
46277,-97.421649,35.698305
46270,-97.422837,35.698851
46271,-97.422752,35.698852
46280,-97.422839,35.698989
46279,-97.422754,35.698990
46278,-97.422668,35.698991
46286,-97.425100,35.702313
46248,-97.419819,35.698881
46249,-97.419780,35.698881
46247,-97.419819,35.699019
46250,-97.419742,35.698881
46251,-97.419627,35.698881
46246,-97.419742,35.699019
46245,-97.419627,35.699019
46256,-97.417714,35.696456
46255,-97.417714,35.696557
46238,-97.417546,35.696456
46239,-97.417546,35.696557
46254,-97.417714,35.697296
46240,-97.417546,35.697296
46253,-97.417714,35.698035
46241,-97.417546,35.698035
46242,-97.417546,35.698102
46252,-97.418782,35.698881
46244,-97.418782,35.699019
46243,-97.418706,35.699019
46500,-97.452274,35.701067
46498,-97.452126,35.701001
46499,-97.452088,35.701086
47559,-97.452793,35.702634
47560,-97.452793,35.702634
46625,-97.452240,35.704485
46624,-97.452204,35.705352
46623,-97.452204,35.705387
46622,-97.452204,35.706238
46621,-97.452205,35.706307
46620,-97.452206,35.706378
46619,-97.452225,35.707122
46618,-97.452226,35.707193
46617,-97.452228,35.707264
46616,-97.452244,35.708008
46615,-97.452244,35.708079
46614,-97.452244,35.708150
44786,-97.450445,35.699584
44785,-97.449900,35.699690
44784,-97.449847,35.699704
44797,-97.448976,35.699800
44783,-97.448988,35.699940
44799,-97.448040,35.699206
44798,-97.448043,35.699258
44781,-97.447875,35.699264
44782,-97.447876,35.699313
44780,-97.447872,35.699212
44762,-97.445965,35.699416
44756,-97.445803,35.699382
44748,-97.445670,35.699207
44757,-97.445740,35.699575
44749,-97.445018,35.699217
44755,-97.445095,35.699346
44754,-97.445046,35.699353
44761,-97.445847,35.700100
44760,-97.445848,35.700133
44752,-97.444711,35.700124
40245,-97.450829,35.704538
40246,-97.450706,35.704377
40247,-97.450650,35.704347
40248,-97.450616,35.704333
40282,-97.450540,35.704455
40283,-97.450669,35.704578
40249,-97.449699,35.704286
40281,-97.449697,35.704424
40250,-97.448734,35.704281
40251,-97.448696,35.704280
40280,-97.448732,35.704419
40244,-97.450868,35.705384
40243,-97.450868,35.705418
40284,-97.450700,35.705384
40715,-97.450874,35.706198
40716,-97.450874,35.706198
40717,-97.450874,35.706198
40718,-97.450874,35.706198
40242,-97.450874,35.706362
40714,-97.450706,35.706198
40285,-97.450630,35.706196
40289,-97.450706,35.706362
40286,-97.450561,35.706190
40288,-97.450612,35.706332
40287,-97.450543,35.706326
40290,-97.450706,35.706403
40241,-97.450874,35.707405
40240,-97.450874,35.707447
40291,-97.450706,35.707405
40292,-97.450706,35.707447
40239,-97.450874,35.708448
40238,-97.450874,35.708490
40293,-97.450706,35.708448
40274,-97.448690,35.707821
40275,-97.448640,35.707820
40273,-97.448688,35.707959
40272,-97.448638,35.707958
44759,-97.447892,35.700966
44758,-97.447385,35.702382
40279,-97.446706,35.704569
40252,-97.446610,35.704442
40253,-97.446566,35.704491
40256,-97.444344,35.704322
40255,-97.444344,35.704384
40254,-97.444344,35.704447
40257,-97.444176,35.704322
40258,-97.444176,35.704384
40259,-97.444176,35.704447
40278,-97.446717,35.705986
40264,-97.446549,35.705978
40265,-97.446444,35.706801
40266,-97.446437,35.706834
40276,-97.447459,35.707813
40277,-97.447409,35.707813
40271,-97.447457,35.707951
40270,-97.447407,35.707951
40267,-97.446076,35.707723
40268,-97.446060,35.707757
40263,-97.444354,35.706022
40262,-97.444354,35.706056
40260,-97.444186,35.706022
40261,-97.444186,35.706056
40269,-97.445811,35.708634
40237,-97.450594,35.709627
40236,-97.450546,35.709645
40294,-97.450474,35.709521
40295,-97.449278,35.709602
40235,-97.449276,35.709740
40234,-97.449223,35.709739
40296,-97.447790,35.709589
40297,-97.447718,35.709587
40308,-97.447786,35.709727
40298,-97.445993,35.709562
40307,-97.446024,35.709700
40306,-97.445789,35.709699
40305,-97.444986,35.709699
40304,-97.444952,35.709699
40300,-97.444290,35.709298
40299,-97.444312,35.709318
40302,-97.444166,35.709391
40303,-97.444188,35.709412
40301,-97.444144,35.709370
46451,-97.455694,35.698335
46443,-97.455324,35.698697
46450,-97.455268,35.698848
46444,-97.455114,35.698710
46482,-97.455115,35.700353
46486,-97.455127,35.700514
46449,-97.454953,35.698827
46448,-97.454717,35.698838
46446,-97.454178,35.699011
46447,-97.454087,35.699172
46483,-97.455084,35.700339
46484,-97.455004,35.700459
46485,-97.455065,35.700487
46504,-97.454181,35.700230
46505,-97.454187,35.700463
46445,-97.453909,35.699051
46496,-97.454056,35.699893
46497,-97.454008,35.699894
46503,-97.454062,35.700031
46502,-97.453740,35.700039
46501,-97.452928,35.700494
46495,-97.454359,35.700763
46506,-97.454191,35.700765
46507,-97.454204,35.701673
46508,-97.454240,35.701991
44790,-97.451022,35.697631
44791,-97.451041,35.697769
44792,-97.450914,35.698551
44789,-97.451240,35.698732
44788,-97.451236,35.698766
44787,-97.451221,35.698818
44796,-97.450417,35.699448
44805,-97.449299,35.697651
44804,-97.449299,35.697789
44793,-97.448969,35.698561
44806,-97.448565,35.697622
44773,-97.447994,35.697069
44774,-97.448397,35.697634
44803,-97.448956,35.697789
44802,-97.448559,35.697918
44775,-97.448398,35.697837
44776,-97.448393,35.697892
44801,-97.448218,35.698485
44777,-97.448082,35.698403
44795,-97.449157,35.698835
44794,-97.448988,35.698796
44800,-97.448063,35.698738
44772,-97.447303,35.697307
44778,-97.447922,35.698646
44771,-97.446692,35.697475
44770,-97.446521,35.697585
44769,-97.446373,35.697699
44768,-97.446194,35.697933
44742,-97.446033,35.697697
44745,-97.446040,35.697875
44767,-97.446084,35.698358
44746,-97.445916,35.698358
44766,-97.446097,35.698561
44765,-97.446103,35.698621
44764,-97.446110,35.698681
44747,-97.445935,35.698633
44779,-97.447903,35.698696
44763,-97.446112,35.698751
44739,-97.445461,35.698391
44740,-97.445425,35.698391
44738,-97.445461,35.698529
44737,-97.445425,35.698529
44736,-97.444846,35.698062
44750,-97.444416,35.699301
44751,-97.444362,35.699302
44753,-97.443794,35.699527
46475,-97.460429,35.703391
46516,-97.460446,35.703542
46517,-97.460386,35.704309
46626,-97.460614,35.704462
46583,-97.460428,35.704448
46584,-97.460446,35.704495
46585,-97.460446,35.704528
46586,-97.460426,35.706902
46587,-97.460370,35.706903
46597,-97.460374,35.707041
46476,-97.459851,35.703391
46477,-97.459274,35.703391
46515,-97.459274,35.703529
46518,-97.459384,35.704305
46582,-97.459384,35.704443
46581,-97.458344,35.704501
46580,-97.458344,35.704551
46479,-97.457314,35.701226
46489,-97.457184,35.701312
46478,-97.458076,35.702587
46490,-97.457922,35.702643
46514,-97.457939,35.702759
46513,-97.457197,35.702759
46480,-97.456910,35.701156
46488,-97.456914,35.701294
46491,-97.456455,35.702621
46519,-97.458160,35.704299
46520,-97.458104,35.704298
46521,-97.458048,35.704297
46568,-97.458100,35.704436
46569,-97.458176,35.704501
46570,-97.458176,35.704551
46567,-97.458044,35.704435
46522,-97.456764,35.704275
46523,-97.456708,35.704274
46566,-97.456760,35.704413
46565,-97.456648,35.704411
46524,-97.456596,35.704272
46579,-97.458727,35.705781
46578,-97.458675,35.705809
46577,-97.458652,35.705818
46588,-97.459706,35.706988
46589,-97.459681,35.706999
46596,-97.459304,35.707672
46595,-97.459318,35.707692
46594,-97.459324,35.707703
46590,-97.459017,35.707516
46591,-97.459023,35.707526
46592,-97.459154,35.707734
46593,-97.459168,35.707754
46576,-97.458112,35.706026
46575,-97.458088,35.706035
46574,-97.458065,35.706044
46571,-97.458040,35.705902
46572,-97.458016,35.705911
46573,-97.457993,35.705920
46549,-97.457157,35.708591
46555,-97.456139,35.707579
46554,-97.456176,35.707616
46553,-97.456214,35.707654
46552,-97.457044,35.708479
46551,-97.457081,35.708516
46550,-97.457119,35.708554
46544,-97.456951,35.708604
46543,-97.456914,35.708567
46481,-97.455538,35.700960
46487,-97.455388,35.701024
46492,-97.456084,35.702621
46512,-97.456084,35.702759
46493,-97.455713,35.702621
46511,-97.455713,35.702759
46510,-97.455342,35.702759
46494,-97.454536,35.702220
46509,-97.454386,35.702282
46525,-97.455471,35.704751
46526,-97.455436,35.704734
46527,-97.455402,35.704717
46564,-97.455561,35.704976
46563,-97.455526,35.705015
46530,-97.455420,35.704886
46529,-97.455385,35.704869
46531,-97.455388,35.704937
46528,-97.455350,35.704852
46562,-97.454795,35.705987
46561,-97.454787,35.706023
46532,-97.454635,35.705945
46533,-97.454621,35.706005
46556,-97.456101,35.707542
46540,-97.455971,35.707630
46542,-97.456046,35.707704
46541,-97.456009,35.707667
46557,-97.454945,35.707007
46558,-97.454886,35.707006
46539,-97.455045,35.707148
46538,-97.454999,35.707147
46537,-97.454939,35.707145
46536,-97.454880,35.707144
46559,-97.454826,35.707004
46560,-97.454767,35.707002
46535,-97.454820,35.707142
46534,-97.454761,35.707140
46603,-97.454795,35.708854
46604,-97.454631,35.708886
46605,-97.454639,35.708913
46548,-97.457958,35.709460
46547,-97.457978,35.709505
46545,-97.457800,35.709506
46546,-97.457820,35.709551
46601,-97.455304,35.709404
46600,-97.455326,35.709425
46602,-97.455282,35.709382
46607,-97.455174,35.709492
46606,-97.455152,35.709470
46598,-97.455826,35.709981
46599,-97.455813,35.709955
46608,-97.455657,35.710007
46609,-97.455670,35.710033
46610,-97.453972,35.710665
46611,-97.453622,35.710664
46613,-97.452244,35.708965
46612,-97.452244,35.709886
46784,-97.468518,35.697283
46783,-97.468427,35.697744
46782,-97.468420,35.697781
46762,-97.468490,35.700973
46761,-97.468479,35.701017
46785,-97.467832,35.697084
46775,-97.468261,35.697722
46776,-97.468254,35.697759
46781,-97.468399,35.698197
46780,-97.468401,35.698235
46777,-97.468231,35.698201
46778,-97.468233,35.698239
46779,-97.468234,35.698276
46786,-97.467352,35.697078
46774,-97.466854,35.697228
46740,-97.466499,35.697693
46741,-97.466474,35.697665
46773,-97.466434,35.697933
46763,-97.467544,35.700729
46764,-97.466827,35.700700
46765,-97.466771,35.700678
46742,-97.466188,35.697347
46743,-97.466052,35.697429
46744,-97.466344,35.697754
46745,-97.466285,35.697859
46716,-97.464374,35.696966
46715,-97.464398,35.697026
46714,-97.464504,35.697694
46713,-97.464504,35.697756
46712,-97.464504,35.697819
46711,-97.464504,35.697881
46719,-97.464336,35.697694
46720,-97.464336,35.697756
46721,-97.464336,35.697819
46722,-97.464336,35.697881
46710,-97.464486,35.698481
46709,-97.464479,35.698543
46708,-97.464467,35.698616
46746,-97.465862,35.698730
46747,-97.465856,35.698811
46748,-97.465831,35.700586
46704,-97.464322,35.700172
46737,-97.462928,35.696461
46736,-97.462931,35.696581
46627,-97.462657,35.696464
46628,-97.462664,35.696583
46717,-97.464214,35.697008
46718,-97.464238,35.697068
46723,-97.464318,35.698469
46724,-97.464311,35.698531
46725,-97.464305,35.698582
46734,-97.463314,35.697793
46733,-97.463314,35.697913
46735,-97.462935,35.696696
46629,-97.462669,35.696702
46732,-97.463277,35.698049
46630,-97.462883,35.697830
46631,-97.462915,35.697948
46632,-97.462947,35.698065
46731,-97.463244,35.698223
46730,-97.463153,35.698584
46661,-97.462863,35.698214
46662,-97.462918,35.698677
46633,-97.462664,35.698081
46660,-97.462759,35.698219
46659,-97.462664,35.698219
46726,-97.463992,35.699165
46727,-97.463956,35.699220
46705,-97.464284,35.700038
46706,-97.464258,35.700046
46703,-97.464003,35.700305
46702,-97.464012,35.700383
46669,-97.463835,35.700319
46707,-97.463601,35.699891
46668,-97.463647,35.700101
46667,-97.463339,35.699895
46729,-97.463071,35.698734
46663,-97.462909,35.698697
46664,-97.462901,35.698717
46728,-97.462958,35.699115
46653,-97.462810,35.699120
46666,-97.463055,35.699703
46665,-97.462856,35.699418
46652,-97.462695,35.699149
46654,-97.462545,35.699025
46651,-97.462555,35.699163
46655,-97.462456,35.699029
46650,-97.462404,35.699159
46649,-97.462290,35.699129
46640,-97.461888,35.697057
46639,-97.461936,35.697243
46638,-97.461954,35.697329
46643,-97.461788,35.697353
46637,-97.461967,35.697423
46636,-97.461974,35.697510
46635,-97.461981,35.697597
46641,-97.461734,35.697113
46642,-97.461751,35.697181
46634,-97.461988,35.697684
46658,-97.461383,35.698000
46656,-97.461547,35.698519
46657,-97.461370,35.698321
46648,-97.461443,35.698627
46647,-97.461348,35.698566
46644,-97.461231,35.697942
46645,-97.461181,35.698037
46646,-97.461208,35.698361
46462,-97.460466,35.698343
46676,-97.462250,35.700426
46677,-97.462197,35.700378
46679,-97.462090,35.700282
46678,-97.462143,35.700330
46680,-97.462037,35.700234
46688,-97.462109,35.700639
46689,-97.462040,35.700692
46686,-97.461913,35.700326
46687,-97.461966,35.700374
46681,-97.461593,35.699903
46682,-97.461521,35.699854
46683,-97.461454,35.699820
46685,-97.461481,35.700005
46684,-97.461431,35.699970
46463,-97.460457,35.700353
46464,-97.460438,35.700511
46469,-97.460440,35.700649
46465,-97.460057,35.700514
46468,-97.460059,35.700652
46466,-97.459677,35.700517
46467,-97.459679,35.700655
46456,-97.457767,35.698413
46453,-97.457597,35.698283
46454,-97.457602,35.698574
46455,-97.457773,35.698705
46759,-97.468385,35.701563
46760,-97.468384,35.701517
46768,-97.468216,35.701519
46769,-97.468217,35.701565
46758,-97.468393,35.702084
46756,-97.467725,35.702783
46767,-97.466753,35.700824
46766,-97.466697,35.700802
46770,-97.467195,35.702640
46771,-97.467152,35.702640
46755,-97.467193,35.702778
46754,-97.467150,35.702778
46753,-97.466661,35.702773
46757,-97.468257,35.702788
46749,-97.465870,35.700752
46772,-97.466064,35.701349
46750,-97.465896,35.701344
46751,-97.465898,35.701396
46752,-97.465924,35.701988
46701,-97.463610,35.701028
46670,-97.462628,35.701320
46671,-97.462543,35.701359
46700,-97.462627,35.701479
46699,-97.462543,35.701518
46698,-97.462459,35.701557
46675,-97.462225,35.700739
46674,-97.462156,35.700792
46673,-97.462075,35.700848
46690,-97.461979,35.700736
46691,-97.461901,35.700781
46692,-97.461824,35.700825
46672,-97.461842,35.700981
46693,-97.461746,35.700869
46694,-97.461244,35.701182
46695,-97.461186,35.701243
46696,-97.461136,35.701341
46697,-97.461116,35.701416
46470,-97.460439,35.701490
46474,-97.460437,35.701628
46471,-97.460021,35.701486
46473,-97.460217,35.701626
46472,-97.459997,35.701624
40531,-97.450430,35.710814
40744,-97.466457,35.710844
40743,-97.465120,35.710834
40742,-97.462940,35.710819
40746,-97.473114,35.710883
40745,-97.472217,35.710740
40404,-97.441684,35.710703
40403,-97.441659,35.710703
40402,-97.440440,35.710699
40433,-97.440193,35.710699
40430,-97.439205,35.710945
40432,-97.439036,35.710874
40431,-97.439037,35.710968
40401,-97.437340,35.710723
40400,-97.437082,35.710724
40398,-97.435736,35.710742
40397,-97.433800,35.710735
40396,-97.433143,35.710752
40395,-97.433142,35.710809
40363,-97.432975,35.710752
40364,-97.432974,35.710867
40362,-97.426945,35.710739
48505,-97.424113,35.706448
48506,-97.423947,35.706430
48504,-97.423963,35.706825
46294,-97.425290,35.707416
48502,-97.424422,35.707867
48518,-97.425102,35.708151
48503,-97.424012,35.707658
48516,-97.423937,35.707781
48517,-97.424330,35.707983
48511,-97.421927,35.706733
48507,-97.423332,35.707311
48508,-97.423185,35.707246
48514,-97.423105,35.707366
48515,-97.423252,35.707431
48509,-97.422672,35.706981
48510,-97.422537,35.706901
48513,-97.422572,35.707091
48512,-97.422437,35.707011
48522,-97.425061,35.710740
46287,-97.424414,35.710598
46288,-97.424281,35.709904
46289,-97.423488,35.709657
46291,-97.423494,35.709795
46292,-97.424143,35.709982
46293,-97.424246,35.710598
46290,-97.423309,35.709663
48519,-97.421417,35.710629
48521,-97.421419,35.710767
48520,-97.421320,35.710767
46237,-97.415113,35.696310
46217,-97.412734,35.700734
46216,-97.412652,35.700705
46214,-97.411187,35.698790
46215,-97.411881,35.699785
46210,-97.409205,35.696594
46089,-97.407353,35.694179
46209,-97.407382,35.696579
46211,-97.410059,35.697643
46213,-97.411027,35.698584
46212,-97.410228,35.697787
46230,-97.408692,35.699318
46229,-97.408284,35.699209
46228,-97.407906,35.699199
46222,-97.407893,35.699199
46223,-97.407824,35.699197
46224,-97.407391,35.699191
46227,-97.407391,35.699329
46208,-97.407204,35.699462
46091,-97.403472,35.696221
46236,-97.413768,35.701534
46235,-97.413227,35.702578
46218,-97.412851,35.700762
46219,-97.413077,35.702457
46234,-97.413091,35.702593
46220,-97.412369,35.702410
46233,-97.412367,35.702548
46232,-97.411648,35.702539
46231,-97.410961,35.702542
46221,-97.409206,35.702050
46225,-97.409238,35.702396
46226,-97.409238,35.702396
46206,-97.407367,35.702453
46207,-97.407199,35.702484
46205,-97.407199,35.702544
46204,-97.407199,35.702604
46198,-97.408632,35.704403
46203,-97.410930,35.705088
46202,-97.410411,35.706404
46199,-97.409778,35.706244
46200,-97.409717,35.706245
46201,-97.409656,35.706246
46093,-97.399399,35.692013
46094,-97.400457,35.693989
46092,-97.400664,35.695503
46095,-97.400496,35.695505
46096,-97.397894,35.696265
46097,-97.395679,35.696269
46098,-97.394116,35.696283
46013,-97.388573,35.687146
46029,-97.388565,35.687284
46014,-97.387637,35.687018
46028,-97.387599,35.687152
46015,-97.387123,35.687023
46016,-97.386656,35.687171
46030,-97.389312,35.690408
46031,-97.389488,35.694306
46130,-97.389299,35.703497
46017,-97.385802,35.687413
46018,-97.384835,35.687383
46027,-97.384829,35.687521
46101,-97.382850,35.689611
46102,-97.382669,35.690476
46103,-97.382668,35.690574
46100,-97.382823,35.691463
46104,-97.382655,35.691461
46106,-97.382637,35.692741
46105,-97.382794,35.693569
46099,-97.382804,35.695403
46107,-97.382609,35.696381
46129,-97.381522,35.696519
46026,-97.384370,35.687300
46019,-97.384148,35.686924
46025,-97.384034,35.687026
46024,-97.383333,35.687072
46020,-97.383193,35.686996
46021,-97.382908,35.687304
46022,-97.382523,35.687323
46023,-97.382499,35.687459
46108,-97.378397,35.693561
46109,-97.378369,35.695354
46128,-97.378631,35.696473
46124,-97.375786,35.692220
46117,-97.375956,35.692457
46123,-97.375672,35.691997
46122,-97.374287,35.690501
46118,-97.374003,35.690221
46119,-97.373502,35.690135
46120,-97.372236,35.690138
46121,-97.373016,35.690820
46110,-97.378216,35.694377
46111,-97.378210,35.694767
46112,-97.378201,35.695352
46113,-97.378152,35.696318
46116,-97.375783,35.692820
46125,-97.375029,35.693465
46126,-97.374830,35.693695
46115,-97.374785,35.693985
46114,-97.374599,35.694199
46127,-97.373885,35.694786
46134,-97.389090,35.704627
46133,-97.388153,35.704625
46135,-97.389096,35.706324
46142,-97.389494,35.706481
46141,-97.389092,35.706462
46136,-97.387000,35.706290
46140,-97.386996,35.706428
46131,-97.383655,35.704486
46132,-97.383655,35.704624
46139,-97.384596,35.706424
46143,-97.384806,35.707412
46144,-97.384806,35.708258
46137,-97.382881,35.706290
46138,-97.382881,35.706428
46170,-97.379460,35.704499
46171,-97.378601,35.704485
46153,-97.379646,35.705426
46152,-97.379649,35.706215
46154,-97.379481,35.706231
46151,-97.379652,35.707005
46155,-97.379484,35.707021
46145,-97.384838,35.709948
46150,-97.379659,35.708048
46157,-97.379492,35.708066
46149,-97.379663,35.708450
46158,-97.379495,35.708468
46156,-97.378498,35.707214
46147,-97.382903,35.710767
46159,-97.379499,35.708943
46148,-97.379675,35.709857
46160,-97.379507,35.709876
46185,-97.379300,35.710869
46172,-97.377536,35.704468
46169,-97.377534,35.704606
46173,-97.376636,35.704459
46174,-97.375656,35.704708
46164,-97.377786,35.706323
46167,-97.376454,35.706559
46163,-97.377794,35.707435
46165,-97.377445,35.707859
46162,-97.377794,35.708066
46180,-97.377626,35.708066
46166,-97.376792,35.707855
46179,-97.376790,35.707993
46178,-97.376406,35.707991
46168,-97.375888,35.705664
46175,-97.375732,35.705716
46176,-97.376021,35.707106
46177,-97.375944,35.707192
46161,-97.377808,35.710099
46181,-97.377640,35.710099
46182,-97.376378,35.710719
46184,-97.375984,35.710854
46183,-97.375274,35.710848
46146,-97.384809,35.710789
42379,-97.478364,35.710932
43116,-97.478372,35.712988
42380,-97.478389,35.717102
40741,-97.460600,35.712024
40740,-97.460599,35.712597
40734,-97.463295,35.716114
40739,-97.460598,35.713217
40738,-97.460430,35.713264
40737,-97.460595,35.714697
40736,-97.460585,35.715939
40735,-97.460584,35.716703
40731,-97.464777,35.718873
40729,-97.464801,35.719009
40723,-97.464903,35.720902
40728,-97.463750,35.719005
40730,-97.461983,35.718877
40732,-97.460584,35.717567
40733,-97.460416,35.717421
40727,-97.460585,35.719109
40724,-97.460595,35.719992
40726,-97.460426,35.719918
40725,-97.460435,35.720741
40722,-97.463852,35.721694
40721,-97.463581,35.721692
40720,-97.462056,35.721543
40533,-97.459288,35.722153
40532,-97.459580,35.722382
40574,-97.459571,35.722764
40556,-97.459403,35.722760
40534,-97.458570,35.722125
40535,-97.457766,35.722159
43118,-97.465197,35.725253
43120,-97.464042,35.725260
40719,-97.460609,35.723695
43119,-97.463046,35.725403
43693,-97.473038,35.725258
43117,-97.469256,35.725258
43694,-97.475690,35.725279
40573,-97.459539,35.723798
40572,-97.459535,35.723881
40571,-97.459532,35.723943
40557,-97.459371,35.723792
40558,-97.459364,35.723937
40559,-97.458603,35.724467
40560,-97.458459,35.724475
40570,-97.458615,35.724603
40569,-97.458533,35.724607
40568,-97.458471,35.724611
40555,-97.457628,35.722282
40554,-97.456838,35.721915
40553,-97.456768,35.721868
40536,-97.456300,35.721653
40551,-97.456832,35.723168
40550,-97.457735,35.723288
40549,-97.457639,35.723400
40561,-97.457583,35.724479
40562,-97.457439,35.724479
40567,-97.457583,35.724617
40566,-97.457439,35.724617
40548,-97.456706,35.723305
40565,-97.456557,35.724615
40552,-97.455948,35.723163
40546,-97.454866,35.723205
40537,-97.454835,35.723043
40539,-97.454159,35.722749
40538,-97.454253,35.722791
40547,-97.455946,35.723301
40563,-97.455530,35.724475
40564,-97.455530,35.724613
40540,-97.453601,35.722477
40545,-97.453833,35.722760
40541,-97.452677,35.722413
40544,-97.452853,35.722915
40542,-97.452685,35.722917
40543,-97.452854,35.723420
40525,-97.451156,35.714199
40521,-97.451058,35.714376
40524,-97.451281,35.714839
40522,-97.451113,35.714896
40500,-97.450736,35.713489
40501,-97.450644,35.713512
40502,-97.450576,35.713516
40503,-97.450509,35.713521
40526,-97.450907,35.713650
40520,-97.450726,35.713644
40519,-97.450523,35.713657
40504,-97.450293,35.713540
40523,-97.451275,35.715465
40515,-97.451107,35.715493
40513,-97.451881,35.716542
40512,-97.451866,35.716540
40514,-97.451897,35.716545
40511,-97.451469,35.716424
40510,-97.451013,35.716271
40517,-97.449445,35.714488
40516,-97.449422,35.715783
40505,-97.449254,35.715781
40509,-97.449414,35.716492
40506,-97.449246,35.716492
40508,-97.449414,35.716620
40507,-97.449246,35.716620
40417,-97.449759,35.718894
40494,-97.450078,35.711412
40495,-97.450048,35.711418
40496,-97.450017,35.711425
40530,-97.450422,35.711497
40498,-97.450122,35.711544
40497,-97.450061,35.711557
40529,-97.450800,35.712231
40527,-97.450894,35.712486
40528,-97.450852,35.712346
40499,-97.450726,35.712457
40518,-97.449484,35.714282
40490,-97.447794,35.711682
40489,-97.447794,35.711921
40491,-97.447609,35.711530
40474,-97.447626,35.711803
40492,-97.447397,35.711528
40473,-97.447395,35.711666
40493,-97.447185,35.711527
40434,-97.446108,35.711521
40472,-97.446108,35.711659
40471,-97.446019,35.711659
40435,-97.445551,35.711521
40470,-97.445551,35.711659
40436,-97.445462,35.711521
40437,-97.444995,35.711521
40469,-97.444502,35.712489
40438,-97.444289,35.712415
40439,-97.444317,35.712476
40440,-97.444344,35.712537
40488,-97.447725,35.713198
40475,-97.447472,35.713122
40478,-97.447483,35.713277
40487,-97.447594,35.713455
40479,-97.447492,35.713298
40480,-97.447435,35.713408
40476,-97.447391,35.713092
40477,-97.447321,35.713216
40486,-97.447561,35.714091
40485,-97.447562,35.714170
40484,-97.447573,35.714888
40483,-97.447814,35.715792
40482,-97.447814,35.715858
40464,-97.447631,35.715638
40463,-97.447625,35.715776
40481,-97.447819,35.716452
40465,-97.446738,35.715615
40462,-97.446732,35.715753
40458,-97.446043,35.717114
40459,-97.445964,35.717113
40467,-97.445205,35.714020
40445,-97.445424,35.714834
40466,-97.445242,35.714096
40468,-97.444794,35.713125
40441,-97.444636,35.713173
40442,-97.444088,35.714152
40444,-97.444090,35.714290
40443,-97.443937,35.714292
40461,-97.445659,35.715729
40446,-97.445588,35.715591
40460,-97.445590,35.715729
40447,-97.444968,35.715598
40448,-97.444212,35.715971
40449,-97.444204,35.716087
40405,-97.442958,35.713020
40406,-97.442960,35.713296
40407,-97.442966,35.714620
40408,-97.442966,35.714928
40409,-97.442966,35.715051
40428,-97.439215,35.713196
40429,-97.439047,35.713101
40427,-97.439048,35.713386
40426,-97.439221,35.714286
40425,-97.439056,35.715708
40424,-97.439056,35.716656
40455,-97.447636,35.717265
40456,-97.447543,35.717130
40454,-97.447541,35.717268
40418,-97.447332,35.718946
40457,-97.446833,35.717122
40453,-97.446831,35.717260
40452,-97.446041,35.717252
40451,-97.445962,35.717251
40419,-97.446544,35.718838
40420,-97.446007,35.718842
40450,-97.445252,35.717243
40421,-97.445812,35.718880
40416,-97.445693,35.719061
40422,-97.444836,35.718935
43675,-97.446790,35.725300
43676,-97.446790,35.725300
43677,-97.446790,35.725300
43678,-97.446790,35.725300
43679,-97.446790,35.725300
43680,-97.446790,35.725300
43681,-97.446790,35.725300
43682,-97.446790,35.725300
43683,-97.446790,35.725300
43684,-97.446790,35.725300
43685,-97.446790,35.725300
43686,-97.446790,35.725300
43687,-97.446790,35.725300
43688,-97.446790,35.725300
43690,-97.446790,35.725300
43692,-97.448172,35.725372
43689,-97.445819,35.725365
40410,-97.442966,35.717392
40423,-97.442947,35.717801
40411,-97.442967,35.718635
40415,-97.443142,35.719852
40414,-97.443152,35.721520
40412,-97.442986,35.721934
40413,-97.442990,35.722594
48903,-97.439224,35.718090
48902,-97.439226,35.718907
48901,-97.439226,35.718980
48900,-97.439226,35.719016
48899,-97.439226,35.719052
48898,-97.439226,35.719070
48904,-97.439058,35.718998
48905,-97.439058,35.719016
48906,-97.439061,35.720250
48907,-97.439062,35.720976
43691,-97.453988,35.725392
40399,-97.435917,35.714633
40394,-97.433141,35.710982
40393,-97.433140,35.711098
40365,-97.432972,35.711098
40392,-97.433144,35.713742
40377,-97.432976,35.713742
40366,-97.432791,35.713591
40391,-97.433148,35.714560
40378,-97.432980,35.714492
40390,-97.433153,35.715378
40379,-97.432984,35.715242
40380,-97.433038,35.715981
40389,-97.433182,35.716199
40388,-97.433134,35.716606
40387,-97.432810,35.716996
40386,-97.432295,35.717045
40385,-97.431794,35.717056
40367,-97.430963,35.712984
40328,-97.428518,35.712727
40326,-97.428706,35.712950
40327,-97.428606,35.712815
40329,-97.428435,35.712679
40336,-97.428422,35.712839
40335,-97.428339,35.712791
40330,-97.427673,35.712118
40331,-97.427623,35.712045
40334,-97.427465,35.712095
40369,-97.430886,35.713138
40368,-97.430861,35.713107
40376,-97.431275,35.714413
40375,-97.431275,35.714438
40374,-97.431275,35.714463
40373,-97.431107,35.714490
40370,-97.431114,35.715119
40371,-97.431113,35.715672
40372,-97.431112,35.715823
40381,-97.431277,35.716351
40382,-97.431109,35.716351
40384,-97.431089,35.717069
40383,-97.430919,35.717070
40325,-97.428763,35.713041
40324,-97.428573,35.714032
40323,-97.428554,35.714116
40322,-97.428549,35.714190
40321,-97.428544,35.714275
40337,-97.428402,35.714027
40338,-97.428385,35.714121
40339,-97.428380,35.714206
40340,-97.428376,35.714293
40319,-97.428545,35.715318
40320,-97.428544,35.715240
40318,-97.428546,35.715396
40317,-97.428570,35.716227
40316,-97.428587,35.716304
40356,-97.428258,35.715191
40357,-97.428378,35.715418
40355,-97.428207,35.715192
40354,-97.427674,35.715223
40353,-97.427624,35.715230
40359,-97.428426,35.716347
40358,-97.428408,35.716270
40332,-97.426431,35.711561
40333,-97.426358,35.711685
48523,-97.425136,35.711487
48524,-97.425304,35.711716
48525,-97.425304,35.711752
40346,-97.426454,35.713183
40345,-97.426454,35.713265
40344,-97.426454,35.714165
40343,-97.426454,35.714247
40347,-97.426286,35.713102
40348,-97.426286,35.713183
40349,-97.426286,35.713265
40350,-97.426286,35.714247
40352,-97.427056,35.715279
40341,-97.426454,35.715127
40342,-97.426454,35.715127
40351,-97.426286,35.715127
48526,-97.425121,35.713440
48527,-97.424933,35.713458
48908,-97.436854,35.725225
48915,-97.436657,35.725224
48910,-97.436598,35.725224
48911,-97.436558,35.725224
48912,-97.436519,35.725224
48916,-97.436460,35.725224
48913,-97.436362,35.725223
48914,-97.436263,35.725223
48909,-97.436224,35.725223
48917,-97.436165,35.725223
48919,-97.435968,35.725222
48918,-97.435771,35.725221
48929,-97.432012,35.718886
48930,-97.431844,35.718892
48928,-97.432008,35.719303
48927,-97.432009,35.719892
48931,-97.431841,35.719898
48926,-97.432021,35.720161
48932,-97.431853,35.720167
48925,-97.432034,35.720434
48924,-97.432034,35.721241
48923,-97.432034,35.721510
48933,-97.431866,35.721510
48922,-97.432034,35.722533
48921,-97.432034,35.722856
48934,-97.431866,35.722856
48920,-97.432034,35.723206
48935,-97.431866,35.724040
48936,-97.431848,35.725211
48944,-97.431037,35.719693
48945,-97.430516,35.719694
40315,-97.428629,35.717269
40314,-97.428539,35.717268
40313,-97.428449,35.717268
40360,-97.427461,35.717126
40312,-97.427484,35.717264
48946,-97.427911,35.719698
48937,-97.430627,35.725211
48889,-97.435596,35.725359
48888,-97.435002,35.725357
48887,-97.434863,35.725357
48886,-97.434645,35.725356
48885,-97.434011,35.725354
48884,-97.431848,35.725349
40361,-97.427371,35.717125
40311,-97.427394,35.717263
40310,-97.426339,35.717259
40309,-97.426232,35.717255
48947,-97.426608,35.719689
48943,-97.426372,35.719826
48948,-97.426087,35.719686
48941,-97.426033,35.719823
48942,-97.425825,35.719822
48528,-97.425322,35.718119
48529,-97.425154,35.718119
48530,-97.425153,35.718188
48531,-97.425146,35.719986
48533,-97.425146,35.720603
48534,-97.425146,35.720603
48532,-97.425314,35.722146
48535,-97.425314,35.722331
48537,-97.425314,35.723010
48536,-97.425146,35.722917
48897,-97.438669,35.725418
48892,-97.438501,35.725414
48891,-97.437933,35.725366
48890,-97.436943,35.725363
48569,-97.415263,35.710685
48568,-97.415243,35.710685
48938,-97.427532,35.725212
48939,-97.427500,35.725212
48940,-97.427469,35.725212
48881,-97.427885,35.725418
48880,-97.427917,35.725529
48859,-97.427721,35.725450
48860,-97.427753,35.725561
48858,-97.427710,35.725413
48538,-97.425146,35.723689
48539,-97.421090,35.725231
48567,-97.413544,35.710706
48566,-97.411475,35.710867
48565,-97.410120,35.710882
48564,-97.409153,35.710898
48563,-97.407368,35.710945
48607,-97.407125,35.710934
48562,-97.407197,35.711190
48561,-97.407219,35.713675
48560,-97.407239,35.714792
48558,-97.407408,35.714891
48559,-97.407241,35.714917
48557,-97.407256,35.716158
48606,-97.405504,35.710939
48605,-97.404663,35.710945
48589,-97.401730,35.711093
48590,-97.401564,35.711111
48588,-97.401814,35.711924
48591,-97.401646,35.711924
48587,-97.401814,35.712716
48592,-97.401646,35.712716
48586,-97.401814,35.712888
48593,-97.401646,35.712888
48604,-97.399526,35.711119
48571,-97.399436,35.712082
48603,-97.399580,35.713017
48572,-97.399412,35.713019
48585,-97.401814,35.713681
48594,-97.401646,35.713681
48584,-97.401841,35.714434
48595,-97.401673,35.714442
48583,-97.401801,35.715294
48596,-97.401633,35.715294
48582,-97.401801,35.715467
48581,-97.401800,35.715518
48597,-97.401633,35.715467
48580,-97.401797,35.716311
48579,-97.401794,35.717068
48602,-97.399583,35.713220
48573,-97.399415,35.713222
48601,-97.399588,35.714144
48574,-97.399420,35.714156
48600,-97.399614,35.715040
48575,-97.399446,35.715040
48599,-97.399620,35.716053
48576,-97.399452,35.716043
48598,-97.399602,35.716255
48577,-97.399434,35.716245
48578,-97.399427,35.716326
48570,-97.396958,35.710855
46186,-97.389385,35.712920
48552,-97.407423,35.717912
48555,-97.407422,35.718022
48556,-97.407255,35.717912
48554,-97.407254,35.718047
48553,-97.407253,35.718183
48551,-97.407251,35.718478
48550,-97.407249,35.718749
48549,-97.407247,35.719157
48548,-97.407411,35.719729
48547,-97.407243,35.719746
48546,-97.407241,35.720176
48545,-97.407405,35.720837
48544,-97.407404,35.721945
48543,-97.407404,35.722499
48542,-97.407404,35.723053
48541,-97.408388,35.725257
47829,-97.405265,35.725264
47830,-97.405217,35.725264
47831,-97.404903,35.725265
47832,-97.405410,35.725402
47828,-97.404518,35.725404
47827,-97.402999,35.725406
48640,-97.401286,35.718302
48639,-97.401291,35.718337
48638,-97.401297,35.718372
48641,-97.401120,35.718320
48642,-97.401125,35.718355
48637,-97.401408,35.719186
48636,-97.401469,35.720086
48643,-97.401189,35.720063
48644,-97.401127,35.720057
48635,-97.401773,35.720299
48634,-97.401767,35.720338
48618,-97.401599,35.720322
48617,-97.401423,35.720220
48645,-97.399624,35.718242
48646,-97.399456,35.718242
48647,-97.399457,35.718273
48648,-97.399560,35.718943
48649,-97.399567,35.718971
48616,-97.399788,35.719776
48615,-97.399782,35.719852
48650,-97.399620,35.719768
48651,-97.399614,35.719844
48652,-97.399609,35.719920
48633,-97.401714,35.721291
48632,-97.401715,35.721331
48619,-97.401546,35.721293
48620,-97.401547,35.721333
48631,-97.401648,35.722299
48630,-97.401643,35.722335
48621,-97.401480,35.722285
48622,-97.401475,35.722329
48623,-97.401447,35.722790
48627,-97.401892,35.724274
48626,-97.401891,35.724314
48629,-97.401702,35.723332
48628,-97.401709,35.723351
48624,-97.401724,35.724274
48625,-97.401723,35.724314
48614,-97.399615,35.721669
48653,-97.399447,35.721667
48613,-97.399612,35.721833
48675,-97.399443,35.721848
48612,-97.399597,35.722683
48611,-97.399597,35.722718
48676,-97.399429,35.722681
48677,-97.399429,35.722716
48610,-97.399714,35.723529
48679,-97.399556,35.723589
48678,-97.399548,35.723555
48609,-97.399651,35.724413
48608,-97.399643,35.724447
48680,-97.399485,35.724389
48681,-97.399477,35.724423
48659,-97.397386,35.718337
48658,-97.397554,35.718953
48657,-97.397554,35.719132
48660,-97.397182,35.719111
48656,-97.397528,35.720755
48655,-97.397526,35.720820
48661,-97.397358,35.720816
48662,-97.397148,35.720831
48663,-97.397052,35.720831
48664,-97.397148,35.720969
48654,-97.397524,35.721667
48665,-97.397356,35.721667
48674,-97.397527,35.721988
48666,-97.397359,35.721955
48667,-97.397376,35.722654
48673,-97.397551,35.722825
48672,-97.397617,35.723658
48669,-97.397446,35.723633
48668,-97.397440,35.723563
48697,-97.392752,35.718318
48696,-97.392751,35.718411
48694,-97.394047,35.719496
48692,-97.394033,35.719496
48693,-97.393821,35.719492
48695,-97.392744,35.719433
48691,-97.392744,35.720538
48690,-97.392744,35.720575
48698,-97.392584,35.718316
48699,-97.392576,35.719389
48700,-97.392576,35.719622
48540,-97.411232,35.725251
46187,-97.389402,35.714506
46188,-97.389420,35.716267
48671,-97.397684,35.724476
48670,-97.397509,35.724399
47743,-97.394935,35.725248
48701,-97.392576,35.720476
48686,-97.394027,35.722469
48685,-97.394011,35.722469
48684,-97.393963,35.722469
48689,-97.392744,35.721418
48688,-97.392744,35.721455
48687,-97.392744,35.721492
48683,-97.392744,35.723311
48682,-97.392744,35.724361
47741,-97.392958,35.725241
47740,-97.392800,35.725241
48702,-97.392576,35.721406
48703,-97.392576,35.722149
48704,-97.392576,35.722555
48705,-97.392576,35.723218
48706,-97.392576,35.723439
48707,-97.392576,35.724361
47739,-97.392559,35.725240
46189,-97.389592,35.717956
46190,-97.389591,35.718954
46191,-97.389591,35.718975
46192,-97.389591,35.719018
46193,-97.389588,35.720461
48714,-97.388562,35.719605
48716,-97.388292,35.719129
48717,-97.388147,35.718761
48719,-97.388121,35.719154
48718,-97.387996,35.718832
48737,-97.386552,35.718907
48715,-97.388512,35.719480
48720,-97.388379,35.720065
48713,-97.388498,35.720269
48712,-97.388439,35.720519
48721,-97.388273,35.720493
48711,-97.388370,35.721013
48722,-97.388197,35.721078
48736,-97.386544,35.719765
48735,-97.386540,35.720220
48734,-97.386535,35.720657
48733,-97.386538,35.721057
46194,-97.389586,35.721628
46195,-97.389585,35.722010
46196,-97.389585,35.722499
46197,-97.389584,35.722965
48725,-97.388586,35.722432
48726,-97.388586,35.722540
48708,-97.388754,35.722939
48727,-97.388586,35.723012
48763,-97.389584,35.723513
47738,-97.390325,35.725218
48762,-97.388755,35.723598
48755,-97.388587,35.723625
48761,-97.388758,35.724030
48760,-97.388758,35.724135
48756,-97.388590,35.724069
48757,-97.388591,35.724161
48759,-97.388762,35.724671
48809,-97.388763,35.724737
48810,-97.388763,35.724737
48758,-97.388594,35.724710
48800,-97.388595,35.724737
48801,-97.388595,35.724737
48802,-97.388595,35.724737
48710,-97.388419,35.721401
48709,-97.388526,35.721656
48723,-97.388272,35.721478
48724,-97.388430,35.721840
48732,-97.386543,35.721285
48731,-97.386621,35.721498
48746,-97.386623,35.721924
48730,-97.386930,35.722414
48729,-97.386904,35.722623
48747,-97.386749,35.722504
48748,-97.386732,35.722643
48728,-97.386805,35.722969
48749,-97.386639,35.723010
48754,-97.386890,35.723615
48750,-97.386744,35.723474
48751,-97.386719,35.723617
48753,-97.386800,35.724035
47742,-97.394124,35.725383
48738,-97.386384,35.718923
48739,-97.386384,35.718940
48740,-97.386377,35.719658
48741,-97.386373,35.720043
48742,-97.386368,35.720550
48743,-97.386369,35.721024
48772,-97.383484,35.719724
48773,-97.383316,35.719324
48774,-97.383316,35.719458
48775,-97.383316,35.719737
48776,-97.383316,35.720110
48777,-97.383316,35.720190
48744,-97.386373,35.721217
48745,-97.386474,35.721575
47749,-97.396988,35.725257
47751,-97.398092,35.725399
47750,-97.396389,35.725392
48771,-97.383484,35.720763
48770,-97.383484,35.720942
48769,-97.383484,35.721215
48794,-97.383316,35.720942
48795,-97.383316,35.721190
48768,-97.383499,35.721852
48766,-97.384016,35.722772
48767,-97.383726,35.722376
48798,-97.383858,35.722820
48796,-97.383321,35.721713
48797,-97.383337,35.721916
48765,-97.384159,35.723923
48799,-97.383989,35.724169
48783,-97.381454,35.718955
48782,-97.381456,35.719354
48781,-97.381457,35.719474
48780,-97.381458,35.719781
48779,-97.381459,35.720100
48778,-97.381460,35.720180
48784,-97.381288,35.719288
48785,-97.381289,35.719448
48786,-97.381290,35.719754
48787,-97.381291,35.720087
48788,-97.381292,35.720220
48789,-97.381294,35.720647
48790,-97.381296,35.721054
48793,-97.381464,35.721678
48792,-97.381464,35.721734
48805,-97.382222,35.723166
48806,-97.381912,35.723164
48807,-97.381872,35.723163
48791,-97.381296,35.721744
48804,-97.382228,35.723304
48803,-97.381918,35.723302
48808,-97.381301,35.723987
48752,-97.386602,35.724109
48811,-97.384467,35.724743
48764,-97.384380,35.724569
47414,-97.385654,35.725346
47413,-97.384274,35.725349
47412,-97.383107,35.725349
47381,-97.381719,35.725346
47380,-97.376059,35.725350
47415,-97.386912,35.725341
47833,-97.407339,35.726976
47834,-97.407261,35.727770
47961,-97.407346,35.730179
47960,-97.407349,35.730591
47959,-97.407370,35.731883
47835,-97.407202,35.731885
47836,-97.407211,35.732407
47837,-97.407228,35.733449
43610,-97.414224,35.739757
47958,-97.407432,35.736326
47838,-97.407265,35.736576
47839,-97.407266,35.737530
47932,-97.406467,35.741154
47933,-97.405628,35.739909
47931,-97.404670,35.740724
47930,-97.404600,35.741265
47936,-97.406466,35.742400
47937,-97.406461,35.742566
47940,-97.406417,35.743221
47939,-97.406347,35.743509
47938,-97.406215,35.743899
47929,-97.404354,35.743150
47928,-97.404287,35.743692
47927,-97.404253,35.743974
47926,-97.404222,35.744234
47925,-97.404188,35.744516
47924,-97.403935,35.746401
47795,-97.402269,35.725926
47794,-97.402146,35.726232
47793,-97.401929,35.726601
47798,-97.401642,35.726219
47797,-97.401594,35.726200
47796,-97.401547,35.726181
47792,-97.401689,35.727119
47799,-97.401174,35.727248
47791,-97.401882,35.727393
47787,-97.402062,35.728508
47788,-97.401940,35.728507
47786,-97.402060,35.728646
47785,-97.401938,35.728645
47790,-97.401659,35.727390
47807,-97.401368,35.728214
47806,-97.401174,35.727386
47789,-97.401757,35.728505
47784,-97.401459,35.728868
47783,-97.401480,35.729008
47808,-97.401328,35.728481
47809,-97.401287,35.728763
47800,-97.400660,35.727246
47801,-97.400403,35.727245
47802,-97.400017,35.727243
47755,-97.399672,35.726293
47754,-97.399574,35.726256
47752,-97.399549,35.726095
47753,-97.399477,35.726219
47826,-97.399636,35.726796
47825,-97.399568,35.726928
47803,-97.399759,35.727242
47756,-97.399283,35.727208
47805,-97.400660,35.727384
47810,-97.400797,35.729326
47804,-97.399759,35.727380
47757,-97.399190,35.727663
47758,-97.399134,35.727991
47824,-97.399758,35.728457
47819,-97.399756,35.728595
47823,-97.399632,35.728456
47822,-97.399556,35.728455
47820,-97.399630,35.728594
47821,-97.399554,35.728593
47759,-97.399067,35.728431
47760,-97.399063,35.729171
47782,-97.401640,35.729472
47814,-97.400869,35.729451
47813,-97.400390,35.729586
47812,-97.400169,35.729654
47811,-97.399893,35.729738
47815,-97.400748,35.730774
47816,-97.400630,35.731419
47764,-97.399298,35.729916
47761,-97.399192,35.729517
47762,-97.399294,35.729736
47765,-97.399096,35.729973
47772,-97.399081,35.731433
47781,-97.400804,35.731857
47817,-97.400636,35.731859
47780,-97.400236,35.732009
47779,-97.399908,35.732009
47773,-97.399087,35.731636
47818,-97.399261,35.731835
47774,-97.399093,35.731839
47778,-97.399056,35.732006
47775,-97.398913,35.732004
47748,-97.395684,35.726609
47744,-97.395516,35.726609
47745,-97.395516,35.726634
47747,-97.395310,35.727744
47746,-97.395146,35.727776
47763,-97.398771,35.729919
47766,-97.398693,35.730088
47768,-97.398637,35.729958
47769,-97.398637,35.729958
47770,-97.398637,35.729958
47771,-97.398637,35.729958
47777,-97.398613,35.731862
47776,-97.398609,35.732000
47728,-97.395584,35.733421
47729,-97.394617,35.733398
47730,-97.393865,35.733381
47713,-97.392971,35.732750
47714,-97.393040,35.733335
47431,-97.389392,35.726635
47737,-97.389549,35.727278
47736,-97.389545,35.727568
47432,-97.389378,35.727497
47735,-97.389548,35.728369
47433,-97.389380,35.728502
47434,-97.389386,35.729359
47430,-97.387885,35.725834
47416,-97.387717,35.725830
47429,-97.387860,35.726595
47417,-97.387692,35.726591
47428,-97.387761,35.727108
47427,-97.387001,35.727528
47426,-97.386919,35.728142
47425,-97.386923,35.728421
47418,-97.386765,35.729217
47734,-97.389556,35.729698
47435,-97.389388,35.729787
47712,-97.389561,35.730584
47436,-97.389398,35.731294
47731,-97.389570,35.731913
47733,-97.389567,35.731470
47732,-97.389568,35.731701
47437,-97.389406,35.733017
47438,-97.389406,35.733100
47419,-97.386769,35.729496
47424,-97.386947,35.730288
47423,-97.386951,35.730834
47906,-97.401050,35.741007
47841,-97.400023,35.739695
47840,-97.399916,35.739693
47905,-97.399675,35.739828
47721,-97.395782,35.733861
47727,-97.395945,35.734047
47895,-97.398167,35.739808
47896,-97.398186,35.740115
47843,-97.396362,35.739003
47894,-97.395226,35.739799
47842,-97.395084,35.739661
47844,-97.394821,35.739661
47892,-97.394982,35.741179
47889,-97.394723,35.740911
47923,-97.401197,35.743580
47907,-97.401028,35.743937
47908,-97.401028,35.744054
47909,-97.401026,35.744757
47922,-97.401194,35.744828
47910,-97.401026,35.744828
47915,-97.401008,35.744979
47921,-97.401202,35.745593
47911,-97.401031,35.745369
47914,-97.400742,35.744984
47913,-97.400515,35.745048
47912,-97.400379,35.745199
47918,-97.401029,35.746408
47919,-97.400374,35.746419
47920,-97.400062,35.746419
47916,-97.399751,35.746281
47917,-97.399751,35.746281
47904,-97.397324,35.742906
47897,-97.397160,35.742878
47903,-97.396846,35.744900
47902,-97.396807,35.745068
47901,-97.396750,35.745309
47898,-97.396725,35.744681
47899,-97.396584,35.745283
47900,-97.396499,35.745591
47726,-97.393184,35.733852
47720,-97.393179,35.733958
47725,-97.393173,35.734103
47719,-97.393172,35.734122
47718,-97.393167,35.734228
47724,-97.393162,35.734344
47715,-97.393024,35.733672
47722,-97.393005,35.734097
47716,-97.393004,35.734106
47717,-97.392999,35.734222
47723,-97.392994,35.734338
47893,-97.394619,35.739799
47890,-97.394598,35.740783
47891,-97.392855,35.739800
47845,-97.392332,35.739663
47888,-97.391539,35.739803
47887,-97.390995,35.739804
47439,-97.389533,35.737394
47440,-97.389526,35.737592
47711,-97.388458,35.734564
47710,-97.387200,35.734570
47441,-97.389352,35.737753
47444,-97.389351,35.737803
47442,-97.389512,35.738006
47443,-97.389511,35.738022
47445,-97.389484,35.738833
47846,-97.389298,35.740449
47847,-97.389478,35.741159
47446,-97.387550,35.739691
47675,-97.387774,35.740179
47676,-97.387606,35.740179
47674,-97.387774,35.740614
47673,-97.387774,35.741037
47693,-97.387514,35.739691
47684,-97.387277,35.741189
47677,-97.386618,35.741051
47683,-97.386599,35.741189
47878,-97.393678,35.744141
47877,-97.393678,35.744279
47879,-97.393285,35.744141
47876,-97.393146,35.744279
47881,-97.392206,35.741731
47882,-97.392200,35.742157
47883,-97.392186,35.743247
47880,-97.392350,35.743641
47884,-97.392176,35.744127
47885,-97.392158,35.744140
47871,-97.392158,35.744278
47872,-97.392169,35.744633
47873,-97.392149,35.746244
47875,-97.392315,35.746418
47874,-97.392147,35.746416
47848,-97.389325,35.741960
47849,-97.389494,35.743038
47850,-97.389494,35.743319
47852,-97.389494,35.743578
47886,-97.390369,35.744133
47851,-97.389326,35.744118
47870,-97.389486,35.744857
47853,-97.389311,35.745405
47672,-97.387774,35.742367
47671,-97.387774,35.743005
47663,-97.387606,35.743005
47670,-97.387774,35.743459
47664,-97.387606,35.743459
47685,-97.387332,35.742384
47686,-97.386506,35.742394
47669,-97.387774,35.743932
47665,-97.387606,35.743932
47666,-97.387606,35.744406
47668,-97.387774,35.744879
47667,-97.387774,35.745352
47855,-97.388839,35.747853
47854,-97.389325,35.749638
47867,-97.388845,35.749653
47866,-97.388847,35.749791
47856,-97.387941,35.747842
47857,-97.387939,35.747980
47865,-97.388384,35.749794
47864,-97.387920,35.749658
47863,-97.387922,35.749796
47858,-97.386590,35.747852
47862,-97.387457,35.749661
47861,-97.386532,35.749666
47868,-97.389475,35.751787
47869,-97.389301,35.752419
47401,-97.383821,35.728861
47410,-97.383422,35.728951
47409,-97.383049,35.728904
47411,-97.382890,35.728752
47402,-97.382665,35.728736
47408,-97.382679,35.728874
47403,-97.382509,35.728728
47420,-97.386375,35.731115
47422,-97.385883,35.731497
47421,-97.385309,35.731760
47395,-97.383511,35.730507
47396,-97.383460,35.730595
47397,-97.382880,35.730393
47398,-97.382464,35.730258
47394,-97.383328,35.730919
47393,-97.382630,35.730455
47382,-97.381384,35.726689
47405,-97.381538,35.727974
47404,-97.381545,35.728330
47400,-97.382307,35.728861
47407,-97.382307,35.728861
47399,-97.382126,35.728856
47406,-97.381930,35.728850
47384,-97.381384,35.728688
47383,-97.381370,35.727433
47385,-97.381367,35.727763
47392,-97.382221,35.730342
47386,-97.381395,35.730127
47390,-97.382356,35.731966
47389,-97.381901,35.731947
47391,-97.381703,35.731798
47388,-97.381660,35.731931
47387,-97.381422,35.731768
47709,-97.386243,35.734698
47699,-97.385610,35.734905
47707,-97.385258,35.733992
47701,-97.385356,35.734143
47700,-97.385461,35.734436
47706,-97.384750,35.734001
47705,-97.384628,35.734003
47704,-97.384496,35.734005
47702,-97.384500,35.734143
47703,-97.384480,35.734144
47708,-97.385414,35.735517
47698,-97.385559,35.737192
47696,-97.385543,35.737827
47697,-97.385374,35.737858
47695,-97.385359,35.738443
47694,-97.385333,35.739479
47678,-97.385998,35.741051
47682,-97.385998,35.741189
47447,-97.385180,35.739713
47679,-97.385436,35.741051
47681,-97.385417,35.741189
47691,-97.384680,35.741051
47680,-97.384855,35.741189
47692,-97.384059,35.740180
47637,-97.383726,35.740609
47638,-97.383577,35.741020
47690,-97.383579,35.741488
47578,-97.378722,35.734263
47575,-97.378724,35.734401
47576,-97.380351,35.736364
47577,-97.380453,35.738286
47448,-97.382229,35.739761
47636,-97.381772,35.739959
47625,-97.381559,35.740218
47635,-97.381594,35.740962
47626,-97.381428,35.740940
47634,-97.381510,35.741396
47624,-97.381059,35.739896
47627,-97.381344,35.741374
47623,-97.380115,35.739756
47622,-97.379413,35.739893
47621,-97.378601,35.739753
47620,-97.378316,35.739891
47687,-97.385786,35.742403
47662,-97.385788,35.742541
47688,-97.385256,35.742409
47689,-97.384705,35.742415
47661,-97.384628,35.743037
47654,-97.384468,35.743079
47660,-97.384782,35.743436
47655,-97.384622,35.743478
47658,-97.385640,35.745669
47659,-97.385270,35.744707
47656,-97.385243,35.745094
47657,-97.385424,35.745566
47653,-97.383610,35.742552
47639,-97.383307,35.741742
47640,-97.383068,35.742381
47641,-97.382827,35.743026
47642,-97.382678,35.743425
47859,-97.385610,35.747940
47860,-97.385610,35.747940
47649,-97.383430,35.746394
47648,-97.383187,35.746436
47633,-97.381443,35.741738
47628,-97.381277,35.741716
47632,-97.381364,35.742145
47629,-97.381198,35.742123
47631,-97.381328,35.742329
47630,-97.381124,35.742504
47643,-97.382341,35.744330
47652,-97.382328,35.744841
47644,-97.382166,35.744801
47651,-97.382173,35.745257
47645,-97.382004,35.745235
47650,-97.381998,35.745728
47613,-97.379102,35.745027
47612,-97.379104,35.745165
47611,-97.378690,35.745171
47614,-97.378489,35.745036
47647,-97.381830,35.746181
47646,-97.381668,35.746141
47500,-97.379452,35.747760
47501,-97.379284,35.747746
47499,-97.379478,35.747996
47498,-97.379768,35.748418
47579,-97.377621,35.734267
47580,-97.376519,35.734251
47574,-97.376517,35.734389
47573,-97.375804,35.734377
47572,-97.375112,35.734515
47571,-97.374418,35.734374
47582,-97.376039,35.736246
47581,-97.375871,35.736248
47583,-97.375885,35.737123
47601,-97.377039,35.739889
47619,-97.377224,35.740715
47602,-97.377056,35.740715
47603,-97.377056,35.741563
47584,-97.376057,35.737998
47585,-97.376051,35.738226
47587,-97.375878,35.738434
47586,-97.376041,35.738663
47588,-97.375857,35.739309
47600,-97.374981,35.740351
47599,-97.374980,35.740798
47598,-97.374811,35.741030
47597,-97.374809,35.741692
47591,-97.374002,35.739914
47604,-97.377056,35.741902
47618,-97.377224,35.742004
47617,-97.377224,35.742542
47605,-97.376753,35.743274
47616,-97.376747,35.743412
47615,-97.377859,35.745045
47610,-97.377861,35.745183
47608,-97.377033,35.745195
47609,-97.376621,35.745207
47595,-97.374808,35.741925
47596,-97.374975,35.742139
47594,-97.374974,35.742318
47593,-97.374974,35.742587
47502,-97.379616,35.748476
47497,-97.379536,35.749393
47503,-97.379291,35.749595
47527,-97.377556,35.748200
47526,-97.377717,35.748525
47528,-97.377549,35.748523
47525,-97.377710,35.748848
47529,-97.377542,35.748846
47522,-97.377467,35.749289
47530,-97.376942,35.749159
47521,-97.376960,35.749295
47531,-97.376034,35.748202
47532,-97.375866,35.748202
47533,-97.375866,35.748557
47534,-97.375866,35.748912
47520,-97.376237,35.749412
47519,-97.375497,35.749395
47496,-97.379006,35.750216
47485,-97.378860,35.750190
47486,-97.378860,35.750190
47487,-97.378860,35.750190
47488,-97.378860,35.750190
47489,-97.378860,35.750190
47490,-97.378860,35.750190
47491,-97.378860,35.750190
47492,-97.378860,35.750190
47493,-97.378860,35.750190
47494,-97.378860,35.750190
47495,-97.378860,35.750190
47524,-97.378557,35.750174
47504,-97.378454,35.750245
47484,-97.378516,35.750373
47523,-97.378449,35.750280
47483,-97.377870,35.750679
47505,-97.377724,35.750611
47482,-97.377811,35.750960
47481,-97.377806,35.751283
47506,-97.377643,35.750958
47507,-97.377638,35.751281
47537,-97.374262,35.748168
47536,-97.374304,35.748483
47535,-97.374405,35.748820
47540,-97.374237,35.748828
47538,-97.374094,35.748174
47539,-97.374142,35.748519
47543,-97.372624,35.748193
47544,-97.372456,35.748193
47542,-97.372624,35.748518
47545,-97.372456,35.748518
47541,-97.372624,35.748842
47546,-97.372456,35.748842
47451,-97.373053,35.749375
47450,-97.372433,35.749312
47449,-97.372015,35.749287
47514,-97.375972,35.750787
47515,-97.375534,35.750785
47513,-97.375986,35.750923
47512,-97.375530,35.750923
47516,-97.375088,35.750778
47517,-97.374641,35.750771
47511,-97.374271,35.751135
47518,-97.373594,35.750737
47464,-97.374109,35.751175
47465,-97.374196,35.751411
47452,-97.373810,35.750913
47453,-97.372866,35.750746
47480,-97.377145,35.752629
47479,-97.376706,35.752762
47468,-97.377230,35.753460
47469,-97.377230,35.753460
47470,-97.377230,35.753460
47471,-97.377230,35.753460
47472,-97.377230,35.753460
47473,-97.377230,35.753460
47474,-97.377230,35.753460
47475,-97.377230,35.753460
47476,-97.377230,35.753460
47477,-97.377230,35.753460
47508,-97.376161,35.752556
47478,-97.376186,35.752715
47466,-97.374231,35.751635
47510,-97.374408,35.751877
47509,-97.374739,35.752124
47467,-97.374311,35.752165
47463,-97.372595,35.751087
47454,-97.372427,35.751079
47462,-97.372591,35.751559
47455,-97.372423,35.751559
47461,-97.372589,35.752035
47456,-97.372421,35.752035
47460,-97.372586,35.752511
47457,-97.372418,35.752511
47459,-97.372584,35.752988
47458,-97.372416,35.752988
47570,-97.373026,35.734367
47590,-97.373617,35.739779
47589,-97.373201,35.739915
47592,-97.374806,35.742587
47947,-97.410140,35.754405
47946,-97.409140,35.754409
47945,-97.409121,35.754410
47957,-97.413458,35.754831
47956,-97.413458,35.754871
47955,-97.413635,35.756868
47952,-97.413467,35.756868
47951,-97.411734,35.754981
47948,-97.411566,35.755788
47949,-97.411566,35.755882
47950,-97.411734,35.756737
47954,-97.413640,35.757867
47953,-97.413643,35.758367
43392,-97.414167,35.754379
