25067,-97.506404,35.634616
25066,-97.505859,35.633717
25065,-97.505540,35.634014
25064,-97.505535,35.634034
25063,-97.505534,35.634058
25058,-97.505382,35.633963
25059,-97.505376,35.633982
25060,-97.505371,35.634002
25061,-97.505366,35.634037
25062,-97.505366,35.634058
25068,-97.505551,35.634905
25080,-97.505557,35.635076
25069,-97.505501,35.634931
25070,-97.505465,35.634952
25071,-97.505417,35.634998
25079,-97.505532,35.635106
25078,-97.505522,35.635126
25077,-97.505506,35.635159
25076,-97.505499,35.635181
25072,-97.505392,35.635028
25073,-97.505366,35.635074
25074,-97.505350,35.635107
25075,-97.505333,35.635157
25081,-97.506342,35.635553
25083,-97.506358,35.635615
25082,-97.506349,35.635589
25084,-97.506810,35.636118
25115,-97.506448,35.636734
25114,-97.506448,35.636747
25113,-97.506445,35.637029
25112,-97.506445,35.637042
25111,-97.506445,35.637055
25110,-97.506445,35.637068
25086,-97.506137,35.636221
25087,-97.506090,35.636200
25089,-97.505996,35.636158
25088,-97.506043,35.636179
25090,-97.505949,35.636136
25092,-97.505855,35.636094
25093,-97.505808,35.636073
25091,-97.505902,35.636115
25102,-97.505773,35.636214
25101,-97.505726,35.636193
25085,-97.506184,35.636242
25104,-97.506280,35.636732
25103,-97.505820,35.636235
25105,-97.506280,35.636745
25106,-97.506277,35.637027
25107,-97.506277,35.637040
25108,-97.506277,35.637053
25109,-97.506277,35.637066
25100,-97.505476,35.636897
25099,-97.505476,35.636941
25098,-97.505475,35.636985
25094,-97.505308,35.636939
25095,-97.505307,35.636983
25097,-97.505475,35.637029
25096,-97.505307,35.637027
25128,-97.505660,35.637812
25129,-97.505622,35.637812
25130,-97.505584,35.637812
25131,-97.505546,35.637811
25139,-97.505658,35.637950
25138,-97.505620,35.637950
25137,-97.505582,35.637950
25136,-97.505544,35.637949
25132,-97.505508,35.637811
25133,-97.505471,35.637811
25135,-97.505506,35.637949
25134,-97.505469,35.637949
32097,-97.504486,35.638291
16914,-97.504160,35.637293
16915,-97.504147,35.637293
16916,-97.504134,35.637293
16913,-97.504130,35.637431
16912,-97.504064,35.637442
16911,-97.504064,35.637698
16910,-97.504064,35.637992
16909,-97.504064,35.638277
16917,-97.503005,35.637833
16932,-97.503003,35.637971
16918,-97.502952,35.637833
16919,-97.502899,35.637833
16931,-97.502950,35.637971
16920,-97.502846,35.637832
16921,-97.502793,35.637832
16922,-97.502740,35.637832
16930,-97.502844,35.637970
16929,-97.502791,35.637970
16928,-97.502738,35.637970
16923,-97.502687,35.637831
16924,-97.502634,35.637831
16927,-97.502685,35.637969
16925,-97.502581,35.637831
16926,-97.502579,35.637969
16908,-97.497475,35.638515
24790,-97.510430,35.634141
24772,-97.510430,35.634279
24717,-97.510084,35.633408
24791,-97.510377,35.634141
24792,-97.510323,35.634141
24793,-97.510270,35.634141
24718,-97.510086,35.634036
24719,-97.510086,35.634059
24720,-97.510086,35.634081
24721,-97.510086,35.634104
24722,-97.510086,35.634127
24771,-97.510377,35.634279
24770,-97.510323,35.634279
24769,-97.510270,35.634279
24723,-97.509908,35.634460
24767,-97.509934,35.634845
24768,-97.509927,35.634833
24765,-97.509942,35.634858
24766,-97.509942,35.634858
24764,-97.509508,35.634619
24763,-97.509416,35.634619
24704,-97.509342,35.632829
24703,-97.509343,35.632859
24702,-97.509343,35.632890
24675,-97.509174,35.632829
24676,-97.509175,35.632859
24677,-97.509175,35.632890
24701,-97.509343,35.632921
24678,-97.509175,35.632921
24670,-97.508437,35.632550
24669,-97.508437,35.632575
24668,-97.508437,35.632599
24667,-97.508437,35.632624
24666,-97.508439,35.633143
24641,-97.508269,35.632550
24642,-97.508269,35.632575
24643,-97.508269,35.632599
24644,-97.508269,35.632624
24645,-97.508271,35.633143
24700,-97.509347,35.633570
24699,-97.509347,35.633601
24698,-97.509347,35.633632
24697,-97.509348,35.633663
24679,-97.509179,35.633570
24680,-97.509179,35.633601
24681,-97.509179,35.633632
24682,-97.509180,35.633663
24696,-97.509348,35.633694
24683,-97.509180,35.633694
24665,-97.508439,35.633167
24664,-97.508439,35.633192
24663,-97.508439,35.633217
24662,-97.508439,35.633242
24661,-97.508440,35.633785
24660,-97.508441,35.633810
24659,-97.508441,35.633834
24658,-97.508441,35.633859
24695,-97.509352,35.634312
24694,-97.509352,35.634343
24693,-97.509352,35.634374
24692,-97.509352,35.634405
24684,-97.509184,35.634312
24685,-97.509184,35.634343
24686,-97.509184,35.634374
24687,-97.509184,35.634405
24691,-97.509352,35.634436
24690,-97.509353,35.634467
24689,-97.509185,35.634467
24688,-97.509184,35.634436
24762,-97.509170,35.634620
24761,-97.509136,35.634620
24657,-97.508442,35.634353
24656,-97.508442,35.634378
24760,-97.508494,35.634626
24759,-97.508461,35.634627
24646,-97.508271,35.633167
24647,-97.508271,35.633192
24648,-97.508271,35.633217
24649,-97.508271,35.633242
24650,-97.508272,35.633785
24651,-97.508273,35.633810
24652,-97.508273,35.633834
24653,-97.508273,35.633859
24733,-97.507514,35.633590
24732,-97.507514,35.633620
24731,-97.507514,35.633649
24748,-97.507346,35.633649
24730,-97.507514,35.633679
24749,-97.507346,35.633679
24654,-97.508274,35.634353
24655,-97.508274,35.634378
24758,-97.508185,35.634626
24757,-97.508040,35.634624
24729,-97.507514,35.634273
24728,-97.507514,35.634303
24725,-97.507530,35.634366
24724,-97.507532,35.634374
24727,-97.507514,35.634333
24726,-97.507518,35.634338
24750,-97.507346,35.634243
24751,-97.507346,35.634273
24752,-97.507346,35.634303
24753,-97.507346,35.634333
24755,-97.507372,35.634412
24754,-97.507360,35.634384
24756,-97.507402,35.634460
24623,-97.506722,35.632007
24624,-97.506689,35.632006
24625,-97.506656,35.632006
24626,-97.506623,35.632006
24627,-97.506590,35.632006
24628,-97.506557,35.632006
24629,-97.506524,35.632005
24622,-97.506752,35.632145
24621,-97.506720,35.632145
24620,-97.506687,35.632144
24619,-97.506654,35.632144
24618,-97.506621,35.632144
24617,-97.506588,35.632144
24616,-97.506555,35.632144
24615,-97.506522,35.632143
24734,-97.506616,35.632777
24735,-97.506579,35.632776
24736,-97.506542,35.632776
24737,-97.506505,35.632776
24738,-97.506469,35.632776
24739,-97.506432,35.632776
24747,-97.506503,35.632914
24746,-97.506467,35.632914
24745,-97.506430,35.632914
24630,-97.505866,35.632001
25052,-97.505597,35.631905
24614,-97.505864,35.632139
24613,-97.505831,35.632139
25053,-97.505397,35.632173
25054,-97.505326,35.632474
24740,-97.505695,35.632772
24741,-97.505658,35.632771
24742,-97.505621,35.632771
24744,-97.505693,35.632910
24743,-97.505619,35.632909
25055,-97.505326,35.632758
24611,-97.506000,35.633637
24612,-97.505854,35.633504
24609,-97.506080,35.633705
24610,-97.506040,35.633671
25057,-97.505460,35.633295
25056,-97.505451,35.633283
24573,-97.509422,35.637081
24574,-97.509394,35.637081
24572,-97.509438,35.637219
24571,-97.509409,35.637219
24570,-97.509380,35.637219
24582,-97.508592,35.635651
24583,-97.508564,35.635651
24584,-97.508536,35.635651
24585,-97.508508,35.635651
24586,-97.508480,35.635651
24600,-97.508455,35.636199
24599,-97.508455,35.636218
24581,-97.509360,35.636757
24580,-97.509361,35.636808
24579,-97.509361,35.636860
24578,-97.509361,35.636912
24577,-97.509362,35.636963
24587,-97.509192,35.636757
24588,-97.509193,35.636808
24589,-97.509193,35.636860
24590,-97.509193,35.636912
24591,-97.509194,35.636963
24576,-97.509362,35.637015
24575,-97.509363,35.637067
24592,-97.509194,35.637015
24593,-97.509195,35.637067
24569,-97.509081,35.637223
24568,-97.508881,35.637227
24598,-97.508455,35.636238
24597,-97.508454,35.636411
24596,-97.508454,35.636440
24567,-97.508681,35.637231
24566,-97.508482,35.637236
24595,-97.508462,35.637056
24594,-97.508463,35.637086
24601,-97.508288,35.636158
24602,-97.508288,35.636178
24603,-97.508287,35.636197
24604,-97.508287,35.636216
24542,-97.508286,35.636413
24543,-97.508286,35.636442
24544,-97.508294,35.637058
24545,-97.508295,35.637088
24605,-97.507433,35.636294
24606,-97.507401,35.636305
24607,-97.507332,35.636292
24541,-97.507475,35.636488
24540,-97.507514,35.637110
24539,-97.507514,35.637137
24538,-97.507514,35.637164
24537,-97.507514,35.637191
25119,-97.507346,35.637073
25120,-97.507346,35.637102
25121,-97.507346,35.637130
25122,-97.507346,35.637158
24559,-97.508877,35.637838
24557,-97.508879,35.637976
24560,-97.508818,35.637838
24561,-97.508758,35.637839
24556,-97.508820,35.637976
24555,-97.508760,35.637977
24562,-97.508699,35.637839
24563,-97.508639,35.637840
24554,-97.508701,35.637977
24553,-97.508641,35.637978
24564,-97.508580,35.637840
24565,-97.508521,35.637841
24552,-97.508582,35.637978
24551,-97.508523,35.637979
24546,-97.508296,35.637262
24547,-97.508296,35.637283
24548,-97.508296,35.637304
24549,-97.508296,35.637762
24550,-97.508296,35.637783
24536,-97.507538,35.637792
24535,-97.507537,35.637820
24534,-97.507537,35.638079
24533,-97.507542,35.638276
24608,-97.507155,35.636172
25117,-97.507212,35.636388
25118,-97.507306,35.636515
25116,-97.507049,35.636280
25123,-97.506571,35.637822
25144,-97.506569,35.637960
25124,-97.506533,35.637821
25125,-97.506495,35.637821
25126,-97.506457,35.637820
25143,-97.506531,35.637959
25142,-97.506493,35.637959
25141,-97.506455,35.637958
25127,-97.506419,35.637820
25140,-97.506417,35.637958
24532,-97.510165,35.637762
24531,-97.510165,35.637788
24530,-97.510165,35.637814
24529,-97.510167,35.638082
24528,-97.510172,35.638286
24558,-97.508939,35.637976
30906,-97.510453,35.626279
30909,-97.510286,35.626141
30910,-97.510203,35.626141
30905,-97.510369,35.626279
30904,-97.510286,35.626279
30903,-97.510203,35.626279
30911,-97.510120,35.626141
30902,-97.510120,35.626279
30883,-97.510200,35.626871
30884,-97.510140,35.626871
30885,-97.510081,35.626871
30886,-97.510021,35.626871
30887,-97.509961,35.626871
30912,-97.509496,35.626136
30913,-97.509413,35.626135
30901,-97.509494,35.626274
30900,-97.509411,35.626273
30888,-97.509514,35.626871
30889,-97.509456,35.626870
30890,-97.509397,35.626869
30929,-97.509393,35.627007
30668,-97.512301,35.627766
30667,-97.512269,35.627765
30666,-97.512238,35.627765
30672,-97.511570,35.627624
30665,-97.511580,35.627762
30673,-97.511538,35.627624
30674,-97.511507,35.627624
30675,-97.511475,35.627624
30676,-97.511444,35.627624
30664,-97.511549,35.627762
30663,-97.511517,35.627762
30662,-97.511486,35.627762
30661,-97.511455,35.627762
24905,-97.512360,35.628347
24906,-97.512330,35.628347
24922,-97.512360,35.628485
24921,-97.512330,35.628485
24907,-97.512299,35.628347
24920,-97.512299,35.628485
24908,-97.511657,35.628344
24909,-97.511626,35.628344
24910,-97.511595,35.628344
24911,-97.511565,35.628344
24919,-97.511657,35.628482
24918,-97.511626,35.628482
24917,-97.511595,35.628482
24916,-97.511565,35.628482
24912,-97.511534,35.628344
24915,-97.511534,35.628482
24923,-97.512360,35.629081
24924,-97.512330,35.629081
24940,-97.512360,35.629219
24939,-97.512330,35.629219
24925,-97.512299,35.629081
24938,-97.512299,35.629219
24941,-97.512370,35.629781
24942,-97.512340,35.629781
24943,-97.512309,35.629781
24958,-97.512370,35.629919
24957,-97.512340,35.629919
24956,-97.512309,35.629919
24926,-97.511657,35.629081
24927,-97.511626,35.629081
24928,-97.511595,35.629081
24929,-97.511565,35.629081
24937,-97.511657,35.629219
24936,-97.511626,35.629219
24935,-97.511595,35.629219
24934,-97.511565,35.629219
24930,-97.511534,35.629081
24933,-97.511534,35.629219
24944,-97.511667,35.629781
24945,-97.511636,35.629781
24946,-97.511605,35.629781
24947,-97.511575,35.629781
24948,-97.511544,35.629781
24955,-97.511667,35.629919
24954,-97.511636,35.629919
24953,-97.511605,35.629919
24952,-97.511575,35.629919
24951,-97.511544,35.629919
24959,-97.512328,35.630513
24960,-97.512296,35.630513
24961,-97.512263,35.630513
25014,-97.512326,35.630651
25013,-97.512294,35.630651
25012,-97.512261,35.630651
24962,-97.511571,35.630507
24963,-97.511538,35.630507
24964,-97.511505,35.630507
24965,-97.511472,35.630506
24966,-97.511439,35.630506
25011,-97.511569,35.630645
25010,-97.511536,35.630645
25009,-97.511503,35.630645
25008,-97.511470,35.630644
25007,-97.511437,35.630644
30938,-97.510763,35.627011
30937,-97.510704,35.627009
30677,-97.510813,35.627621
30660,-97.510828,35.627759
30678,-97.510781,35.627621
30679,-97.510750,35.627621
30680,-97.510533,35.627621
30681,-97.510503,35.627621
30682,-97.510472,35.627621
24913,-97.510922,35.628341
24914,-97.510922,35.628479
30659,-97.510749,35.628267
30658,-97.510750,35.628290
30657,-97.510750,35.628313
30633,-97.510581,35.628281
30634,-97.510582,35.628305
30635,-97.510583,35.628329
30636,-97.510586,35.628503
30656,-97.510754,35.628984
30655,-97.510754,35.629008
30654,-97.510754,35.629031
30637,-97.510586,35.629007
30638,-97.510586,35.629031
30639,-97.510586,35.629055
30936,-97.510200,35.627009
30935,-97.510140,35.627009
30934,-97.510081,35.627009
30933,-97.510021,35.627009
30932,-97.509961,35.627009
30683,-97.509895,35.627621
30931,-97.509514,35.627009
30930,-97.509452,35.627008
30684,-97.509681,35.627618
30685,-97.509545,35.627615
24982,-97.509871,35.628772
24981,-97.509871,35.628793
24983,-97.509703,35.628772
24984,-97.509703,35.628793
24980,-97.509871,35.628815
24979,-97.509872,35.628836
24985,-97.509703,35.628815
24986,-97.509704,35.628836
24931,-97.510984,35.629081
24932,-97.510984,35.629219
24949,-97.510994,35.629781
24950,-97.510994,35.629919
30640,-97.510587,35.629233
30641,-97.510587,35.629253
30653,-97.510761,35.629689
30652,-97.510761,35.629711
30651,-97.510761,35.629733
30650,-97.510764,35.629932
30642,-97.510593,35.629715
30643,-97.510593,35.629736
30644,-97.510593,35.629757
30645,-97.510596,35.629932
24967,-97.510846,35.630501
30649,-97.510764,35.630420
30648,-97.510764,35.630442
30646,-97.510596,35.630420
30647,-97.510596,35.630442
25006,-97.510844,35.630639
25005,-97.510811,35.630639
25004,-97.510779,35.630639
25003,-97.510506,35.630639
24978,-97.509875,35.629288
24977,-97.509875,35.629310
24987,-97.509707,35.629288
24988,-97.509707,35.629310
24976,-97.509875,35.629331
24975,-97.509875,35.629353
24974,-97.509876,35.629374
24989,-97.509707,35.629331
24990,-97.509707,35.629353
24991,-97.509708,35.629374
24973,-97.509879,35.629847
24972,-97.509879,35.629869
24971,-97.509880,35.629890
24970,-97.509880,35.629912
24992,-97.509711,35.629847
24993,-97.509711,35.629869
24994,-97.509712,35.629890
24995,-97.509712,35.629912
25002,-97.510359,35.630639
25001,-97.510212,35.630639
25000,-97.510065,35.630639
24969,-97.509883,35.630385
24968,-97.509883,35.630407
24996,-97.509715,35.630385
24997,-97.509715,35.630407
24998,-97.509720,35.630444
24999,-97.509874,35.630627
25015,-97.512180,35.631254
25016,-97.512142,35.631253
24883,-97.512178,35.631392
24882,-97.512140,35.631391
25017,-97.511386,35.631248
25018,-97.511348,35.631248
25019,-97.511310,35.631248
25020,-97.511272,35.631247
25021,-97.511234,35.631247
25022,-97.511196,35.631247
24881,-97.511384,35.631386
24880,-97.511346,35.631386
24879,-97.511308,35.631386
24878,-97.511270,35.631385
24877,-97.511232,35.631385
24876,-97.511194,35.631385
24862,-97.511392,35.631962
24863,-97.511354,35.631962
24864,-97.511316,35.631962
24858,-97.511390,35.632100
24857,-97.511352,35.632100
24856,-97.511314,35.632100
24865,-97.511279,35.631961
24866,-97.511241,35.631961
24867,-97.511203,35.631961
24855,-97.511277,35.632099
24854,-97.511239,35.632099
24853,-97.511201,35.632099
25023,-97.510402,35.631242
25024,-97.510364,35.631241
25025,-97.510326,35.631241
25026,-97.510288,35.631241
25027,-97.510251,35.631241
24875,-97.510362,35.631379
24874,-97.510324,35.631379
24873,-97.510286,35.631379
24872,-97.510249,35.631379
24868,-97.510374,35.631953
24869,-97.510336,35.631952
24870,-97.510298,35.631952
24852,-97.510372,35.632091
24851,-97.510334,35.632090
24850,-97.510296,35.632090
24871,-97.510261,35.631952
24849,-97.510259,35.632090
24707,-97.510070,35.631668
24708,-97.510070,35.631680
24709,-97.510074,35.631938
24710,-97.510076,35.632114
25028,-97.509443,35.631241
25029,-97.509412,35.631241
25030,-97.509381,35.631241
24711,-97.510076,35.632138
24712,-97.510076,35.632163
24845,-97.510373,35.632691
24846,-97.510335,35.632691
24847,-97.510297,35.632691
24828,-97.510373,35.632829
24827,-97.510335,35.632829
24826,-97.510297,35.632829
24848,-97.510260,35.632691
24825,-97.510260,35.632829
24713,-97.510076,35.632677
24714,-97.510078,35.632923
30914,-97.509330,35.626134
30915,-97.509246,35.626133
30899,-97.509328,35.626272
30898,-97.509244,35.626271
30897,-97.509161,35.626270
30916,-97.508896,35.626130
30896,-97.508892,35.626268
30891,-97.509337,35.626868
30892,-97.509278,35.626867
30928,-97.509333,35.627006
30927,-97.509274,35.627005
30893,-97.509218,35.626866
30926,-97.509214,35.627004
30917,-97.508515,35.626121
30918,-97.508482,35.626121
30895,-97.508511,35.626259
30894,-97.508470,35.626861
30925,-97.508470,35.626999
30919,-97.508293,35.626704
30920,-97.508291,35.626751
30921,-97.508289,35.626798
30922,-97.508288,35.626846
30720,-97.506833,35.626124
30721,-97.506756,35.626122
30722,-97.506679,35.626120
30723,-97.506602,35.626118
30719,-97.506673,35.626258
30718,-97.506596,35.626256
30724,-97.506525,35.626116
30725,-97.506447,35.626114
30717,-97.506519,35.626254
30716,-97.506441,35.626252
30706,-97.506413,35.626864
30707,-97.506352,35.626863
30705,-97.506350,35.627001
30708,-97.506291,35.626863
30709,-97.506231,35.626862
30704,-97.506289,35.627001
30703,-97.506229,35.627000
30710,-97.505592,35.626853
30702,-97.505590,35.626991
30611,-97.505288,35.626695
30612,-97.505288,35.626742
30711,-97.505531,35.626852
30712,-97.505471,35.626852
30701,-97.505529,35.626990
30700,-97.505469,35.626990
30613,-97.505287,35.626789
30614,-97.505287,35.626836
30686,-97.509273,35.627609
30687,-97.509002,35.627603
30688,-97.508558,35.627594
30689,-97.508519,35.627593
30632,-97.508524,35.627731
30631,-97.508480,35.627730
30860,-97.508972,35.628034
30859,-97.508966,35.628229
30858,-97.508966,35.628252
30857,-97.508965,35.628275
30923,-97.508271,35.627437
30924,-97.508270,35.627483
30690,-97.508248,35.627591
30630,-97.508250,35.627729
30691,-97.507855,35.627594
30629,-97.507955,35.627731
30628,-97.507660,35.627733
30692,-97.507462,35.627597
30627,-97.507365,35.627735
30856,-97.508074,35.628459
30829,-97.508094,35.629051
30861,-97.507727,35.628321
30855,-97.507727,35.628459
30862,-97.507674,35.628321
30863,-97.507620,35.628321
30854,-97.507674,35.628459
30853,-97.507620,35.628459
30864,-97.507567,35.628321
30865,-97.507514,35.628321
30866,-97.507460,35.628321
30852,-97.507567,35.628459
30851,-97.507514,35.628459
30850,-97.507460,35.628459
30867,-97.507407,35.628321
30849,-97.507407,35.628459
30830,-97.507741,35.629051
30831,-97.507687,35.629051
30832,-97.507632,35.629051
30833,-97.507578,35.629051
30834,-97.507524,35.629051
30835,-97.507470,35.629051
30836,-97.507415,35.629051
30828,-97.508980,35.629472
30827,-97.508979,35.629497
30826,-97.508979,35.629521
30825,-97.508975,35.629706
30824,-97.508975,35.629730
30823,-97.508975,35.629911
30822,-97.508978,35.630094
30821,-97.508981,35.630278
30820,-97.508971,35.630484
30794,-97.508226,35.629757
30795,-97.508136,35.629757
30793,-97.508226,35.629895
30792,-97.508136,35.629895
30796,-97.508046,35.629757
30797,-97.507955,35.629756
30798,-97.507865,35.629756
30791,-97.508046,35.629895
30790,-97.507955,35.629894
30789,-97.507865,35.629894
30819,-97.507741,35.629189
30818,-97.507687,35.629189
30817,-97.507632,35.629189
30816,-97.507578,35.629189
30815,-97.507524,35.629189
30814,-97.507470,35.629189
30813,-97.507415,35.629189
30799,-97.507775,35.629755
30800,-97.507685,35.629755
30788,-97.507775,35.629893
30787,-97.507685,35.629893
30770,-97.508038,35.630632
30771,-97.507656,35.630491
30772,-97.507596,35.630490
30773,-97.507537,35.630489
30774,-97.507478,35.630489
30775,-97.507419,35.630488
30776,-97.507360,35.630488
30769,-97.507654,35.630629
30768,-97.507594,35.630628
30767,-97.507535,35.630627
30766,-97.507476,35.630627
30765,-97.507417,35.630626
30764,-97.507358,35.630626
30869,-97.507050,35.627542
30693,-97.507069,35.627600
30626,-97.507071,35.627738
30694,-97.506311,35.627601
30625,-97.506311,35.627739
30868,-97.506900,35.628321
30848,-97.506900,35.628459
30837,-97.506900,35.629051
30738,-97.506563,35.628321
30847,-97.506563,35.628459
30739,-97.506485,35.628321
30846,-97.506485,35.628459
30838,-97.506560,35.629051
30839,-97.506480,35.629051
30695,-97.506257,35.627601
30696,-97.506202,35.627601
30624,-97.506257,35.627739
30623,-97.506202,35.627739
30615,-97.505286,35.627429
30616,-97.505286,35.627475
30697,-97.505686,35.627601
30622,-97.505686,35.627739
30698,-97.505631,35.627601
30699,-97.505577,35.627601
30621,-97.505631,35.627739
30620,-97.505577,35.627739
30619,-97.505523,35.627739
30617,-97.505286,35.627521
30618,-97.505300,35.627571
30740,-97.505825,35.628321
30845,-97.505825,35.628459
30840,-97.505807,35.629051
30741,-97.505747,35.628321
30742,-97.505669,35.628321
30844,-97.505747,35.628459
30843,-97.505669,35.628459
30743,-97.505592,35.628321
30841,-97.505727,35.629051
30842,-97.505648,35.629051
30744,-97.505306,35.628733
30745,-97.505306,35.628756
30746,-97.505306,35.628779
30747,-97.505306,35.628997
30748,-97.505306,35.629020
30812,-97.506900,35.629189
30801,-97.506830,35.629752
30786,-97.506830,35.629890
30811,-97.506560,35.629189
30810,-97.506480,35.629189
30802,-97.506740,35.629751
30785,-97.506740,35.629889
30784,-97.506650,35.629889
30803,-97.506560,35.629751
30777,-97.507300,35.630487
30763,-97.507298,35.630625
30778,-97.506738,35.630482
30779,-97.506679,35.630482
30780,-97.506620,35.630481
30762,-97.506736,35.630620
30761,-97.506677,35.630620
30760,-97.506618,35.630619
30809,-97.505807,35.629189
30808,-97.505727,35.629189
30807,-97.505648,35.629189
30749,-97.505304,35.629201
30750,-97.505303,35.629252
30804,-97.505768,35.629743
30805,-97.505696,35.629743
30806,-97.505624,35.629742
30783,-97.505694,35.629881
30782,-97.505622,35.629880
30751,-97.505298,35.629636
30752,-97.505297,35.629687
30753,-97.505294,35.629891
30781,-97.505686,35.630491
30754,-97.505291,35.630100
30755,-97.505288,35.630309
30756,-97.505349,35.630570
30759,-97.505739,35.630629
30758,-97.505686,35.630629
30757,-97.505633,35.630629
25031,-97.509350,35.631241
25032,-97.509130,35.631242
25033,-97.509096,35.631242
24706,-97.509338,35.632118
24673,-97.509170,35.632118
25034,-97.508449,35.631249
24672,-97.508435,35.631982
24671,-97.508435,35.632007
24705,-97.509338,35.632149
24674,-97.509170,35.632149
25035,-97.508215,35.631250
25036,-97.508144,35.631249
24638,-97.508134,35.631387
25037,-97.508073,35.631249
25038,-97.508002,35.631248
25039,-97.507930,35.631247
25040,-97.507859,35.631247
24637,-97.508058,35.631387
24636,-97.507982,35.631386
24639,-97.508267,35.631982
24640,-97.508267,35.632007
25041,-97.506366,35.631232
24635,-97.506384,35.631371
24634,-97.506307,35.631370
25043,-97.506223,35.631231
25042,-97.506294,35.631232
25044,-97.506146,35.631231
25045,-97.506075,35.631235
24633,-97.506231,35.631369
24632,-97.506161,35.631369
24631,-97.506085,35.631373
25046,-97.505543,35.631288
25051,-97.505609,35.631416
25050,-97.505598,35.631422
25047,-97.505531,35.631294
25048,-97.505519,35.631300
25049,-97.505508,35.631306
30593,-97.502281,35.626554
30592,-97.502243,35.626661
30595,-97.502096,35.625598
30594,-97.502150,35.625700
30561,-97.501996,35.625754
30560,-97.501942,35.625652
30559,-97.501813,35.625513
30558,-97.501764,35.625474
30557,-97.501248,35.625204
30556,-97.501198,35.625191
30562,-97.502119,35.626516
30591,-97.502190,35.626771
30590,-97.502131,35.626880
30589,-97.502063,35.626977
30563,-97.501851,35.627003
30569,-97.501206,35.626523
30579,-97.502710,35.627359
30587,-97.502072,35.627120
30588,-97.501993,35.627077
30578,-97.502175,35.627321
30577,-97.502100,35.627292
30576,-97.501932,35.627214
30575,-97.501918,35.627208
30574,-97.501330,35.627496
30564,-97.501284,35.627356
30555,-97.501069,35.625159
30570,-97.501095,35.625938
30571,-97.501056,35.625914
30572,-97.501023,35.625895
30573,-97.500990,35.625876
30568,-97.501152,35.626579
30567,-97.501110,35.626602
30566,-97.501067,35.626625
30565,-97.501023,35.626694
30945,-97.510439,35.625391
30942,-97.511324,35.626081
30941,-97.511324,35.626128
30940,-97.511315,35.626582
30939,-97.511315,35.626608
30907,-97.510453,35.626141
30946,-97.510045,35.625391
30947,-97.509993,35.625391
30948,-97.509941,35.625391
30882,-97.509993,35.625529
30881,-97.509941,35.625529
30949,-97.509836,35.625391
30950,-97.509783,35.625391
30880,-97.509888,35.625529
30879,-97.509836,35.625529
30878,-97.509783,35.625529
30908,-97.510369,35.626141
30951,-97.509337,35.625391
30952,-97.509284,35.625391
30953,-97.509231,35.625391
30954,-97.509179,35.625391
30955,-97.508941,35.625389
30877,-97.509337,35.625529
30876,-97.509284,35.625529
30875,-97.509231,35.625529
30874,-97.509179,35.625529
30873,-97.508937,35.625527
30956,-97.508090,35.625376
30957,-97.508001,35.625374
30958,-97.507911,35.625373
30872,-97.507997,35.625512
30871,-97.507907,35.625511
30959,-97.507822,35.625372
30870,-97.507818,35.625510
30597,-97.507004,35.625373
30598,-97.506919,35.625374
30599,-97.506834,35.625374
30737,-97.507004,35.625511
30736,-97.506919,35.625512
30735,-97.506834,35.625512
30600,-97.506749,35.625374
30601,-97.506664,35.625375
30602,-97.506580,35.625375
30734,-97.506749,35.625512
30733,-97.506664,35.625513
30732,-97.506580,35.625513
30603,-97.505774,35.625378
30604,-97.505689,35.625379
30605,-97.505604,35.625379
30606,-97.505520,35.625380
30731,-97.505774,35.625516
30730,-97.505689,35.625517
30729,-97.505604,35.625517
30607,-97.505298,35.625953
30726,-97.505634,35.626111
30727,-97.505557,35.626111
30715,-97.505634,35.626249
30714,-97.505557,35.626249
30728,-97.505480,35.626111
30608,-97.505298,35.626000
30609,-97.505297,35.626046
30610,-97.505297,35.626093
30713,-97.505480,35.626249
30944,-97.511324,35.625989
30943,-97.511324,35.626035
24904,-97.513234,35.628296
24903,-97.513234,35.628317
24902,-97.513234,35.628338
24901,-97.513234,35.628974
24900,-97.513234,35.628997
24899,-97.513234,35.629020
30669,-97.512296,35.627628
30670,-97.512264,35.627627
30671,-97.512233,35.627627
24898,-97.513241,35.629707
24897,-97.513241,35.629731
24896,-97.513241,35.629754
24895,-97.513245,35.629931
24894,-97.513254,35.630672
24893,-97.513254,35.630695
24892,-97.513254,35.631223
24891,-97.513254,35.631247
24890,-97.513254,35.631423
24889,-97.513254,35.631447
24888,-97.513254,35.631943
24887,-97.513254,35.631967
24886,-97.513259,35.632241
24885,-97.513265,35.632463
24884,-97.513271,35.632685
24861,-97.512183,35.631970
24860,-97.512181,35.632108
24859,-97.512144,35.632108
24837,-97.512196,35.632697
24836,-97.512196,35.632835
24838,-97.512158,35.632697
24835,-97.512158,35.632835
24813,-97.512192,35.633427
24814,-97.512155,35.633427
24804,-97.512155,35.633565
24839,-97.511399,35.632694
24840,-97.511361,35.632694
24841,-97.511323,35.632694
24834,-97.511399,35.632832
24833,-97.511361,35.632832
24832,-97.511323,35.632832
24842,-97.511285,35.632694
24843,-97.511247,35.632694
24844,-97.511209,35.632694
24831,-97.511285,35.632832
24830,-97.511247,35.632832
24829,-97.511209,35.632832
24715,-97.510080,35.633085
24815,-97.511401,35.633424
24816,-97.511363,35.633424
24817,-97.511325,35.633424
24803,-97.511401,35.633562
24802,-97.511363,35.633562
24801,-97.511325,35.633562
24818,-97.511288,35.633424
24819,-97.511250,35.633424
24820,-97.511212,35.633424
24800,-97.511288,35.633562
24799,-97.511250,35.633562
24798,-97.511212,35.633562
24821,-97.510383,35.633421
24822,-97.510345,35.633421
24823,-97.510307,35.633421
24797,-97.510383,35.633559
24796,-97.510345,35.633559
24795,-97.510307,35.633559
24824,-97.510270,35.633421
24794,-97.510270,35.633559
24716,-97.510082,35.633246
24812,-97.513265,35.633371
24811,-97.513265,35.633394
24810,-97.513265,35.633418
24809,-97.513264,35.634060
24808,-97.513264,35.634082
24807,-97.513264,35.634104
24806,-97.513264,35.634127
24805,-97.513096,35.634104
24782,-97.512998,35.634141
24783,-97.512945,35.634141
24781,-97.513280,35.634279
24780,-97.513052,35.634279
24779,-97.512998,35.634279
24784,-97.511875,35.634141
24785,-97.511821,35.634141
24786,-97.511768,35.634141
24787,-97.511714,35.634141
24788,-97.511661,35.634141
24789,-97.511607,35.634141
24778,-97.511875,35.634279
24777,-97.511821,35.634279
24776,-97.511768,35.634279
24775,-97.511714,35.634279
24774,-97.511661,35.634279
24773,-97.511607,35.634279
24463,-97.517644,35.636076
24462,-97.517677,35.636139
24461,-97.517687,35.636176
24460,-97.517694,35.636227
24459,-97.517694,35.636264
24458,-97.517694,35.636301
24457,-97.517694,35.636339
24456,-97.517674,35.637073
24455,-97.517643,35.637125
26897,-97.517351,35.635109
26896,-97.517285,35.635146
26895,-97.517219,35.635183
27131,-97.517179,35.635040
27132,-97.516120,35.634983
27133,-97.516072,35.634983
27153,-97.516081,35.635121
27152,-97.516033,35.635121
27134,-97.516024,35.634983
27135,-97.515976,35.634983
27136,-97.515928,35.634983
27151,-97.515986,35.635121
27150,-97.515938,35.635121
27137,-97.515880,35.634984
27138,-97.515832,35.634984
27149,-97.515891,35.635122
27148,-97.515844,35.635122
27147,-97.515796,35.635122
26894,-97.517153,35.635221
26893,-97.516991,35.635336
26892,-97.516855,35.635472
26891,-97.516719,35.635608
26890,-97.516583,35.635744
24497,-97.517526,35.636301
24498,-97.517518,35.637021
24499,-97.517513,35.637037
24500,-97.517484,35.637066
24501,-97.517454,35.637094
24502,-97.517396,35.637152
24464,-97.516715,35.636571
24465,-97.516664,35.636593
24466,-97.516647,35.636591
24467,-97.516590,35.636591
26889,-97.516397,35.635874
27154,-97.516257,35.635761
26888,-97.516149,35.635899
27155,-97.516015,35.635761
26887,-97.515934,35.635899
27156,-97.515773,35.635761
26886,-97.515719,35.635899
27157,-97.515531,35.635761
24468,-97.516532,35.636591
24469,-97.516474,35.636591
24470,-97.516417,35.636591
24496,-97.516532,35.636729
24495,-97.516474,35.636729
24494,-97.516417,35.636729
24471,-97.516359,35.636591
24472,-97.516301,35.636591
24493,-97.516301,35.636729
24473,-97.516225,35.636600
24492,-97.516233,35.636791
24491,-97.516232,35.636812
24490,-97.516232,35.636834
24474,-97.516065,35.636791
24475,-97.516064,35.636812
24476,-97.516064,35.636834
24477,-97.516064,35.636856
24452,-97.517196,35.637841
24451,-97.517210,35.637979
24450,-97.517196,35.637979
24453,-97.517183,35.637841
24454,-97.517170,35.637841
24449,-97.517183,35.637979
24448,-97.517170,35.637979
32095,-97.516969,35.638371
32096,-97.516969,35.638371
24489,-97.516228,35.637339
24488,-97.516227,35.637361
24487,-97.516227,35.637383
24478,-97.516060,35.637339
24479,-97.516059,35.637361
24480,-97.516059,35.637383
24481,-97.516059,35.637405
24486,-97.516459,35.637979
24485,-97.516434,35.637979
24484,-97.516409,35.637979
24483,-97.516384,35.637979
24482,-97.516360,35.637979
26885,-97.515504,35.635899
27158,-97.515290,35.635761
26884,-97.515290,35.635899
24513,-97.515274,35.635912
24512,-97.515274,35.635961
24511,-97.515274,35.636010
24510,-97.515275,35.636158
24509,-97.515276,35.636208
24520,-97.515106,35.635961
24521,-97.515106,35.636010
24522,-97.515107,35.636060
24523,-97.515107,35.636109
24524,-97.515108,35.636208
24508,-97.515283,35.637146
24507,-97.515283,35.637196
24506,-97.515284,35.637245
24525,-97.515115,35.637146
24526,-97.515115,35.637196
24527,-97.515116,35.637245
24505,-97.515284,35.637295
24504,-97.515285,35.637344
24503,-97.515285,35.637393
26922,-97.517680,35.631072
26914,-97.518713,35.633106
26918,-97.518219,35.631645
26917,-97.518283,35.631773
26916,-97.518269,35.631778
26915,-97.518255,35.631783
26919,-97.518205,35.631650
26920,-97.518191,35.631655
26921,-97.517872,35.631382
26997,-97.517722,35.631444
26998,-97.517928,35.631751
26999,-97.518030,35.631919
26911,-97.518854,35.633287
26910,-97.518857,35.633346
26909,-97.518861,35.633405
26908,-97.518882,35.633576
26907,-97.518890,35.633611
26906,-97.518897,35.633646
26912,-97.518800,35.633199
26913,-97.518757,35.633152
27002,-97.518662,35.633278
27001,-97.518616,35.633230
27003,-97.518686,35.633289
27004,-97.518689,35.633350
27005,-97.518693,35.633411
26905,-97.518904,35.633680
26904,-97.518912,35.633715
27000,-97.518571,35.633181
27006,-97.517700,35.633411
27059,-97.517748,35.633549
27058,-97.517700,35.633549
27057,-97.517653,35.633549
27056,-97.517614,35.633551
27060,-97.517852,35.634221
26903,-97.517903,35.634359
26902,-97.517852,35.634359
27061,-97.517801,35.634221
27062,-97.517751,35.634221
27063,-97.517700,35.634221
26901,-97.517801,35.634359
26900,-97.517751,35.634359
26899,-97.517700,35.634359
27064,-97.517650,35.634221
26898,-97.517650,35.634359
27017,-97.515784,35.630871
27045,-97.515784,35.631009
27018,-97.515727,35.630871
27019,-97.515667,35.630871
27020,-97.515610,35.630873
27021,-97.515553,35.630875
27044,-97.515616,35.631011
27043,-97.515559,35.631013
27022,-97.515497,35.630877
27042,-97.515503,35.631015
27077,-97.515312,35.631029
27078,-97.515309,35.631073
27023,-97.514657,35.630871
27024,-97.514625,35.630871
27025,-97.514599,35.630869
27026,-97.514567,35.630867
27027,-97.514536,35.630866
27028,-97.514351,35.631039
26996,-97.517530,35.631134
26992,-97.516832,35.631284
27016,-97.516822,35.631457
27014,-97.516872,35.631528
27013,-97.516898,35.631563
27012,-97.516923,35.631599
27015,-97.516847,35.631493
27046,-97.516726,35.631598
27048,-97.516777,35.631669
27047,-97.516752,35.631633
27011,-97.517346,35.632407
27010,-97.517361,35.632446
27009,-97.517376,35.632485
27008,-97.517391,35.632525
27007,-97.517405,35.632564
27049,-97.517186,35.632447
27050,-97.517201,35.632486
27052,-97.517231,35.632565
27051,-97.517216,35.632525
27053,-97.517245,35.632604
27075,-97.516061,35.632119
26993,-97.515929,35.631935
26994,-97.515901,35.631963
27071,-97.516193,35.632246
27073,-97.516127,35.632183
27072,-97.516160,35.632214
27074,-97.516094,35.632151
27085,-97.515966,35.632239
27084,-97.515933,35.632207
27086,-97.515999,35.632271
27083,-97.515901,35.632176
27055,-97.517566,35.633555
27054,-97.517519,35.633560
27070,-97.516564,35.633211
27069,-97.516564,35.633251
27068,-97.516565,35.633331
27067,-97.516565,35.633371
27065,-97.516710,35.634212
27130,-97.516708,35.634350
27066,-97.516670,35.634211
27129,-97.516668,35.634349
27128,-97.516628,35.634349
27127,-97.516589,35.634349
27087,-97.516396,35.633213
27088,-97.516396,35.633253
27089,-97.516396,35.633293
27090,-97.516397,35.633333
27091,-97.516397,35.633373
27095,-97.515574,35.633392
27094,-97.515574,35.633425
27093,-97.515574,35.633457
27092,-97.515574,35.633490
27126,-97.516370,35.634346
27125,-97.516334,35.634346
27124,-97.516299,35.634346
27123,-97.515589,35.634340
27139,-97.515784,35.634984
27076,-97.515475,35.631124
27079,-97.515307,35.631118
27080,-97.515306,35.631166
27081,-97.515306,35.631211
27082,-97.515306,35.631255
27041,-97.514546,35.631601
27040,-97.514546,35.631624
27039,-97.514547,35.631648
27038,-97.514547,35.631671
27037,-97.514548,35.631695
27036,-97.514548,35.631719
26995,-97.515363,35.632584
27098,-97.515376,35.632614
27099,-97.515205,35.632630
32534,-97.515121,35.632505
32535,-97.515121,35.632505
32536,-97.515121,35.632505
32537,-97.515121,35.632505
32539,-97.515121,35.632505
32540,-97.515121,35.632505
27096,-97.515403,35.632675
27097,-97.515389,35.632645
27100,-97.515218,35.632660
27101,-97.515231,35.632691
27029,-97.514378,35.631603
27030,-97.514378,35.631626
27031,-97.514379,35.631650
27032,-97.514379,35.631673
27033,-97.514380,35.631697
27034,-97.514380,35.631721
27035,-97.514381,35.631744
27102,-97.515406,35.633392
27103,-97.515406,35.633425
27104,-97.515406,35.633457
27105,-97.515406,35.633490
27111,-97.514566,35.633370
27110,-97.514566,35.633386
27109,-97.514567,35.633403
27108,-97.514578,35.633786
27107,-97.514579,35.633803
27106,-97.514579,35.633820
27122,-97.515303,35.634340
27121,-97.515130,35.634342
27120,-97.514957,35.634343
27119,-97.514784,35.634345
27140,-97.514825,35.634989
27141,-97.514777,35.634989
27146,-97.514847,35.635126
27145,-97.514799,35.635127
27142,-97.514729,35.634989
27143,-97.514681,35.634989
27144,-97.514752,35.635127
24517,-97.514544,35.635185
27112,-97.514398,35.633374
27113,-97.514398,35.633390
27114,-97.514399,35.633407
27115,-97.514410,35.633790
27116,-97.514411,35.633807
27117,-97.514411,35.633824
27118,-97.514412,35.633857
24514,-97.514377,35.635115
24515,-97.514376,35.635149
24516,-97.514376,35.635174
24518,-97.514377,35.635199
27159,-97.514619,35.635752
27160,-97.514595,35.635752
27161,-97.514571,35.635752
26883,-97.514615,35.635890
26882,-97.514592,35.635890
26881,-97.514569,35.635890
24519,-97.514377,35.635224
26880,-97.514229,35.635889
26879,-97.513950,35.635889
27242,-97.517791,35.626354
27241,-97.517770,35.626449
27250,-97.522556,35.628435
27251,-97.522556,35.628486
27252,-97.522556,35.628536
27253,-97.522556,35.628586
27254,-97.522556,35.628637
27409,-97.523289,35.630220
27410,-97.523291,35.630358
27255,-97.522556,35.629744
27256,-97.522556,35.629794
27257,-97.522556,35.629844
27258,-97.522553,35.629889
27337,-97.521722,35.630542
27336,-97.521672,35.630575
27239,-97.519653,35.628644
27274,-97.520949,35.629158
27273,-97.520952,35.629206
27272,-97.520955,35.629255
27271,-97.520959,35.629304
27270,-97.520962,35.629353
27269,-97.520965,35.629402
27268,-97.520969,35.629451
27267,-97.520972,35.629500
27275,-97.520781,35.629166
27276,-97.520784,35.629214
27277,-97.520787,35.629262
27278,-97.520790,35.629310
27279,-97.520794,35.629358
27280,-97.520797,35.629406
27282,-97.520804,35.629502
27281,-97.520800,35.629454
27259,-97.521610,35.630440
27260,-97.521561,35.630471
27261,-97.521513,35.630502
27262,-97.521479,35.630533
27263,-97.521201,35.630573
27335,-97.521622,35.630607
27334,-97.521595,35.630634
27333,-97.521555,35.630675
27332,-97.521516,35.630716
27287,-97.521422,35.630593
27288,-97.521384,35.630633
27331,-97.521384,35.630866
27330,-97.521344,35.630914
27329,-97.521240,35.631071
27266,-97.521097,35.630369
27265,-97.521106,35.630417
27264,-97.521116,35.630459
27283,-97.520926,35.630369
27284,-97.520936,35.630417
27286,-97.520963,35.630519
27285,-97.520945,35.630464
27289,-97.521084,35.631021
27240,-97.519717,35.629122
27328,-97.521043,35.631511
27327,-97.521038,35.631532
27326,-97.521032,35.631559
27325,-97.521027,35.631587
27324,-97.521021,35.631615
27290,-97.520870,35.631522
27291,-97.520864,35.631549
27292,-97.520859,35.631576
27293,-97.520853,35.631602
27294,-97.520848,35.631629
27295,-97.520842,35.631656
27315,-97.521294,35.633088
27316,-97.521205,35.632972
27323,-97.520973,35.632184
27322,-97.520976,35.632212
27321,-97.520979,35.632240
27320,-97.520981,35.632268
27319,-97.520984,35.632295
27318,-97.520986,35.632323
27317,-97.520989,35.632351
27296,-97.520807,35.632214
27297,-97.520810,35.632241
27298,-97.520812,35.632268
27299,-97.520815,35.632295
27300,-97.520817,35.632322
27301,-97.520820,35.632349
27302,-97.520822,35.632376
27303,-97.520996,35.633022
27304,-97.520996,35.633050
27305,-97.520996,35.633078
27306,-97.520996,35.633107
27307,-97.520996,35.633135
27313,-97.521431,35.633337
27312,-97.521487,35.633459
27314,-97.521369,35.633205
27310,-97.521459,35.633670
27311,-97.521459,35.633670
27308,-97.520998,35.633169
27309,-97.521000,35.633197
27197,-97.515191,35.626998
27198,-97.515160,35.626957
27200,-97.515096,35.626875
27202,-97.515033,35.626794
27201,-97.515064,35.626835
27199,-97.515128,35.626916
27203,-97.514777,35.626696
27204,-97.514727,35.626699
27205,-97.514682,35.626701
27206,-97.514631,35.626701
27216,-97.514631,35.626839
27215,-97.514580,35.626839
27214,-97.514564,35.626935
27213,-97.514564,35.626959
27207,-97.514396,35.626852
27208,-97.514396,35.626875
27209,-97.514396,35.626899
27210,-97.514396,35.626923
27211,-97.514396,35.626947
27212,-97.514396,35.626971
26926,-97.517359,35.630476
26927,-97.517349,35.630481
26925,-97.517452,35.630592
26924,-97.517441,35.630596
26923,-97.517431,35.630601
26991,-97.517221,35.630715
26928,-97.516856,35.630114
26929,-97.516829,35.630105
26930,-97.516803,35.630096
26990,-97.516832,35.630255
26989,-97.516805,35.630246
26931,-97.516761,35.630088
26932,-97.516747,35.630085
26988,-97.516765,35.630233
26987,-97.516739,35.630224
26986,-97.516725,35.630222
26985,-97.516697,35.630217
26933,-97.516096,35.630019
27194,-97.515287,35.627121
27192,-97.515354,35.627207
27193,-97.515319,35.627162
27196,-97.515223,35.627039
27195,-97.515255,35.627080
27191,-97.515504,35.627842
27190,-97.515504,35.627876
27189,-97.515504,35.627911
27188,-97.515504,35.627943
27187,-97.515506,35.627978
27186,-97.515507,35.628012
27223,-97.515336,35.627842
27224,-97.515336,35.627876
27225,-97.515336,35.627911
27226,-97.515336,35.627947
27227,-97.515338,35.627982
27228,-97.515339,35.628016
27217,-97.514839,35.627690
27218,-97.514811,35.627691
27219,-97.514780,35.627691
27220,-97.514749,35.627691
27221,-97.514719,35.627691
27222,-97.514688,35.627691
27238,-97.514564,35.627842
27237,-97.514564,35.627876
27236,-97.514564,35.627911
27235,-97.514564,35.627946
27234,-97.514564,35.627981
27233,-97.514564,35.628016
27185,-97.515508,35.628047
27184,-97.515510,35.628081
27183,-97.515511,35.628116
27182,-97.515514,35.628185
27181,-97.515515,35.628219
27229,-97.515340,35.628051
27230,-97.515342,35.628085
27232,-97.514564,35.628051
27231,-97.514564,35.628086
27180,-97.514811,35.628849
27179,-97.514778,35.628849
27178,-97.514745,35.628849
27177,-97.514713,35.628849
27176,-97.514680,35.628849
27175,-97.514647,35.628849
27174,-97.514582,35.628849
27162,-97.514402,35.627600
27163,-97.514396,35.627842
27164,-97.514396,35.627878
27165,-97.514396,35.627914
27166,-97.514396,35.627951
27167,-97.514396,35.627987
27168,-97.514396,35.628024
27169,-97.514396,35.628060
27170,-97.514396,35.628097
27171,-97.514396,35.628133
27172,-97.514395,35.628167
27173,-97.514393,35.628203
26934,-97.514987,35.629428
26935,-97.514960,35.629428
26936,-97.514933,35.629429
26937,-97.514906,35.629430
26938,-97.514885,35.629430
26939,-97.514858,35.629429
26940,-97.514831,35.629428
26941,-97.514805,35.629427
26942,-97.514778,35.629426
26962,-97.514820,35.629566
26961,-97.514794,35.629565
26960,-97.514767,35.629564
26943,-97.514724,35.629425
26944,-97.514697,35.629424
26945,-97.514670,35.629423
26946,-97.514643,35.629422
26959,-97.514741,35.629563
26958,-97.514715,35.629563
26957,-97.514688,35.629562
26947,-97.514617,35.629421
26948,-97.514597,35.629421
26965,-97.514931,35.629568
26964,-97.514905,35.629568
26963,-97.514873,35.629568
26984,-97.515011,35.630234
26983,-97.514959,35.630235
26982,-97.514907,35.630237
26966,-97.514855,35.630100
26967,-97.514829,35.630101
26968,-97.514802,35.630101
26969,-97.514776,35.630102
26981,-97.514855,35.630238
26980,-97.514803,35.630240
26970,-97.514749,35.630103
26971,-97.514723,35.630104
26972,-97.514696,35.630104
26973,-97.514669,35.630105
26974,-97.514643,35.630106
26979,-97.514751,35.630241
26978,-97.514699,35.630242
26977,-97.514647,35.630244
26975,-97.514616,35.630106
26976,-97.514595,35.630245
26949,-97.514376,35.629562
26950,-97.514376,35.629637
26951,-97.514376,35.629712
26952,-97.514376,35.629787
26953,-97.514369,35.629952
26954,-97.514369,35.629959
26955,-97.514368,35.629966
26956,-97.514368,35.629973
27535,-97.528004,35.625940
27537,-97.527839,35.625804
27536,-97.527921,35.625872
27533,-97.527967,35.626105
27534,-97.528049,35.626173
27532,-97.527884,35.626036
27543,-97.526809,35.624947
27547,-97.526591,35.624222
27546,-97.526612,35.624360
27545,-97.526589,35.624360
27544,-97.526678,35.624762
27343,-97.526530,35.624826
27539,-97.527673,35.625668
27540,-97.527591,35.625600
27538,-97.527756,35.625736
27531,-97.527801,35.625968
27530,-97.527719,35.625900
27529,-97.527636,35.625832
27528,-97.527553,35.625764
27527,-97.527471,35.625696
27541,-97.527168,35.625250
27346,-97.527048,35.625346
27542,-97.526980,35.625094
27345,-97.526860,35.625190
27526,-97.526964,35.626123
27523,-97.526803,35.626677
27344,-97.526665,35.625019
27347,-97.526762,35.626131
27524,-97.526765,35.626669
27525,-97.526728,35.626662
27516,-97.526725,35.626803
27515,-97.526688,35.626796
27520,-97.527694,35.627055
27521,-97.527666,35.627033
27522,-97.527638,35.627011
27519,-97.527578,35.627153
27518,-97.527550,35.627131
27517,-97.527522,35.627109
27511,-97.526786,35.627699
27512,-97.526776,35.627695
27513,-97.526765,35.627692
27514,-97.526755,35.627688
27510,-97.526701,35.627819
27509,-97.526690,35.627815
27508,-97.526680,35.627811
27507,-97.526422,35.627748
27506,-97.526219,35.627709
27461,-97.525771,35.633036
27443,-97.526904,35.633181
27442,-97.526904,35.633215
27441,-97.526904,35.633249
27440,-97.526905,35.633283
27439,-97.526905,35.633317
32018,-97.526296,35.634891
32019,-97.526280,35.634891
32020,-97.526264,35.634891
32021,-97.526248,35.634891
32022,-97.526039,35.634891
32055,-97.526056,35.635077
32056,-97.526056,35.635113
32057,-97.526056,35.635148
32058,-97.526056,35.635184
27339,-97.525753,35.624203
27338,-97.525747,35.624201
27340,-97.525655,35.624317
27342,-97.525741,35.624339
27341,-97.525681,35.624327
23958,-97.524682,35.623471
27353,-97.524525,35.624291
27352,-97.524526,35.624359
27351,-97.524527,35.624427
27355,-97.524357,35.624293
27356,-97.524358,35.624361
27350,-97.524529,35.624496
27349,-97.524530,35.624564
27357,-97.524361,35.624498
27358,-97.524362,35.624566
27359,-97.524364,35.624634
27354,-97.523997,35.624141
32647,-97.523789,35.624141
32648,-97.523789,35.624141
32649,-97.523789,35.624141
32650,-97.523789,35.624141
32645,-97.523789,35.624279
32646,-97.523789,35.624279
32690,-97.523789,35.624279
27348,-97.524925,35.626017
27363,-97.524909,35.626210
27360,-97.524738,35.626043
27361,-97.524795,35.626103
27362,-97.524848,35.626156
27364,-97.524967,35.626259
27384,-97.524010,35.626825
27365,-97.523931,35.626500
27383,-97.523943,35.626873
27376,-97.523831,35.626771
27377,-97.523765,35.626819
27382,-97.523811,35.626969
27371,-97.523435,35.624291
27370,-97.523436,35.624384
27372,-97.523267,35.624293
27373,-97.523268,35.624386
27369,-97.523438,35.624478
27368,-97.523440,35.624572
27367,-97.523441,35.624665
27374,-97.523273,35.624667
27366,-97.523443,35.624759
27375,-97.523275,35.624761
27378,-97.523699,35.626867
27379,-97.523632,35.626921
27380,-97.523570,35.626973
27243,-97.522525,35.626046
27386,-97.524832,35.627385
27502,-97.525700,35.628482
27503,-97.525659,35.628475
27504,-97.525618,35.628467
27505,-97.525577,35.628460
27501,-97.525662,35.628616
27499,-97.525580,35.628601
27500,-97.525621,35.628609
27498,-97.525539,35.628594
27497,-97.525509,35.628638
27385,-97.524681,35.627323
27381,-97.523752,35.627017
27391,-97.523832,35.628529
27390,-97.523754,35.628529
27496,-97.525175,35.629553
27405,-97.525021,35.629495
27495,-97.525160,35.629579
27494,-97.524883,35.630205
27493,-97.524874,35.630377
27492,-97.524874,35.630411
27392,-97.523752,35.629289
27389,-97.523675,35.628529
27388,-97.523518,35.628529
27387,-97.523440,35.628529
27245,-97.522498,35.627240
27244,-97.522490,35.627191
27246,-97.522507,35.627290
27247,-97.522515,35.627340
27248,-97.522524,35.627390
27249,-97.522532,35.627440
27393,-97.523681,35.629291
27394,-97.523610,35.629292
27395,-97.523540,35.629293
27396,-97.523469,35.629295
27404,-97.523685,35.629429
27403,-97.523614,35.629430
27402,-97.523544,35.629431
27401,-97.523473,35.629433
27397,-97.523398,35.629296
27398,-97.523328,35.629298
27400,-97.523402,35.629434
27399,-97.523332,35.629436
27406,-97.523460,35.630218
27414,-97.523519,35.630356
27413,-97.523462,35.630356
27407,-97.523403,35.630219
27408,-97.523346,35.630219
27412,-97.523405,35.630357
27411,-97.523348,35.630357
27485,-97.525696,35.632086
27486,-97.525662,35.632086
27487,-97.525627,35.632087
27491,-97.524885,35.631331
27490,-97.524885,35.631358
27489,-97.524887,35.631412
27488,-97.524817,35.632039
27484,-97.525733,35.632224
27483,-97.525698,35.632224
27482,-97.525664,35.632224
27481,-97.525629,35.632225
27462,-97.525727,35.633036
27463,-97.525683,35.633036
27464,-97.525639,35.633037
27480,-97.524819,35.632178
27479,-97.524785,35.632173
27478,-97.524751,35.632168
27476,-97.524717,35.631348
27477,-97.524718,35.631378
27465,-97.524627,35.633043
27466,-97.524605,35.633043
27467,-97.524539,35.633043
27460,-97.525729,35.633174
27459,-97.525685,35.633174
27458,-97.525641,35.633175
27444,-97.525740,35.634043
27445,-97.525696,35.634043
27446,-97.525652,35.634044
27438,-97.525742,35.634181
27437,-97.525698,35.634181
27436,-97.525654,35.634182
32023,-97.525443,35.634891
32024,-97.525415,35.634891
32025,-97.525386,35.634891
32026,-97.525358,35.634891
32027,-97.525330,35.634891
32054,-97.525314,35.635077
32053,-97.525314,35.635112
32052,-97.525314,35.635148
32051,-97.525314,35.635183
32028,-97.525146,35.635042
32029,-97.525146,35.635077
32030,-97.525146,35.635112
32031,-97.525146,35.635148
32032,-97.525146,35.635183
27457,-97.524629,35.633181
27456,-97.524541,35.633181
27447,-97.524643,35.634055
27448,-97.524599,35.634056
27449,-97.524555,35.634056
27435,-97.524645,35.634193
27434,-97.524601,35.634194
27433,-97.524557,35.634194
27415,-97.523627,35.631188
27475,-97.523629,35.631326
27416,-97.523575,35.631188
27417,-97.523523,35.631189
27418,-97.523471,35.631189
27474,-97.523525,35.631327
27419,-97.523419,35.631190
27473,-97.523421,35.631328
27420,-97.523236,35.631343
27472,-97.523405,35.631477
27421,-97.523236,35.631411
27422,-97.523237,35.631479
27471,-97.523413,35.632197
27423,-97.523246,35.632267
27424,-97.523247,35.632336
27468,-97.523527,35.633049
27469,-97.523483,35.633049
27470,-97.523439,35.633050
27455,-97.523529,35.633187
27454,-97.523485,35.633187
27453,-97.523441,35.633188
27425,-97.523257,35.633203
27426,-97.523263,35.633545
27450,-97.523546,35.634068
27451,-97.523502,35.634068
27452,-97.523459,35.634069
27427,-97.523270,35.633887
27432,-97.523548,35.634206
27431,-97.523504,35.634206
27430,-97.523461,35.634207
27428,-97.523276,35.634224
27429,-97.523276,35.634317
32017,-97.526783,35.635683
32016,-97.526782,35.635707
32067,-97.526617,35.635632
32068,-97.526616,35.635656
32069,-97.526615,35.635679
32070,-97.526614,35.635703
32015,-97.526781,35.635731
32014,-97.526780,35.635754
32013,-97.526778,35.635802
32071,-97.526613,35.635727
32072,-97.526612,35.635750
32073,-97.526611,35.635774
32059,-97.526056,35.635220
32060,-97.526056,35.635255
32061,-97.526056,35.635933
32062,-97.526056,35.635969
32063,-97.526056,35.636004
32064,-97.526056,35.636040
32065,-97.526056,35.636076
32066,-97.526056,35.636111
32050,-97.525314,35.635219
32049,-97.525314,35.635254
32048,-97.525314,35.635928
32047,-97.525314,35.635963
32046,-97.525314,35.635999
32045,-97.525314,35.636034
32044,-97.525314,35.636070
32043,-97.525314,35.636105
32033,-97.525146,35.635219
32034,-97.525146,35.635254
32035,-97.525146,35.635290
32036,-97.525146,35.635928
32037,-97.525146,35.635963
32038,-97.525146,35.635999
32039,-97.525146,35.636034
32040,-97.525146,35.636070
32041,-97.525146,35.636105
32042,-97.525146,35.636141
32012,-97.526767,35.636228
32011,-97.526766,35.636251
32010,-97.526766,35.636275
32009,-97.526765,35.636299
32008,-97.526764,35.636346
32074,-97.526599,35.636226
32075,-97.526598,35.636249
32076,-97.526598,35.636273
32077,-97.526597,35.636297
32078,-97.526597,35.636320
32007,-97.526775,35.636954
32087,-97.526260,35.636959
32086,-97.526246,35.636959
32085,-97.526038,35.636957
32084,-97.525470,35.636951
32083,-97.525442,35.636951
32082,-97.525414,35.636950
32081,-97.525385,35.636950
32080,-97.525357,35.636950
32079,-97.525329,35.636950
32088,-97.523568,35.638391
10915,-97.523418,35.638545
10914,-97.523415,35.638583
10913,-97.523413,35.638622
10912,-97.523411,35.638660
10582,-97.523250,35.638539
10583,-97.523247,35.638577
10584,-97.523245,35.638616
10585,-97.523243,35.638654
32089,-97.522340,35.638391
32090,-97.522340,35.638391
32091,-97.522340,35.638391
32092,-97.522340,35.638391
32093,-97.522340,35.638391
32094,-97.522340,35.638391
30968,-97.531543,35.637356
30969,-97.531732,35.634219
30967,-97.531563,35.634340
30038,-97.532191,35.629324
30962,-97.531586,35.630069
30963,-97.531590,35.630452
30964,-97.531591,35.630643
30961,-97.531593,35.630834
30965,-97.531595,35.631151
30966,-97.531590,35.631464
30011,-97.531760,35.626629
30970,-97.531744,35.626642
30035,-97.532786,35.628800
30036,-97.532586,35.628849
30040,-97.532630,35.628981
30037,-97.532400,35.628881
30039,-97.532400,35.629019
30960,-97.531586,35.628936
30071,-97.536154,35.631675
30072,-97.536190,35.631730
30070,-97.535641,35.631612
30061,-97.535456,35.631347
30069,-97.535389,35.631705
30068,-97.535205,35.631725
30067,-97.535149,35.631964
30066,-97.534986,35.632310
30062,-97.534214,35.631636
30064,-97.534116,35.631753
30065,-97.534888,35.632200
30063,-97.533880,35.631718
30148,-97.539196,35.630411
30147,-97.539155,35.630410
30146,-97.539114,35.630410
30145,-97.539072,35.630409
30144,-97.539031,35.630409
30143,-97.538990,35.630409
30142,-97.538679,35.630409
30141,-97.538460,35.630409
30078,-97.538818,35.631533
30079,-97.538817,35.631564
30077,-97.538980,35.632319
32402,-97.537650,35.629479
30080,-97.537841,35.630740
30081,-97.537674,35.630601
30082,-97.537672,35.630879
30094,-97.536847,35.629486
30093,-97.536769,35.629487
30096,-97.536767,35.629349
30097,-97.536689,35.629350
30092,-97.536691,35.629488
30091,-97.536530,35.629715
30060,-97.536416,35.629578
30088,-97.536694,35.630303
30089,-97.536589,35.630302
30087,-97.536587,35.630440
30090,-97.536485,35.630301
30086,-97.536483,35.630439
30085,-97.536379,35.630439
30076,-97.537850,35.632319
30083,-97.536789,35.632172
30075,-97.536787,35.632310
30084,-97.536705,35.632171
30074,-97.536703,35.632309
30073,-97.536619,35.632309
30155,-97.540090,35.629047
30167,-97.539922,35.629055
30156,-97.539421,35.628317
30157,-97.539362,35.628312
30158,-97.539295,35.628311
30159,-97.539236,35.628311
30166,-97.539236,35.628449
30160,-97.539177,35.628311
30161,-97.539118,35.628311
30165,-97.539177,35.628449
30164,-97.539118,35.628449
30184,-97.538984,35.627569
30183,-97.538984,35.627599
30182,-97.538984,35.627629
30127,-97.538816,35.627569
30128,-97.538816,35.627599
30129,-97.538816,35.627629
30130,-97.538816,35.627658
30162,-97.539059,35.628311
30163,-97.539059,35.628449
30181,-97.538983,35.628462
30180,-97.538982,35.628498
30179,-97.538982,35.628534
30131,-97.538815,35.628462
30132,-97.538814,35.628498
30133,-97.538814,35.628534
30178,-97.538982,35.628570
30177,-97.538982,35.628607
30176,-97.538982,35.628643
30134,-97.538814,35.628570
30135,-97.538814,35.628607
30136,-97.538814,35.628643
30154,-97.540093,35.629095
30153,-97.540094,35.629147
30152,-97.540094,35.629195
30151,-97.540095,35.629243
30150,-97.540095,35.629291
30168,-97.539925,35.629103
30169,-97.539926,35.629147
30170,-97.539926,35.629195
30171,-97.539927,35.629243
30149,-97.540096,35.629339
30175,-97.538978,35.629368
30174,-97.538978,35.629404
30173,-97.538978,35.629441
30172,-97.538977,35.629477
30137,-97.538810,35.629368
30138,-97.538810,35.629404
30139,-97.538810,35.629441
30140,-97.538809,35.629477
32395,-97.537637,35.628462
32396,-97.537637,35.628462
30095,-97.537826,35.628844
32398,-97.537641,35.628600
30099,-97.536848,35.628477
30100,-97.536778,35.628479
30098,-97.536782,35.628617
30059,-97.536598,35.628691
30207,-97.540097,35.624290
30206,-97.540103,35.624343
30205,-97.540103,35.624384
30204,-97.540102,35.624424
30203,-97.540102,35.624465
30212,-97.539931,35.624312
30213,-97.539935,35.624341
30214,-97.539935,35.624382
30208,-97.539363,35.624133
30209,-97.539336,35.624132
30210,-97.539308,35.624132
30211,-97.539281,35.624132
30109,-97.538964,35.624152
30228,-97.538983,35.624342
30227,-97.538982,35.624381
30226,-97.538982,35.624421
30110,-97.538815,35.624340
30111,-97.538814,35.624379
30112,-97.538814,35.624419
30113,-97.538813,35.624459
30202,-97.540090,35.625283
30201,-97.540090,35.625324
30200,-97.540089,35.625365
30199,-97.540088,35.625406
30198,-97.540088,35.625447
30215,-97.539922,35.625281
30216,-97.539922,35.625322
30217,-97.539921,35.625363
30218,-97.539920,35.625404
30197,-97.540087,35.625488
30196,-97.539689,35.626239
30194,-97.539722,35.626271
30193,-97.539739,35.626288
30192,-97.539756,35.626304
30195,-97.539705,35.626255
30189,-97.539592,35.626359
30191,-97.539626,35.626392
30190,-97.539609,35.626376
30187,-97.539559,35.626327
30188,-97.539575,35.626343
30225,-97.538980,35.625339
30224,-97.538981,35.625379
30223,-97.538982,35.625419
30222,-97.538983,35.625459
30114,-97.538812,35.625341
30115,-97.538813,35.625381
30116,-97.538814,35.625421
30117,-97.538815,35.625461
30219,-97.539020,35.625545
30221,-97.538990,35.625478
30220,-97.539005,35.625516
30118,-97.538830,35.625518
30119,-97.538845,35.625556
30121,-97.538886,35.625638
30120,-97.538866,35.625601
30186,-97.538994,35.626844
30185,-97.538986,35.626873
30122,-97.538830,35.626810
30123,-97.538822,35.626839
30124,-97.538816,35.626886
30125,-97.538816,35.626915
30126,-97.538816,35.626945
30107,-97.536720,35.624955
30108,-97.536672,35.624890
30106,-97.537276,35.625778
30054,-97.537117,35.625854
30053,-97.537045,35.625896
30105,-97.537884,35.626639
30104,-97.537863,35.626734
30055,-97.537716,35.626567
30056,-97.537716,35.626639
30025,-97.537019,35.625742
30026,-97.536947,35.625784
30052,-97.536999,35.625919
30027,-97.536853,35.625849
30051,-97.536528,35.626576
30028,-97.536390,35.626498
30050,-97.536477,35.626636
30029,-97.536339,35.626558
30103,-97.537349,35.627375
30102,-97.537297,35.627433
30057,-97.537215,35.627293
30058,-97.537163,35.627351
30101,-97.537244,35.627490
30048,-97.536460,35.628226
30024,-97.536409,35.624959
30003,-97.536369,35.624799
30004,-97.536291,35.624861
30005,-97.536208,35.624934
30023,-97.536342,35.625016
30022,-97.536276,35.625087
30002,-97.535809,35.624142
30001,-97.535237,35.624349
29972,-97.535012,35.624237
29973,-97.534906,35.624239
29974,-97.534789,35.624235
30006,-97.535537,35.625694
30021,-97.535673,35.625774
30020,-97.535609,35.625846
30019,-97.535514,35.625955
30007,-97.535473,35.625766
30008,-97.535410,35.625839
30009,-97.535346,35.625911
30018,-97.535482,35.625991
30000,-97.534772,35.625134
29999,-97.534725,35.625187
29989,-97.534636,35.625054
29990,-97.534589,35.625107
29991,-97.534542,35.625160
29998,-97.534678,35.625240
29992,-97.534051,35.625716
29997,-97.534187,35.625796
29996,-97.534141,35.625849
29995,-97.534094,35.625902
29993,-97.534005,35.625769
29994,-97.533958,35.625822
30017,-97.534004,35.626629
30031,-97.536211,35.628159
30049,-97.535975,35.627416
30030,-97.535802,35.627296
30047,-97.535637,35.628486
30032,-97.535591,35.628354
30041,-97.534977,35.628652
30042,-97.535014,35.628753
30046,-97.535145,35.629009
30043,-97.535033,35.628875
30044,-97.534993,35.628951
30033,-97.534895,35.628516
30034,-97.534697,35.628579
30045,-97.534976,35.629227
29988,-97.533763,35.624515
29987,-97.533683,35.624563
29986,-97.533589,35.624621
30016,-97.533937,35.626629
30015,-97.533870,35.626629
29985,-97.532856,35.625402
29979,-97.532709,35.625335
29980,-97.532645,35.625415
29984,-97.532728,35.625564
29981,-97.532582,35.625495
29983,-97.532670,35.625638
30010,-97.532719,35.626491
30014,-97.532740,35.626629
30013,-97.532640,35.626629
30012,-97.532540,35.626629
29975,-97.533675,35.624397
29976,-97.533566,35.624462
29977,-97.533473,35.624521
29978,-97.533373,35.624598
29982,-97.532515,35.625584
26189,-97.538429,35.610852
26190,-97.538415,35.610864
26191,-97.538401,35.610876
26188,-97.538551,35.610946
26187,-97.538537,35.610958
26184,-97.538098,35.612003
26181,-97.538214,35.612211
26182,-97.538201,35.612188
26183,-97.538188,35.612165
26180,-97.538228,35.612235
26273,-97.538061,35.612267
26171,-97.539159,35.613617
26172,-97.539147,35.613602
26170,-97.539178,35.613644
26174,-97.539124,35.613572
26173,-97.539135,35.613587
26179,-97.538593,35.612855
26177,-97.538782,35.613112
26178,-97.538687,35.612983
26175,-97.538972,35.613369
26176,-97.538877,35.613241
26312,-97.538982,35.613646
26304,-97.538336,35.613786
26305,-97.538310,35.613799
26311,-97.538372,35.613930
26310,-97.538346,35.613943
26309,-97.538320,35.613956
26306,-97.538284,35.613812
26307,-97.538258,35.613825
26308,-97.538232,35.613838
26313,-97.538092,35.614995
26169,-97.538132,35.615129
26168,-97.538071,35.615141
26186,-97.537775,35.611408
26185,-97.537789,35.611434
26192,-97.536765,35.611530
26193,-97.536688,35.611541
26194,-97.536621,35.611542
26195,-97.536542,35.611544
26196,-97.536464,35.611545
26197,-97.536385,35.611547
26198,-97.536307,35.611548
26199,-97.536228,35.611550
26200,-97.536150,35.611551
26201,-97.536071,35.611553
26261,-97.536752,35.612509
26262,-97.536688,35.612532
26272,-97.536754,35.612658
26263,-97.536613,35.612563
26264,-97.536554,35.612594
26260,-97.536414,35.611684
26259,-97.536337,35.611686
26258,-97.536260,35.611687
26257,-97.536183,35.611689
26256,-97.536106,35.611690
26255,-97.536029,35.611692
26265,-97.536495,35.612625
26266,-97.536420,35.612670
26279,-97.536007,35.612412
26303,-97.537411,35.613418
26302,-97.537366,35.613449
26301,-97.537321,35.613479
26274,-97.537258,35.613343
26275,-97.537213,35.613373
26276,-97.537168,35.613404
26300,-97.537276,35.613510
26299,-97.537231,35.613541
26298,-97.537173,35.613627
26297,-97.537165,35.613690
26296,-97.537166,35.613742
26295,-97.537170,35.613805
26294,-97.537204,35.613982
26271,-97.536705,35.612679
26270,-97.536646,35.612710
26269,-97.536587,35.612741
26268,-97.536546,35.612760
26277,-97.536554,35.612896
26278,-97.536526,35.612868
26289,-97.537005,35.613615
26290,-97.536997,35.613678
26267,-97.536500,35.612804
26288,-97.536461,35.613021
26286,-97.536413,35.612971
26287,-97.536443,35.613001
26285,-97.536383,35.612941
26284,-97.536239,35.612809
26291,-97.536998,35.613750
26292,-97.537002,35.613813
26293,-97.537009,35.613885
26416,-97.536013,35.614024
26202,-97.535992,35.611554
26203,-97.535914,35.611556
26204,-97.535835,35.611557
26205,-97.535757,35.611559
26254,-97.535952,35.611693
26253,-97.535875,35.611695
26252,-97.535798,35.611696
26251,-97.535722,35.611698
26280,-97.535705,35.611711
26281,-97.535537,35.611713
26282,-97.535570,35.612142
26283,-97.535885,35.612508
26421,-97.535779,35.613608
26422,-97.535715,35.613536
26410,-97.535579,35.613616
26419,-97.535881,35.613780
26417,-97.535969,35.613943
26418,-97.535925,35.613862
26420,-97.535837,35.613699
26413,-97.535771,35.613918
26414,-97.535815,35.613999
26415,-97.535859,35.614080
26411,-97.535683,35.613755
26412,-97.535727,35.613836
26314,-97.538031,35.615007
26315,-97.537970,35.615019
26167,-97.538010,35.615153
26166,-97.537949,35.615165
26316,-97.537909,35.615031
26317,-97.537848,35.615043
26165,-97.537888,35.615177
26164,-97.537828,35.615189
26318,-97.536942,35.615458
26319,-97.536917,35.615475
26206,-97.535519,35.611560
26207,-97.534703,35.611556
26208,-97.534621,35.611556
26209,-97.534540,35.611555
26210,-97.534458,35.611555
26211,-97.534377,35.611554
26212,-97.534295,35.611554
26213,-97.534214,35.611554
26214,-97.534132,35.611553
26215,-97.534050,35.611553
26216,-97.533969,35.611553
26423,-97.534779,35.612658
26424,-97.534683,35.612586
26425,-97.534589,35.612541
26426,-97.534489,35.612496
26408,-97.534505,35.612661
26250,-97.534312,35.611692
26249,-97.534229,35.611692
26248,-97.534145,35.611691
26247,-97.534062,35.611691
26246,-97.533979,35.611691
26427,-97.534391,35.612457
26407,-97.534415,35.612620
26428,-97.534265,35.612430
26406,-97.534317,35.612581
26405,-97.534233,35.612564
26429,-97.534159,35.612413
26430,-97.534037,35.612408
26404,-97.534127,35.612547
26403,-97.534031,35.612546
26378,-97.535000,35.614139
26377,-97.535047,35.614211
26409,-97.534599,35.612706
26381,-97.534852,35.613914
26382,-97.534731,35.613783
26379,-97.534953,35.614067
26380,-97.534907,35.613994
26375,-97.534852,35.614203
26373,-97.534759,35.614058
26374,-97.534805,35.614131
26371,-97.534657,35.613930
26370,-97.534597,35.613865
26372,-97.534718,35.613996
26376,-97.534899,35.614275
26163,-97.537021,35.615583
26162,-97.536847,35.615703
26320,-97.535621,35.615716
26321,-97.535553,35.615715
26322,-97.535485,35.615713
26323,-97.535250,35.615710
26324,-97.535148,35.615709
26325,-97.535047,35.615708
26161,-97.535700,35.615856
26160,-97.535637,35.615855
26159,-97.535511,35.615852
28179,-97.535971,35.616493
26158,-97.535448,35.615851
26157,-97.535196,35.615847
26156,-97.535093,35.615846
26155,-97.534990,35.615846
26326,-97.534946,35.615707
26217,-97.533887,35.611552
26218,-97.533806,35.611552
26219,-97.533724,35.611552
26220,-97.533643,35.611551
26245,-97.533896,35.611690
26244,-97.533812,35.611690
26243,-97.533729,35.611690
26242,-97.533646,35.611689
26241,-97.533563,35.611689
26240,-97.533480,35.611689
26431,-97.533928,35.612405
26432,-97.533819,35.612402
26433,-97.533710,35.612399
26402,-97.533922,35.612543
26401,-97.533813,35.612540
26400,-97.533704,35.612537
26434,-97.533601,35.612396
26435,-97.533493,35.612393
26399,-97.533595,35.612534
26398,-97.533487,35.612531
26436,-97.532732,35.612435
26437,-97.532701,35.612443
26397,-97.532694,35.612590
26396,-97.532679,35.612595
26438,-97.532671,35.612451
26439,-97.532640,35.612460
26440,-97.532597,35.612475
26441,-97.532569,35.612488
26395,-97.532651,35.612608
26442,-97.532541,35.612500
26443,-97.532512,35.612513
26444,-97.532468,35.612542
26383,-97.533511,35.613213
26384,-97.533410,35.613214
26385,-97.533310,35.613216
26386,-97.533210,35.613217
26369,-97.533212,35.613355
26387,-97.533110,35.613219
26368,-97.533112,35.613357
26388,-97.533010,35.613220
26367,-97.533012,35.613358
26352,-97.533104,35.614041
26353,-97.533018,35.614041
26354,-97.532933,35.614041
26389,-97.532909,35.613221
26390,-97.532809,35.613223
26366,-97.532911,35.613359
26365,-97.532811,35.613361
26391,-97.532709,35.613224
26364,-97.532711,35.613362
26392,-97.532609,35.613226
26363,-97.532611,35.613364
26393,-97.532509,35.613227
26362,-97.532511,35.613365
26394,-97.532409,35.613229
26361,-97.532411,35.613367
26445,-97.532227,35.613407
26355,-97.532847,35.614041
26351,-97.532890,35.614179
26356,-97.532762,35.614041
26357,-97.532676,35.614041
26350,-97.532719,35.614179
26358,-97.532591,35.614041
26349,-97.532591,35.614179
26359,-97.532505,35.614041
26360,-97.532420,35.614041
26348,-97.532505,35.614179
26446,-97.532233,35.614003
26447,-97.532234,35.614028
26448,-97.532236,35.614285
26347,-97.532404,35.614519
26346,-97.532404,35.614683
26449,-97.532236,35.614472
26450,-97.532236,35.614659
26340,-97.533003,35.614856
26339,-97.532940,35.614995
26341,-97.532678,35.614859
26338,-97.532875,35.614995
26337,-97.532810,35.614996
26336,-97.532745,35.614996
26335,-97.532680,35.614997
26342,-97.532613,35.614859
26343,-97.532548,35.614860
26344,-97.532483,35.614860
26334,-97.532615,35.614997
26333,-97.532485,35.614998
26332,-97.532421,35.614999
26327,-97.532825,35.615693
26328,-97.532724,35.615693
26329,-97.532623,35.615692
26330,-97.532522,35.615691
26331,-97.532421,35.615691
26345,-97.532404,35.614847
26451,-97.532236,35.614847
26452,-97.532236,35.615145
26453,-97.532236,35.615411
26454,-97.532236,35.615677
26154,-97.532727,35.615831
26153,-97.532624,35.615830
26152,-97.532521,35.615829
26151,-97.532419,35.615829
26455,-97.532239,35.615848
26221,-97.533561,35.611551
26222,-97.533480,35.611551
26223,-97.532317,35.611562
26224,-97.532255,35.611563
26225,-97.532193,35.611564
26226,-97.532131,35.611564
26227,-97.532069,35.611565
26228,-97.531945,35.611566
26239,-97.532195,35.611702
26238,-97.532133,35.611702
26237,-97.532071,35.611703
26236,-97.532009,35.611704
26235,-97.531947,35.611704
26229,-97.531883,35.611567
26230,-97.531821,35.611568
26234,-97.531885,35.611705
26233,-97.531823,35.611706
28177,-97.536029,35.617445
28178,-97.535965,35.617253
28193,-97.535799,35.617269
28194,-97.535841,35.618188
28176,-97.535931,35.618305
28180,-97.534937,35.617099
28181,-97.534086,35.617091
28192,-97.534086,35.617229
28182,-97.533221,35.617107
28184,-97.533094,35.617290
28191,-97.533464,35.618076
28185,-97.533296,35.618088
28175,-97.535164,35.619094
28195,-97.534996,35.619101
28174,-97.535041,35.620273
28190,-97.533508,35.618916
28186,-97.533340,35.618920
28183,-97.532570,35.616519
26456,-97.532244,35.615982
28173,-97.534330,35.621318
28188,-97.533501,35.620609
28189,-97.533540,35.619753
28187,-97.533372,35.619757
28196,-97.533254,35.622203
28172,-97.532883,35.623224
28197,-97.532715,35.623212
