19156,-97.464761,35.616420
19155,-97.464446,35.616425
19157,-97.464768,35.617161
19158,-97.464696,35.617161
19159,-97.464624,35.617162
19160,-97.464552,35.617162
19161,-97.464480,35.617163
19162,-97.464408,35.617163
19163,-97.464336,35.617164
19189,-97.464770,35.617299
19188,-97.464698,35.617299
19187,-97.464626,35.617300
19186,-97.464554,35.617300
19185,-97.464482,35.617301
19184,-97.464410,35.617301
19183,-97.464338,35.617302
19190,-97.464770,35.618021
19191,-97.464646,35.618021
19217,-97.464770,35.618159
19216,-97.464642,35.618159
19192,-97.464523,35.618021
19193,-97.464400,35.618021
19215,-97.464515,35.618159
19214,-97.464387,35.618159
19154,-97.464132,35.616430
19153,-97.463818,35.616435
19152,-97.463504,35.616441
19164,-97.464264,35.617165
19165,-97.464192,35.617165
19182,-97.464266,35.617303
19181,-97.464194,35.617303
19194,-97.464277,35.618021
19195,-97.464154,35.618021
19213,-97.464260,35.618159
19212,-97.464132,35.618159
19196,-97.464031,35.618021
19197,-97.463908,35.618021
19211,-97.464005,35.618159
19210,-97.463878,35.618159
19198,-97.463785,35.618021
19209,-97.463750,35.618159
19166,-97.462970,35.617175
19167,-97.462898,35.617176
19168,-97.462826,35.617176
19180,-97.462972,35.617313
19179,-97.462900,35.617314
19178,-97.462828,35.617314
19169,-97.462754,35.617177
19170,-97.462682,35.617177
19177,-97.462756,35.617315
19176,-97.462684,35.617315
19508,-97.465103,35.618858
19515,-97.465103,35.618996
19509,-97.465036,35.618858
19510,-97.464970,35.618857
19514,-97.465036,35.618996
19513,-97.464970,35.618995
19511,-97.464903,35.618857
19512,-97.464903,35.618995
19151,-97.463190,35.616446
19150,-97.462876,35.616451
19149,-97.462562,35.616457
19148,-97.462338,35.616460
19171,-97.462611,35.617178
19147,-97.461606,35.616467
19146,-97.461563,35.616467
19145,-97.461520,35.616467
19144,-97.461477,35.616468
19143,-97.461433,35.616468
19142,-97.461390,35.616469
19141,-97.461347,35.616469
19199,-97.461702,35.617953
19200,-97.461579,35.617954
19208,-97.461596,35.618092
19201,-97.461456,35.617955
19202,-97.461333,35.617957
19207,-97.461469,35.618093
19206,-97.461342,35.618095
19205,-97.461214,35.618096
19172,-97.460957,35.617745
19173,-97.460958,35.617770
19174,-97.460959,35.617796
19175,-97.460960,35.617822
19204,-97.460951,35.618100
19203,-97.460932,35.618100
19374,-97.469037,35.617085
19448,-97.468531,35.618115
19447,-97.468509,35.618177
19446,-97.468486,35.618238
19445,-97.468464,35.618299
19442,-97.468764,35.618546
19439,-97.468678,35.618665
19444,-97.468441,35.618360
19443,-97.468419,35.618422
19438,-97.468665,35.618661
19224,-97.467691,35.616370
19223,-97.467579,35.616371
19222,-97.467468,35.616373
19221,-97.467356,35.616375
19220,-97.467134,35.616379
19219,-97.467022,35.616381
19218,-97.466911,35.616383
19233,-97.467646,35.617316
19232,-97.467630,35.617358
19231,-97.467615,35.617400
19230,-97.467600,35.617442
19234,-97.467453,35.617360
19235,-97.467438,35.617402
19375,-97.468338,35.618159
19376,-97.468318,35.618215
19377,-97.468297,35.618270
19378,-97.468277,35.618326
19379,-97.468257,35.618382
19240,-97.466945,35.617278
19236,-97.467326,35.617382
19250,-97.467272,35.617512
19237,-97.467231,35.617356
19249,-97.467177,35.617486
19238,-97.467135,35.617330
19239,-97.467040,35.617304
19248,-97.467081,35.617460
19247,-97.466938,35.617421
19241,-97.466836,35.617254
19242,-97.466737,35.617240
19243,-97.466638,35.617225
19246,-97.466806,35.617390
19245,-97.466707,35.617376
19244,-97.466608,35.617361
19229,-97.467311,35.618180
19228,-97.467301,35.618207
19227,-97.467280,35.618262
19225,-97.467141,35.618165
19226,-97.467130,35.618192
19259,-97.467094,35.618233
19260,-97.467009,35.618214
19261,-97.466925,35.618196
19273,-97.466967,35.618346
19272,-97.466883,35.618328
19263,-97.466757,35.618160
19262,-97.466841,35.618178
19264,-97.466673,35.618142
19270,-97.466715,35.618292
19269,-97.466631,35.618274
19265,-97.466588,35.618124
19266,-97.466500,35.618106
19268,-97.466546,35.618256
19267,-97.466466,35.618240
19271,-97.466799,35.618310
19258,-97.466974,35.619035
19257,-97.466963,35.619064
19256,-97.466952,35.619093
19255,-97.466941,35.619122
19274,-97.466803,35.619022
19275,-97.466792,35.619051
19278,-97.466631,35.619058
19276,-97.466759,35.619090
19277,-97.466695,35.619074
19279,-97.466567,35.619042
19280,-97.466503,35.619026
19281,-97.466440,35.619010
19282,-97.466376,35.618994
19454,-97.470670,35.616340
19453,-97.470610,35.616340
19452,-97.470551,35.616341
19465,-97.471665,35.616935
19466,-97.471663,35.616966
19467,-97.471662,35.616998
19468,-97.471660,35.617029
19469,-97.471656,35.617092
19675,-97.471710,35.617434
19674,-97.471678,35.617484
19673,-97.471644,35.617536
19672,-97.471610,35.617585
19671,-97.471576,35.617634
19670,-97.471542,35.617683
19470,-97.471415,35.617587
19471,-97.471396,35.617615
19464,-97.470865,35.616953
19463,-97.470850,35.617001
19462,-97.470837,35.617031
19461,-97.470823,35.617061
19460,-97.470803,35.617098
19459,-97.470786,35.617127
19458,-97.470769,35.617156
19455,-97.470679,35.616985
19456,-97.470653,35.617038
19457,-97.470619,35.617096
19472,-97.471203,35.617793
19473,-97.470980,35.617912
19495,-97.471036,35.618716
19474,-97.470754,35.617995
19475,-97.470507,35.618075
19496,-97.470955,35.618736
19497,-97.470864,35.618762
19498,-97.470787,35.618791
19370,-97.468820,35.616359
19369,-97.468760,35.616359
19368,-97.468721,35.616359
19550,-97.469840,35.617610
19549,-97.469844,35.617635
19480,-97.470351,35.618274
19479,-97.470296,35.618292
19544,-97.469974,35.618204
19545,-97.469962,35.618181
19478,-97.470240,35.618310
19477,-97.470185,35.618328
19476,-97.470129,35.618346
19548,-97.469940,35.618123
19547,-97.469947,35.618147
19546,-97.469950,35.618158
19556,-97.469833,35.618282
19552,-97.469783,35.618175
19551,-97.469776,35.618151
19553,-97.469796,35.618212
19554,-97.469808,35.618235
19555,-97.469820,35.618258
19451,-97.469381,35.616960
19450,-97.469381,35.616989
19449,-97.469382,35.617018
19371,-97.469214,35.617029
19372,-97.469203,35.617086
19373,-97.469132,35.617083
19441,-97.468706,35.618674
19440,-97.468692,35.618669
19525,-97.470948,35.618882
19524,-97.470875,35.618908
19523,-97.470792,35.618939
19499,-97.470709,35.618820
19500,-97.470632,35.618850
19522,-97.470710,35.618971
19501,-97.470554,35.618879
19542,-97.470587,35.619013
19541,-97.470655,35.619084
19561,-97.470555,35.619202
19543,-97.470423,35.618841
19558,-97.470290,35.618924
19557,-97.470269,35.618902
19560,-97.470332,35.618968
19559,-97.470311,35.618946
19502,-97.470327,35.618976
19521,-97.470384,35.619115
19520,-97.470354,35.619137
19503,-97.469735,35.619405
19504,-97.469579,35.619455
19519,-97.469621,35.619589
19518,-97.469555,35.619596
19517,-97.469481,35.619600
19516,-97.469414,35.619602
19505,-97.468953,35.619475
19506,-97.468914,35.619476
19507,-97.468874,35.619477
19380,-97.467908,35.619233
19437,-97.468040,35.619345
19436,-97.468026,35.619379
19435,-97.468012,35.619413
19381,-97.467894,35.619267
19382,-97.467880,35.619301
19383,-97.467866,35.619335
19384,-97.467852,35.619369
19028,-97.473366,35.616157
19029,-97.473366,35.616157
19030,-97.473366,35.616157
19031,-97.473366,35.616157
19032,-97.473366,35.616157
19135,-97.473366,35.616157
19136,-97.473366,35.616157
19137,-97.473366,35.616157
19138,-97.473366,35.616157
19139,-97.473366,35.616157
19140,-97.473366,35.616157
19692,-97.473309,35.617034
19691,-97.473258,35.617092
19690,-97.473218,35.617119
19689,-97.473145,35.617147
19688,-97.473073,35.617159
19680,-97.473009,35.617026
19681,-97.472957,35.617029
19682,-97.472905,35.617032
19687,-97.473021,35.617162
19686,-97.472969,35.617165
19685,-97.472917,35.617168
19683,-97.472854,35.617036
19684,-97.472866,35.617172
19662,-97.473222,35.617867
19663,-97.473117,35.617851
19664,-97.473046,35.617851
19487,-97.473048,35.617989
19661,-97.473358,35.618533
19660,-97.473359,35.618556
19659,-97.473359,35.618579
19658,-97.473360,35.618602
19657,-97.473361,35.618626
19488,-97.473191,35.618581
19489,-97.473180,35.618640
19490,-97.473094,35.618639
19529,-97.473087,35.618777
19665,-97.472975,35.617852
19666,-97.472904,35.617853
19486,-97.472977,35.617990
19485,-97.472906,35.617991
19667,-97.472833,35.617853
19484,-97.472835,35.617991
19668,-97.472762,35.617854
19669,-97.472691,35.617854
19483,-97.472764,35.617992
19482,-97.472693,35.617992
19481,-97.472622,35.617993
19491,-97.473009,35.618639
19492,-97.472924,35.618638
19528,-97.472996,35.618777
19527,-97.472905,35.618776
19493,-97.472839,35.618638
19526,-97.472814,35.618776
19494,-97.472754,35.618637
19679,-97.472503,35.616303
19678,-97.472477,35.616303
19677,-97.472450,35.616303
19676,-97.472423,35.616304
19654,-97.473068,35.619807
19655,-97.473041,35.619782
19530,-97.472945,35.619529
19531,-97.472917,35.619560
19656,-97.473013,35.619757
19532,-97.472889,35.619591
19533,-97.472861,35.619623
19534,-97.472822,35.619631
19536,-97.472626,35.619543
19535,-97.472724,35.619587
19571,-97.472646,35.619708
19572,-97.472742,35.619751
19570,-97.472550,35.619665
19575,-97.472944,35.619900
19574,-97.472916,35.619875
19573,-97.472888,35.619849
19576,-97.472868,35.620546
19577,-97.472555,35.620542
19537,-97.472512,35.619498
19538,-97.472406,35.619470
19539,-97.472279,35.619448
19569,-97.472467,35.619630
19568,-97.472363,35.619603
19567,-97.472277,35.619585
19540,-97.472159,35.619441
19566,-97.472168,35.619578
19565,-97.472068,35.619581
19564,-97.471959,35.619583
19563,-97.471851,35.619585
19562,-97.471742,35.619588
19578,-97.472220,35.620507
19579,-97.472197,35.620502
19580,-97.472166,35.620493
19581,-97.471545,35.620334
19582,-97.471495,35.620331
19583,-97.471463,35.620331
19584,-97.471431,35.620332
19585,-97.471399,35.620332
19027,-97.477718,35.615988
19653,-97.473362,35.620536
19652,-97.473364,35.620728
19651,-97.473364,35.620781
19650,-97.473364,35.620835
19619,-97.473196,35.620702
19620,-97.473196,35.620758
19621,-97.473196,35.620815
19622,-97.473196,35.620871
19649,-97.473364,35.621900
19648,-97.473364,35.621953
19647,-97.473364,35.622007
19646,-97.473364,35.622060
19645,-97.473364,35.622252
19644,-97.473364,35.622278
19623,-97.473196,35.622002
19624,-97.473196,35.622058
18511,-97.473179,35.622101
18512,-97.473137,35.622101
18513,-97.473095,35.622101
18514,-97.473053,35.622101
18510,-97.473179,35.622239
18509,-97.473137,35.622239
18508,-97.473095,35.622239
18507,-97.473053,35.622239
19643,-97.473353,35.622853
19642,-97.473349,35.622880
19641,-97.473345,35.622907
19625,-97.473151,35.622909
19626,-97.473109,35.622908
19627,-97.473067,35.622907
19628,-97.473026,35.622906
18515,-97.473011,35.622101
18506,-97.473011,35.622239
18505,-97.472969,35.622239
19629,-97.472984,35.622906
19630,-97.472943,35.622905
19631,-97.472901,35.622904
19640,-97.473314,35.623182
19639,-97.473292,35.623412
19638,-97.473147,35.623047
19637,-97.473105,35.623046
19636,-97.473063,35.623045
19635,-97.473022,35.623044
19634,-97.472980,35.623044
19633,-97.472939,35.623043
19632,-97.472897,35.623042
19607,-97.472143,35.620632
19606,-97.472112,35.620623
19605,-97.471511,35.620468
19604,-97.471497,35.620469
19603,-97.471465,35.620469
19602,-97.471433,35.620470
19601,-97.471401,35.620470
19586,-97.470725,35.620341
19587,-97.470693,35.620341
19588,-97.470661,35.620341
19600,-97.470727,35.620479
19599,-97.470695,35.620479
19598,-97.470663,35.620479
19597,-97.470631,35.620480
19596,-97.470598,35.620480
19618,-97.472364,35.621314
19609,-97.472227,35.621282
19608,-97.472202,35.621299
19610,-97.472186,35.621283
19611,-97.472146,35.621285
19612,-97.472106,35.621287
19617,-97.472332,35.621385
19616,-97.472235,35.621420
19615,-97.472194,35.621421
19614,-97.472154,35.621423
19613,-97.472114,35.621425
18516,-97.472129,35.622105
18517,-97.472087,35.622105
18504,-97.472129,35.622243
18522,-97.470792,35.621172
18523,-97.470776,35.621172
18524,-97.470760,35.621172
18521,-97.471081,35.621898
18520,-97.471081,35.621931
18519,-97.471082,35.621964
18518,-97.471082,35.621997
18551,-97.470914,35.621991
18552,-97.470915,35.622027
18553,-97.470915,35.622063
18554,-97.470916,35.622099
18555,-97.470913,35.622283
18556,-97.470913,35.622327
19590,-97.469891,35.620208
19589,-97.469892,35.620238
18525,-97.470393,35.621175
18526,-97.470377,35.621175
18527,-97.470361,35.621175
19591,-97.469723,35.620210
19592,-97.469724,35.620240
19593,-97.469724,35.620271
19594,-97.469725,35.620301
19595,-97.469733,35.620358
18570,-97.468986,35.620854
18571,-97.468818,35.620852
18550,-97.469957,35.622163
18549,-97.469958,35.622207
18548,-97.469958,35.622250
18547,-97.469958,35.622294
18546,-97.469958,35.622337
18545,-97.469958,35.622381
18528,-97.469789,35.622120
18529,-97.469789,35.622163
18530,-97.469790,35.622207
18531,-97.469790,35.622250
18532,-97.469790,35.622294
18533,-97.469790,35.622337
18534,-97.469790,35.622381
18569,-97.468984,35.620909
18568,-97.469012,35.621260
18567,-97.469026,35.621370
18566,-97.468993,35.621608
18572,-97.468816,35.620907
18573,-97.468832,35.621160
18574,-97.468844,35.621274
18575,-97.468851,35.621329
18577,-97.468865,35.621439
18576,-97.468858,35.621384
18565,-97.468739,35.622119
18564,-97.468737,35.622174
18578,-97.468574,35.622032
18579,-97.468572,35.622087
18580,-97.468571,35.622115
18563,-97.468751,35.622608
18562,-97.468793,35.622759
18582,-97.468613,35.622739
18581,-97.468596,35.622686
18583,-97.468631,35.622793
18503,-97.471067,35.623246
18502,-97.471067,35.623294
18501,-97.471066,35.623342
18500,-97.471065,35.623390
18499,-97.471065,35.623438
18802,-97.471082,35.623587
18557,-97.470899,35.623258
18558,-97.470898,35.623302
18559,-97.470898,35.623347
18560,-97.470897,35.623391
18561,-97.470897,35.623436
18544,-97.469963,35.623293
18543,-97.469963,35.623336
18542,-97.469963,35.623380
18541,-97.469963,35.623423
18540,-97.469964,35.623467
18535,-97.469795,35.623293
18536,-97.469795,35.623336
18537,-97.469795,35.623380
18538,-97.469795,35.623423
18539,-97.469796,35.623467
19420,-97.468004,35.622078
19421,-97.467962,35.622076
19422,-97.467921,35.622074
19419,-97.467996,35.622216
19418,-97.467954,35.622214
19417,-97.467913,35.622212
19423,-97.467879,35.622072
19416,-97.467871,35.622210
19415,-97.467830,35.622209
19428,-97.467626,35.621106
19429,-97.467616,35.621103
19430,-97.467423,35.620924
19426,-97.467554,35.621231
19427,-97.467564,35.621234
19425,-97.467545,35.621228
19389,-97.467259,35.620894
19390,-97.467247,35.620924
19391,-97.467235,35.620954
19392,-97.467168,35.621127
19393,-97.467154,35.621161
19424,-97.467069,35.621824
19394,-97.466884,35.621844
19395,-97.466871,35.621878
19396,-97.466857,35.621912
19397,-97.466789,35.622088
19398,-97.466778,35.622116
19399,-97.466767,35.622145
19414,-97.466698,35.622783
19400,-97.466525,35.622776
19321,-97.466051,35.621439
19320,-97.466016,35.621531
19319,-97.465981,35.621623
19318,-97.465946,35.621715
19317,-97.465912,35.621807
19316,-97.465877,35.621899
19315,-97.465842,35.621991
19314,-97.465807,35.622083
19313,-97.465773,35.622175
19312,-97.465738,35.622267
19410,-97.467562,35.622950
19411,-97.467524,35.622949
19409,-97.467558,35.623088
19412,-97.467487,35.622948
19413,-97.467450,35.622948
19408,-97.467520,35.623087
19407,-97.467483,35.623086
19406,-97.467446,35.623086
19405,-97.467408,35.623085
18594,-97.467630,35.623653
18593,-97.467607,35.623653
19404,-97.467371,35.623084
19401,-97.466467,35.622956
19402,-97.466395,35.623239
18595,-97.468892,35.623637
19367,-97.465251,35.620667
19366,-97.465239,35.620696
19337,-97.465091,35.620625
19338,-97.465079,35.620654
19291,-97.465856,35.621491
19292,-97.465821,35.621583
19293,-97.465786,35.621675
19294,-97.465752,35.621767
19295,-97.465717,35.621859
19296,-97.465682,35.621951
19297,-97.465647,35.622043
19298,-97.465613,35.622135
19311,-97.465703,35.622359
19299,-97.465578,35.622227
19300,-97.465543,35.622319
19310,-97.465669,35.622451
19301,-97.465509,35.622411
19365,-97.465004,35.621290
19364,-97.464992,35.621320
19363,-97.464980,35.621350
19362,-97.464968,35.621379
19361,-97.464957,35.621409
19360,-97.464945,35.621439
19339,-97.464832,35.621278
19340,-97.464820,35.621308
19341,-97.464808,35.621337
19342,-97.464797,35.621367
19343,-97.464785,35.621397
19359,-97.464674,35.622122
19358,-97.464662,35.622152
19357,-97.464651,35.622182
19344,-97.464514,35.622080
19345,-97.464502,35.622110
19346,-97.464491,35.622140
19403,-97.466388,35.623516
18592,-97.465889,35.623679
19309,-97.465464,35.623411
18591,-97.465855,35.623679
19308,-97.465464,35.623450
19307,-97.465464,35.623489
19306,-97.465464,35.623528
19302,-97.465296,35.623411
19303,-97.465296,35.623450
19304,-97.465296,35.623489
19305,-97.465296,35.623528
19356,-97.464437,35.623337
19355,-97.464436,35.623387
19354,-97.464436,35.623438
19347,-97.464269,35.623335
18590,-97.464635,35.623686
19353,-97.464435,35.623488
19352,-97.464435,35.623539
18589,-97.464543,35.623687
19348,-97.464268,35.623385
19349,-97.464268,35.623436
19350,-97.464267,35.623486
19351,-97.464267,35.623537
18584,-97.464198,35.623690
18585,-97.464092,35.623692
18586,-97.464039,35.623693
18587,-97.463721,35.623698
18588,-97.463668,35.623699
19288,-97.466444,35.619937
19289,-97.466432,35.619968
19290,-97.466420,35.620000
19322,-97.466399,35.620011
19324,-97.465597,35.619820
19325,-97.465366,35.619794
19323,-97.466003,35.619908
19336,-97.465373,35.619932
19326,-97.465326,35.619791
19327,-97.464470,35.619781
19328,-97.464430,35.619781
19329,-97.464389,35.619781
19330,-97.464349,35.619781
19335,-97.465295,35.619926
19334,-97.465218,35.619921
19333,-97.465147,35.619919
19332,-97.465069,35.619919
19331,-97.464308,35.619781
19434,-97.467706,35.620195
19433,-97.467694,35.620224
19432,-97.467683,35.620254
19431,-97.467672,35.620283
19385,-97.467538,35.620173
19386,-97.467526,35.620203
19387,-97.467515,35.620233
19388,-97.467503,35.620263
19287,-97.466645,35.619206
19286,-97.466581,35.619190
19285,-97.466517,35.619174
19284,-97.466453,35.619158
19283,-97.466390,35.619142
19254,-97.466616,35.619948
19253,-97.466604,35.619979
19252,-97.466592,35.620010
19251,-97.466580,35.620042
18171,-97.482870,35.616535
18142,-97.482758,35.616981
18141,-97.482758,35.616994
18140,-97.482758,35.617008
18139,-97.482762,35.617294
18146,-97.483518,35.618102
18147,-97.483511,35.618133
18148,-97.483503,35.618164
18149,-97.483495,35.618195
18088,-97.483578,35.618434
18087,-97.483429,35.618361
18086,-97.483352,35.618342
18085,-97.483276,35.618323
18084,-97.483225,35.618309
18083,-97.483145,35.618310
18172,-97.482567,35.616532
18173,-97.482506,35.616533
18130,-97.482571,35.616670
18129,-97.482510,35.616671
18174,-97.482446,35.616534
18175,-97.482385,35.616535
18128,-97.482450,35.616672
18176,-97.481244,35.615580
18177,-97.481669,35.615803
18220,-97.480853,35.616714
18219,-97.480842,35.616740
18138,-97.482300,35.617517
18137,-97.482263,35.617518
18131,-97.482221,35.617381
18132,-97.482183,35.617382
18133,-97.482146,35.617383
18136,-97.482225,35.617519
18135,-97.482187,35.617520
18134,-97.482150,35.617521
18123,-97.482486,35.618195
18124,-97.482454,35.618197
18125,-97.482422,35.618199
18126,-97.482390,35.618200
18127,-97.482358,35.618202
18218,-97.480828,35.616773
18217,-97.480821,35.616790
18216,-97.480784,35.617160
18215,-97.480782,35.617178
18228,-97.481267,35.618428
18221,-97.481027,35.618149
18223,-97.480901,35.618005
18222,-97.480925,35.618033
18225,-97.480894,35.618232
18224,-97.480779,35.618101
18229,-97.481203,35.618353
18226,-97.481018,35.618376
18227,-97.481076,35.618444
18204,-97.480704,35.616645
18205,-97.480697,35.616662
18206,-97.480689,35.616679
18207,-97.480682,35.616696
18208,-97.480675,35.616712
18209,-97.480668,35.616729
18210,-97.480661,35.616746
18211,-97.480654,35.616763
18212,-97.480616,35.617152
18213,-97.480614,35.617170
18214,-97.480613,35.617188
18063,-97.478364,35.617513
18190,-97.481483,35.614515
18196,-97.481297,35.614373
18197,-97.481234,35.614372
18189,-97.481420,35.614514
18188,-97.481357,35.614512
18187,-97.481293,35.614511
18198,-97.481171,35.614370
18240,-97.483259,35.615789
18169,-97.483263,35.616541
18170,-97.483068,35.616539
18195,-97.482366,35.615091
18194,-97.482381,35.615653
18193,-97.482382,35.615678
18191,-97.482199,35.615121
18192,-97.482213,35.615655
18180,-97.482198,35.615743
18181,-97.481763,35.615689
18179,-97.482423,35.615861
18178,-97.482202,35.615881
18182,-97.481330,35.615462
18184,-97.480908,35.615211
18186,-97.480751,35.615085
18185,-97.480806,35.615140
18183,-97.481007,35.615277
18203,-97.480907,35.615387
18202,-97.480798,35.615315
18200,-97.480593,35.615131
18199,-97.480548,35.615027
18201,-97.480696,35.615244
18287,-97.485580,35.614881
18288,-97.485580,35.614896
18293,-97.485744,35.615616
18291,-97.485744,35.615646
18292,-97.485744,35.615646
18290,-97.485751,35.615955
18289,-97.485581,35.615935
18107,-97.485693,35.616735
18108,-97.485693,35.616735
18109,-97.485525,35.616733
18110,-97.485525,35.616733
18245,-97.485021,35.615822
18158,-97.484931,35.616583
18159,-97.484900,35.616583
18160,-97.484869,35.616583
18161,-97.484838,35.616583
18162,-97.484807,35.616582
18100,-97.486472,35.618254
18099,-97.486638,35.618326
18097,-97.486634,35.618464
18098,-97.486634,35.618464
18101,-97.486470,35.618322
18102,-97.486466,35.618460
18103,-97.486466,35.618460
18106,-97.485662,35.618106
18105,-97.485661,35.618176
18111,-97.485491,35.618245
18104,-97.485656,35.618387
18261,-97.484604,35.614865
18260,-97.484604,35.614872
18259,-97.484604,35.614880
18258,-97.484604,35.614888
18257,-97.484604,35.614903
18256,-97.484604,35.614910
18250,-97.484436,35.614850
18251,-97.484436,35.614865
18252,-97.484436,35.614872
18253,-97.484436,35.614880
18254,-97.484436,35.614895
18255,-97.484436,35.614903
18244,-97.484753,35.615820
18243,-97.484416,35.615816
18163,-97.484777,35.616582
18164,-97.484746,35.616582
18242,-97.484142,35.615808
18241,-97.483868,35.615801
18165,-97.484276,35.616565
18166,-97.484020,35.616555
18167,-97.483764,35.616545
18168,-97.483461,35.616541
18115,-97.484700,35.617430
18114,-97.484699,35.617498
18116,-97.484532,35.617462
18117,-97.484531,35.617496
18118,-97.484531,35.617530
18119,-97.484530,35.617564
18113,-97.484687,35.618247
18120,-97.484519,35.618279
18112,-97.484685,35.618383
18121,-97.484518,35.618313
18122,-97.484518,35.618347
18096,-97.483999,35.618609
18095,-97.483943,35.618600
18094,-97.483881,35.618585
18093,-97.483851,35.618577
18092,-97.483820,35.618569
18157,-97.483718,35.617398
18156,-97.483717,35.617430
18155,-97.483716,35.617461
18143,-97.483550,35.617394
18144,-97.483549,35.617426
18145,-97.483548,35.617457
18154,-97.483682,35.618130
18153,-97.483675,35.618161
18152,-97.483667,35.618192
18151,-97.483659,35.618223
18150,-97.483652,35.618254
18091,-97.483663,35.618490
18090,-97.483636,35.618475
18089,-97.483602,35.618452
18037,-97.486750,35.620468
18036,-97.486763,35.620494
18035,-97.486774,35.620547
18034,-97.486774,35.620574
18033,-97.486774,35.620602
18039,-97.486667,35.620405
18038,-97.486695,35.620421
18040,-97.486610,35.620381
18051,-97.486594,35.620520
18050,-97.486599,35.620533
18052,-97.486607,35.620546
18032,-97.486774,35.620630
18031,-97.486774,35.620658
18041,-97.486577,35.620374
18042,-97.486544,35.620367
18043,-97.486490,35.620361
18049,-97.486571,35.620517
18048,-97.486537,35.620508
18047,-97.486504,35.620501
18046,-97.486492,35.620499
18044,-97.486456,35.620361
18045,-97.486458,35.620499
18053,-97.485582,35.621095
18030,-97.485802,35.621229
18029,-97.485766,35.621230
18028,-97.485730,35.621230
18027,-97.485694,35.621231
18026,-97.485658,35.621232
18025,-97.485622,35.621232
18024,-97.485586,35.621233
18054,-97.485546,35.621095
18055,-97.485510,35.621096
18056,-97.485474,35.621096
18057,-97.485438,35.621097
18058,-97.485402,35.621097
18059,-97.485366,35.621098
18060,-97.485330,35.621098
18023,-97.485550,35.621233
18022,-97.485514,35.621234
18021,-97.485478,35.621234
18020,-97.485442,35.621235
18019,-97.485406,35.621235
18018,-97.485370,35.621236
18017,-97.485334,35.621236
18061,-97.485294,35.621099
18062,-97.485258,35.621100
18016,-97.485298,35.621237
18015,-97.485262,35.621238
18301,-97.485939,35.612607
18300,-97.485940,35.612658
18279,-97.485771,35.612499
18280,-97.485771,35.612524
18299,-97.485940,35.612683
18298,-97.485940,35.612709
18297,-97.485792,35.613938
18281,-97.485628,35.613911
18296,-97.485753,35.614162
18263,-97.485147,35.614149
18295,-97.485749,35.614813
18294,-97.485748,35.614858
18282,-97.485581,35.614789
18283,-97.485581,35.614804
18284,-97.485581,35.614820
18285,-97.485581,35.614835
18286,-97.485580,35.614850
18269,-97.483447,35.612491
18268,-97.483447,35.612589
18235,-97.483280,35.612662
18262,-97.484423,35.614009
18249,-97.484417,35.614147
18266,-97.483452,35.613711
18265,-97.483452,35.613809
18264,-97.483453,35.613907
18236,-97.483284,35.613785
18248,-97.483450,35.614544
18247,-97.483450,35.614555
18246,-97.483450,35.614586
18237,-97.483282,35.614534
18238,-97.483282,35.614544
18239,-97.483282,35.614576
18323,-97.486402,35.609951
18305,-97.486426,35.610089
18304,-97.486402,35.610089
18313,-97.486717,35.610295
18312,-97.486717,35.610321
18311,-97.486716,35.610348
18310,-97.486716,35.610374
18309,-97.486715,35.610401
18306,-97.486549,35.610319
18307,-97.486548,35.610346
18308,-97.486548,35.610372
18274,-97.485756,35.610102
18275,-97.485756,35.610202
18303,-97.485932,35.611380
18302,-97.485932,35.611482
18276,-97.485763,35.611262
18277,-97.485764,35.611414
18278,-97.485764,35.611464
18273,-97.483437,35.610052
18272,-97.483438,35.610149
18271,-97.483438,35.610247
18230,-97.483270,35.610125
18231,-97.483270,35.610223
18270,-97.483442,35.611296
18232,-97.483274,35.611247
18233,-97.483274,35.611345
18267,-97.483443,35.611467
18234,-97.483275,35.611442
17944,-97.490051,35.610016
17941,-97.490371,35.610201
18436,-97.488782,35.609113
18437,-97.488781,35.609130
18438,-97.488781,35.609147
18439,-97.488781,35.609164
18440,-97.488780,35.609182
18441,-97.488780,35.609199
18442,-97.488780,35.609216
18443,-97.488779,35.609233
18444,-97.488779,35.609251
18445,-97.488779,35.609268
18324,-97.488614,35.609111
18325,-97.488612,35.609195
18326,-97.488611,35.609280
18327,-97.488609,35.609364
18328,-97.488608,35.609449
18329,-97.488606,35.609534
18330,-97.488604,35.609617
18331,-97.488600,35.609702
18332,-97.488596,35.609786
18333,-97.488580,35.609855
18334,-97.488542,35.609916
18430,-97.487781,35.610559
18429,-97.487764,35.610573
18428,-97.487747,35.610586
18427,-97.487731,35.610600
18426,-97.487714,35.610614
18318,-97.486727,35.609789
18317,-97.486726,35.609848
18316,-97.486726,35.609878
18315,-97.486725,35.609908
18314,-97.486725,35.609938
18319,-97.486559,35.609787
18320,-97.486558,35.609846
18321,-97.486558,35.609876
18322,-97.486557,35.609906
17996,-97.490558,35.610864
17997,-97.490513,35.610901
17998,-97.490468,35.610938
17991,-97.490558,35.611063
17990,-97.490523,35.611107
17999,-97.490416,35.610989
18000,-97.490381,35.611033
18001,-97.490346,35.611077
18002,-97.490170,35.612033
18493,-97.488897,35.612585
18494,-97.488903,35.612600
18498,-97.488930,35.612660
18496,-97.488917,35.612630
18495,-97.488910,35.612615
18497,-97.488923,35.612645
18446,-97.488857,35.610850
18447,-97.488857,35.610866
18448,-97.488857,35.610882
18449,-97.488857,35.610898
18450,-97.488857,35.610914
18451,-97.488857,35.610930
18452,-97.488857,35.610946
18453,-97.488857,35.610962
18454,-97.488857,35.610978
18455,-97.488857,35.610994
18456,-97.488858,35.611010
18457,-97.488858,35.611026
18458,-97.488858,35.611042
18459,-97.488858,35.611058
18460,-97.488858,35.611074
18461,-97.488858,35.611090
18462,-97.488858,35.611106
18463,-97.488858,35.611122
18464,-97.488858,35.611138
18465,-97.488861,35.611650
18466,-97.488861,35.611666
18467,-97.488861,35.611682
18468,-97.488861,35.611698
18469,-97.488862,35.611714
18470,-97.488862,35.611730
18471,-97.488862,35.611746
18472,-97.488862,35.611762
18473,-97.488862,35.611778
18474,-97.488862,35.611794
18475,-97.488862,35.611810
18476,-97.488862,35.611842
18477,-97.488862,35.611858
18478,-97.488862,35.611874
18479,-97.488863,35.611890
18480,-97.488863,35.611906
18481,-97.488863,35.611922
18482,-97.488863,35.611938
18483,-97.488873,35.612449
18484,-97.488873,35.612465
18485,-97.488873,35.612472
18486,-97.488876,35.612488
18487,-97.488879,35.612504
18488,-97.488882,35.612519
18489,-97.488884,35.612535
18490,-97.488887,35.612551
18491,-97.488890,35.612567
18492,-97.488890,35.612570
18431,-97.487697,35.610627
18432,-97.487665,35.610657
18433,-97.487654,35.610674
18434,-97.487642,35.610691
18435,-97.487631,35.610708
18425,-97.487610,35.610766
18424,-97.487606,35.610785
18423,-97.487602,35.610804
18422,-97.487598,35.610823
18421,-97.487594,35.610842
18420,-97.487590,35.610862
18419,-97.487585,35.610893
18418,-97.487585,35.610912
18417,-97.487585,35.610931
18416,-97.487585,35.610951
18415,-97.487585,35.610970
18342,-97.487751,35.611172
18343,-97.487751,35.611197
18344,-97.487751,35.611221
18345,-97.487751,35.611245
18346,-97.487751,35.611270
18414,-97.487581,35.611532
18413,-97.487580,35.611551
18412,-97.487580,35.611570
18411,-97.487580,35.611590
18410,-97.487580,35.611609
18409,-97.487580,35.611628
18408,-97.487579,35.611667
18407,-97.487579,35.611686
18406,-97.487579,35.611706
18335,-97.487745,35.612243
18336,-97.487746,35.612267
18337,-97.487746,35.612292
18338,-97.487747,35.612316
18339,-97.487747,35.612341
18340,-97.487748,35.612365
18341,-97.487748,35.612389
18347,-97.487749,35.612414
18348,-97.487749,35.612438
18349,-97.487750,35.612462
18350,-97.487751,35.612487
18351,-97.487751,35.612511
18405,-97.487583,35.612500
18404,-97.487583,35.612520
18403,-97.487584,35.612539
18401,-97.487585,35.612578
18400,-97.487585,35.612597
18402,-97.487584,35.612559
18399,-97.487589,35.612644
18398,-97.487592,35.612663
18397,-97.487595,35.612682
18396,-97.487598,35.612702
18395,-97.487601,35.612721
17943,-97.489994,35.609132
17942,-97.490081,35.609693
17931,-97.491781,35.611454
17930,-97.491825,35.611484
17932,-97.491737,35.611424
17935,-97.491495,35.611253
17936,-97.491468,35.611233
17934,-97.491523,35.611274
17933,-97.491693,35.611394
17947,-97.491538,35.611486
17969,-97.491472,35.611549
17937,-97.490975,35.610842
17938,-97.490949,35.610821
17950,-97.491409,35.611376
17949,-97.491383,35.611356
17948,-97.491357,35.611337
17946,-97.491410,35.611398
17970,-97.491344,35.611461
17968,-97.491406,35.611613
17971,-97.491211,35.611610
17967,-97.491365,35.611666
17966,-97.491324,35.611798
17965,-97.491324,35.611881
17964,-97.491324,35.611964
17963,-97.491324,35.612048
17962,-97.491324,35.612131
17972,-97.491171,35.611702
17973,-97.491156,35.611798
17974,-97.491156,35.611881
17975,-97.491156,35.611964
17976,-97.491156,35.612048
17977,-97.491156,35.612131
17978,-97.491156,35.612214
17939,-97.490923,35.610800
17940,-97.490786,35.610673
17994,-97.490723,35.610923
17945,-97.490652,35.610757
17995,-97.490603,35.610827
17993,-97.490678,35.610960
17992,-97.490633,35.610997
17989,-97.490338,35.612031
17988,-97.490338,35.612083
17987,-97.490339,35.612135
18003,-97.490170,35.612085
18004,-97.490171,35.612137
17986,-97.490339,35.612187
17985,-97.490340,35.612240
17984,-97.490340,35.612292
17983,-97.490341,35.612344
18005,-97.490171,35.612189
18006,-97.490172,35.612242
18007,-97.490172,35.612294
17900,-97.493684,35.613106
17901,-97.493673,35.613100
17904,-97.493577,35.613214
17905,-97.493588,35.613220
17903,-97.493566,35.613208
17902,-97.493555,35.613202
17916,-97.493153,35.613821
17917,-97.493118,35.613805
17918,-97.493083,35.613789
17915,-97.493071,35.613941
17914,-97.493036,35.613925
17913,-97.493001,35.613909
17929,-97.492304,35.612281
17928,-97.492304,35.612328
17927,-97.492304,35.612375
17926,-97.492304,35.612422
17925,-97.492304,35.612469
17924,-97.492304,35.612515
17923,-97.492304,35.612562
17922,-97.492304,35.612609
17921,-97.492304,35.612656
17951,-97.492136,35.612328
17952,-97.492136,35.612375
17953,-97.492136,35.612422
17954,-97.492136,35.612469
17955,-97.492136,35.612515
17956,-97.492136,35.612562
17957,-97.492136,35.612609
17920,-97.492304,35.612703
17919,-97.492303,35.612755
17958,-97.492136,35.612703
17959,-97.492135,35.612745
17960,-97.492018,35.613438
17961,-97.491986,35.613438
17910,-97.492048,35.613577
17909,-97.492016,35.613576
17908,-97.491984,35.613576
17911,-97.492931,35.613878
17912,-97.492966,35.613893
17907,-97.491952,35.613576
17906,-97.491920,35.613575
17979,-97.491070,35.613431
17980,-97.491021,35.613431
18014,-97.491070,35.613569
18013,-97.491021,35.613569
18012,-97.490973,35.613569
17981,-97.490925,35.613431
17982,-97.490877,35.613431
18011,-97.490925,35.613569
18010,-97.490877,35.613569
18009,-97.490829,35.613569
18008,-97.490781,35.613569
18359,-97.488387,35.613625
18368,-97.488438,35.613691
18366,-97.488421,35.613669
18367,-97.488429,35.613680
18364,-97.488404,35.613647
18365,-97.488413,35.613658
18358,-97.488396,35.613636
18353,-97.488237,35.613422
18354,-97.488222,35.613401
18355,-97.488207,35.613380
18357,-97.488177,35.613338
18356,-97.488192,35.613359
18363,-97.488354,35.613582
18362,-97.488362,35.613592
18360,-97.488379,35.613614
18361,-97.488370,35.613603
18352,-97.488253,35.613444
18379,-97.488035,35.613413
18380,-97.488047,35.613430
18382,-97.488071,35.613463
18383,-97.488083,35.613480
18384,-97.488095,35.613497
18385,-97.488107,35.613514
18381,-97.488059,35.613447
18386,-97.488004,35.613583
18387,-97.487991,35.613590
18388,-97.487977,35.613596
18389,-97.487964,35.613603
18390,-97.487950,35.613610
18391,-97.487937,35.613617
18392,-97.487923,35.613624
18393,-97.487910,35.613631
18394,-97.487896,35.613638
18377,-97.488358,35.613846
18378,-97.488367,35.613857
18376,-97.488350,35.613835
18375,-97.488341,35.613824
18369,-97.487986,35.613754
18370,-97.487973,35.613761
18371,-97.487960,35.613768
18372,-97.487946,35.613774
18373,-97.487933,35.613781
18374,-97.487919,35.613788
28591,-97.519973,35.616752
28592,-97.519812,35.616753
28593,-97.519651,35.616755
28588,-97.521164,35.616892
28587,-97.521164,35.617288
28641,-97.520996,35.616892
28642,-97.520996,35.617288
28586,-97.520989,35.617691
28643,-97.520843,35.617621
28570,-97.521146,35.618243
28569,-97.521012,35.618241
28568,-97.520904,35.618239
28585,-97.520747,35.618046
28584,-97.520843,35.618086
28566,-97.520671,35.618168
28567,-97.520767,35.618208
28640,-97.519653,35.616893
28644,-97.520597,35.617964
28645,-97.520494,35.618160
28646,-97.520335,35.618548
28647,-97.520298,35.618639
28594,-97.519490,35.616757
28595,-97.519329,35.616758
28596,-97.519169,35.616760
28639,-97.519492,35.616895
28638,-97.519331,35.616896
28637,-97.519171,35.616898
28597,-97.518999,35.616772
28636,-97.519021,35.616908
28598,-97.518780,35.616828
28632,-97.518659,35.617696
28631,-97.518762,35.617830
28630,-97.518667,35.617834
28599,-97.518546,35.617043
28600,-97.518422,35.617269
28633,-97.518565,35.617699
28634,-97.518470,35.617703
28635,-97.518376,35.617707
28601,-97.518302,35.617502
28629,-97.518573,35.617837
28628,-97.518478,35.617841
28627,-97.518384,35.617845
28602,-97.518176,35.617845
28623,-97.518384,35.618583
28622,-97.518376,35.618721
28624,-97.518314,35.618581
28625,-97.518249,35.618576
28621,-97.518306,35.618719
28620,-97.518231,35.618712
28626,-97.518179,35.618570
28603,-97.517967,35.618697
28604,-97.517952,35.618756
28551,-97.522279,35.619195
28550,-97.522277,35.619226
28549,-97.522275,35.619257
28548,-97.522273,35.619288
28536,-97.521096,35.620861
28537,-97.520960,35.620861
28562,-97.520550,35.619040
28563,-97.520477,35.619038
28564,-97.520405,35.619036
28561,-97.520617,35.619179
28560,-97.520544,35.619178
28559,-97.520471,35.619176
28558,-97.520399,35.619174
28565,-97.520333,35.619034
28557,-97.520327,35.619172
28547,-97.520587,35.620079
28552,-97.520512,35.619941
28553,-97.520436,35.619941
28546,-97.520512,35.620079
28545,-97.520436,35.620079
28554,-97.520361,35.619941
28555,-97.520285,35.619941
28544,-97.520361,35.620079
28543,-97.520285,35.620079
28556,-97.520210,35.619941
28542,-97.520210,35.620079
28530,-97.521177,35.621816
28538,-97.520828,35.620865
28539,-97.520695,35.620868
28535,-97.520701,35.621006
28531,-97.521082,35.621813
28532,-97.520988,35.621811
28533,-97.520884,35.621817
28529,-97.521171,35.621954
28528,-97.521076,35.621951
28527,-97.520982,35.621949
28526,-97.520896,35.621953
28540,-97.520532,35.620894
28534,-97.520606,35.621018
28541,-97.520413,35.620942
28614,-97.518735,35.619501
28613,-97.518735,35.619639
28648,-97.519208,35.620573
28649,-97.519119,35.620572
28671,-97.519206,35.620711
28650,-97.519031,35.620572
28651,-97.518845,35.620721
28652,-97.518844,35.620789
28619,-97.518104,35.618842
28615,-97.518578,35.619501
28616,-97.518421,35.619501
28612,-97.518578,35.619639
28611,-97.518421,35.619639
28617,-97.518264,35.619501
28618,-97.518145,35.619475
28610,-97.518264,35.619639
28609,-97.518083,35.619603
28605,-97.517935,35.618831
28606,-97.517924,35.618876
28607,-97.517910,35.618936
28608,-97.517895,35.618996
28688,-97.517881,35.620484
28687,-97.517879,35.620525
28686,-97.517877,35.620566
28685,-97.517876,35.620607
28684,-97.517874,35.620649
28713,-97.517709,35.620562
28714,-97.517708,35.620603
28667,-97.519413,35.621708
28668,-97.519281,35.621709
28666,-97.519283,35.621847
28669,-97.519150,35.621710
28665,-97.519152,35.621848
28670,-97.519019,35.621711
28664,-97.519021,35.621849
28653,-97.518837,35.621576
28654,-97.518835,35.621861
28661,-97.519405,35.622843
28662,-97.519142,35.622841
28655,-97.518830,35.622306
28656,-97.518830,35.622391
28663,-97.519011,35.622841
28657,-97.518829,35.622433
28683,-97.517859,35.621514
28682,-97.517858,35.621555
28681,-97.517858,35.621596
28680,-97.517858,35.621638
28679,-97.517857,35.621679
28678,-97.517857,35.621720
28715,-97.517691,35.621514
28716,-97.517690,35.621555
28717,-97.517690,35.621596
28718,-97.517690,35.621638
28719,-97.517689,35.621679
28720,-97.517689,35.621720
28677,-97.517854,35.622546
28676,-97.517854,35.622587
28675,-97.517854,35.622628
28674,-97.517854,35.622649
28673,-97.517854,35.622711
28672,-97.517854,35.622752
28721,-97.517686,35.622546
28722,-97.517686,35.622587
28723,-97.517686,35.622628
28724,-97.517686,35.622670
28725,-97.517686,35.622711
28726,-97.517686,35.622752
28660,-97.519403,35.622981
28659,-97.519271,35.622980
28658,-97.519140,35.622979
23344,-97.516810,35.616741
23345,-97.516612,35.616737
23346,-97.516557,35.616735
23347,-97.516502,35.616733
23348,-97.516447,35.616732
23349,-97.516328,35.616763
23343,-97.516984,35.616917
23342,-97.516906,35.617076
23341,-97.516826,35.617201
23340,-97.516755,35.617325
23339,-97.516685,35.617454
23338,-97.516616,35.617584
23337,-97.516546,35.617713
23350,-97.516290,35.616810
23351,-97.516275,35.616886
23352,-97.516274,35.616931
23336,-97.516477,35.617843
23335,-97.516380,35.618007
23353,-97.516273,35.617808
23354,-97.516224,35.617952
23355,-97.516197,35.617994
23356,-97.516170,35.618036
23357,-97.516143,35.618078
23358,-97.516116,35.618120
23359,-97.516089,35.618163
23334,-97.516127,35.618402
23333,-97.516111,35.618427
23332,-97.516080,35.618476
23331,-97.516064,35.618501
23330,-97.516048,35.618526
23329,-97.515658,35.619152
23328,-97.515651,35.619163
23327,-97.515645,35.619175
23326,-97.515639,35.619187
23325,-97.515633,35.619198
28689,-97.516422,35.620383
28690,-97.516258,35.620388
28691,-97.516176,35.620391
28712,-97.516197,35.620528
28692,-97.516094,35.620393
28711,-97.516116,35.620531
28710,-97.516035,35.620533
28693,-97.516012,35.620396
28709,-97.515953,35.620536
28694,-97.515819,35.620408
28708,-97.515872,35.620538
28707,-97.515825,35.620556
28695,-97.515667,35.620459
28706,-97.515749,35.620581
28696,-97.514729,35.620899
28697,-97.514647,35.620902
28698,-97.514565,35.620906
28705,-97.514606,35.621042
28704,-97.514525,35.621046
28699,-97.514483,35.620909
28703,-97.514440,35.621049
28702,-97.514358,35.621049
28701,-97.514277,35.621049
28700,-97.514196,35.621049
23877,-97.526601,35.614557
23876,-97.526531,35.614558
28284,-97.528487,35.617925
28285,-97.528462,35.617938
23901,-97.526964,35.615307
23902,-97.526893,35.615308
23903,-97.526822,35.615308
23945,-97.526824,35.615446
28206,-97.526831,35.616224
28264,-97.526977,35.616359
28263,-97.526906,35.616361
28262,-97.526835,35.616362
23904,-97.526751,35.615308
23905,-97.526680,35.615309
23944,-97.526753,35.615446
23943,-97.526682,35.615447
23906,-97.526609,35.615309
23907,-97.526539,35.615310
23942,-97.526611,35.615447
23941,-97.526541,35.615448
28207,-97.526760,35.616225
28208,-97.526689,35.616227
28209,-97.526618,35.616228
28210,-97.526548,35.616230
28261,-97.526764,35.616363
28260,-97.526693,35.616365
28259,-97.526622,35.616366
28258,-97.526552,35.616368
28316,-97.527506,35.617131
28317,-97.527477,35.617134
28318,-97.527448,35.617137
28315,-97.527528,35.617267
28314,-97.527499,35.617270
28313,-97.527470,35.617273
28319,-97.527419,35.617141
28297,-97.527432,35.617338
28296,-97.527439,35.617384
28320,-97.527173,35.617161
28321,-97.527076,35.617168
28322,-97.526980,35.617175
28298,-97.527266,35.617356
28312,-97.527090,35.617304
28311,-97.526994,35.617311
28293,-97.527245,35.618475
28294,-97.527217,35.618462
28295,-97.527189,35.618450
28369,-97.527163,35.618595
28368,-97.527135,35.618582
28367,-97.527107,35.618570
28299,-97.526982,35.618384
28366,-97.526942,35.618518
28300,-97.526891,35.618366
28301,-97.526800,35.618348
28365,-97.526851,35.618500
28364,-97.526760,35.618482
23809,-97.525174,35.613665
23808,-97.525103,35.613666
23807,-97.525032,35.613667
23780,-97.524889,35.613531
23806,-97.524962,35.613668
23805,-97.524891,35.613669
23781,-97.524818,35.613531
23782,-97.524748,35.613532
23804,-97.524820,35.613669
23803,-97.524750,35.613670
23842,-97.525165,35.614430
23843,-97.525094,35.614431
23844,-97.525024,35.614431
23875,-97.525167,35.614568
23874,-97.525096,35.614569
23873,-97.525026,35.614569
23845,-97.524953,35.614432
23846,-97.524883,35.614433
23847,-97.524812,35.614433
23848,-97.524742,35.614434
23872,-97.524955,35.614570
23871,-97.524885,35.614571
23870,-97.524814,35.614571
23869,-97.524744,35.614572
23783,-97.524677,35.613533
23802,-97.524679,35.613671
23784,-97.524606,35.613534
23801,-97.524608,35.613672
23849,-97.524671,35.614434
23850,-97.524601,35.614435
23868,-97.524673,35.614572
23867,-97.524603,35.614573
23785,-97.523406,35.613535
23800,-97.523334,35.613672
23786,-97.523265,35.613534
23799,-97.523263,35.613672
23787,-97.523194,35.613533
23788,-97.523123,35.613533
23798,-97.523192,35.613671
23797,-97.523121,35.613671
23789,-97.523053,35.613532
23790,-97.522982,35.613532
23796,-97.523051,35.613670
23795,-97.522980,35.613670
23791,-97.522911,35.613531
23792,-97.522841,35.613531
23794,-97.522909,35.613669
23793,-97.522839,35.613669
23851,-97.523332,35.614445
23852,-97.523261,35.614446
23866,-97.523334,35.614583
23865,-97.523263,35.614584
23853,-97.523191,35.614447
23854,-97.523120,35.614447
23855,-97.523050,35.614448
23856,-97.522979,35.614448
23864,-97.523193,35.614585
23863,-97.523122,35.614585
23862,-97.523052,35.614586
23861,-97.522981,35.614586
23857,-97.522909,35.614449
23858,-97.522839,35.614450
23860,-97.522911,35.614587
23859,-97.522841,35.614588
23717,-97.522224,35.613622
23716,-97.522224,35.613652
23715,-97.522224,35.613682
23663,-97.522056,35.613682
23714,-97.522224,35.613712
23713,-97.522224,35.613743
23712,-97.522224,35.613773
23711,-97.522224,35.613803
23710,-97.522227,35.614378
23709,-97.522227,35.614408
23708,-97.522227,35.614438
23707,-97.522228,35.614469
23664,-97.522056,35.613712
23665,-97.522056,35.613743
23666,-97.522059,35.614380
23667,-97.522059,35.614410
23668,-97.522059,35.614440
23669,-97.522060,35.614471
23908,-97.525175,35.615324
23909,-97.525104,35.615325
23910,-97.525034,35.615325
23940,-97.525106,35.615463
23939,-97.525036,35.615463
23911,-97.524963,35.615326
23912,-97.524893,35.615327
23938,-97.524965,35.615464
23937,-97.524895,35.615465
23913,-97.524822,35.615328
23914,-97.524752,35.615328
23936,-97.524824,35.615466
23935,-97.524754,35.615466
28211,-97.525054,35.616238
28212,-97.524984,35.616238
28213,-97.524914,35.616239
28214,-97.524844,35.616239
28215,-97.524774,35.616240
28257,-97.525126,35.616376
28256,-97.525056,35.616376
28255,-97.524986,35.616376
28254,-97.524916,35.616377
28253,-97.524846,35.616377
28252,-97.524776,35.616378
23915,-97.524681,35.615329
23916,-97.524611,35.615330
23934,-97.524683,35.615467
23933,-97.524613,35.615468
28216,-97.524704,35.616240
28217,-97.524634,35.616240
28251,-97.524706,35.616378
28250,-97.524636,35.616378
28323,-97.524949,35.617192
28324,-97.524852,35.617192
28325,-97.524755,35.617191
28310,-97.524850,35.617330
28309,-97.524753,35.617329
28302,-97.524833,35.618246
28303,-97.524740,35.618245
28363,-97.524831,35.618384
28362,-97.524738,35.618383
28326,-97.524658,35.617191
28327,-97.524561,35.617191
28308,-97.524656,35.617329
28307,-97.524459,35.617305
28306,-97.524453,35.617370
28305,-97.524452,35.617427
28328,-97.524293,35.617281
28329,-97.524285,35.617330
28330,-97.524285,35.617368
28331,-97.524284,35.617444
28304,-97.524647,35.618244
28361,-97.524645,35.618382
28360,-97.524445,35.618391
28359,-97.524445,35.618422
28358,-97.524446,35.618454
28344,-97.524277,35.618393
28345,-97.524277,35.618424
28346,-97.524278,35.618456
23917,-97.523342,35.615343
23932,-97.523344,35.615481
23918,-97.523271,35.615344
23919,-97.523201,35.615345
23931,-97.523273,35.615482
23930,-97.523203,35.615483
23920,-97.523130,35.615346
23929,-97.523132,35.615484
23921,-97.523060,35.615346
23922,-97.522989,35.615347
23928,-97.523062,35.615484
23927,-97.522991,35.615485
23923,-97.522919,35.615348
23924,-97.522849,35.615349
23926,-97.522921,35.615486
23925,-97.522851,35.615487
28218,-97.523305,35.616248
28219,-97.523235,35.616248
28249,-97.523377,35.616386
28248,-97.523307,35.616386
28247,-97.523237,35.616386
28220,-97.523165,35.616249
28221,-97.523095,35.616249
28222,-97.523025,35.616250
28223,-97.522955,35.616250
28224,-97.522886,35.616251
28246,-97.523167,35.616387
28245,-97.523097,35.616387
28244,-97.523027,35.616388
28243,-97.522957,35.616388
28242,-97.522888,35.616389
23706,-97.522235,35.615135
23705,-97.522235,35.615165
23704,-97.522236,35.615195
23670,-97.522067,35.615137
23671,-97.522067,35.615167
28241,-97.522286,35.616026
28240,-97.522262,35.616027
28225,-97.522059,35.615891
28239,-97.521950,35.616029
28226,-97.521769,35.615891
28238,-97.521733,35.616029
28336,-97.523393,35.617293
28335,-97.523392,35.617330
28334,-97.523392,35.617368
28333,-97.523391,35.617406
28332,-97.523391,35.617444
28337,-97.523225,35.617291
28338,-97.523224,35.617328
28339,-97.523224,35.617366
28340,-97.523223,35.617404
28341,-97.523223,35.617442
28343,-97.523434,35.618369
28342,-97.523399,35.618369
28577,-97.522263,35.616882
28576,-97.522262,35.616931
28575,-97.522262,35.616981
28574,-97.522258,35.617505
28573,-97.522257,35.617555
28572,-97.522257,35.617605
28571,-97.522257,35.617655
28578,-97.522095,35.616882
28579,-97.522094,35.616931
28580,-97.522094,35.616981
28581,-97.522090,35.617505
28582,-97.522089,35.617555
28583,-97.522089,35.617605
23718,-97.520898,35.613449
23719,-97.520833,35.613448
23662,-97.520894,35.613587
23661,-97.520829,35.613586
23720,-97.520768,35.613447
23721,-97.520703,35.613446
23660,-97.520764,35.613585
23659,-97.520699,35.613584
23722,-97.520637,35.613445
23723,-97.520572,35.613444
23658,-97.520633,35.613583
23657,-97.520568,35.613582
23724,-97.520507,35.613443
23725,-97.520442,35.613442
23656,-97.520503,35.613581
23655,-97.520438,35.613580
23687,-97.520602,35.614276
23688,-97.520577,35.614276
23689,-97.520552,35.614275
23690,-97.520527,35.614274
23686,-97.520546,35.614413
23685,-97.520521,35.614412
23691,-97.520502,35.614274
23692,-97.520477,35.614273
23693,-97.520453,35.614273
23684,-97.520496,35.614412
23683,-97.520471,35.614411
23682,-97.520447,35.614411
23694,-97.520267,35.614423
23695,-97.520267,35.614448
23696,-97.520267,35.614473
28227,-97.521479,35.615891
28237,-97.521515,35.616029
28228,-97.521190,35.615891
28236,-97.521298,35.616029
28590,-97.521164,35.616497
28589,-97.521164,35.616517
28235,-97.520990,35.616030
28229,-97.520882,35.615893
28230,-97.520670,35.615896
28234,-97.520813,35.616032
23677,-97.520560,35.615087
23678,-97.520534,35.615088
23676,-97.520562,35.615225
23675,-97.520536,35.615226
23679,-97.520509,35.615088
23680,-97.520484,35.615088
23681,-97.520459,35.615089
23674,-97.520511,35.615226
23673,-97.520486,35.615226
23672,-97.520461,35.615227
23697,-97.520273,35.615052
23698,-97.520274,35.615078
23699,-97.520276,35.615248
23700,-97.520276,35.615557
23701,-97.520276,35.615571
23702,-97.520276,35.615584
23703,-97.520276,35.615598
28231,-97.520459,35.615899
28233,-97.520637,35.616034
28232,-97.520461,35.616037
28291,-97.528417,35.619135
28292,-97.528372,35.619158
28467,-97.528341,35.619422
28370,-97.527381,35.619798
28462,-97.527577,35.620164
28461,-97.527625,35.620230
28460,-97.527664,35.620292
28466,-97.527503,35.619892
28465,-97.527471,35.619920
28464,-97.527482,35.620048
28463,-97.527529,35.620106
28449,-97.527437,35.620240
28450,-97.527475,35.620292
28448,-97.527389,35.620182
28447,-97.527342,35.620124
28459,-97.527703,35.620354
28453,-97.527585,35.620473
28452,-97.527553,35.620416
28455,-97.527647,35.620602
28454,-97.527616,35.620538
28457,-97.527708,35.620732
28456,-97.527677,35.620667
28451,-97.527514,35.620354
28446,-97.527295,35.620066
28371,-97.526668,35.619446
28372,-97.526634,35.619433
28373,-97.526600,35.619419
28374,-97.526566,35.619405
28375,-97.526532,35.619392
28445,-97.525927,35.619374
28444,-97.525857,35.619365
28443,-97.525787,35.619357
28437,-97.526144,35.621111
28435,-97.526145,35.621190
28434,-97.526145,35.621230
28433,-97.526146,35.621269
28436,-97.526144,35.621150
28426,-97.525976,35.621113
28376,-97.525741,35.619213
28377,-97.525381,35.619196
28442,-97.525717,35.619349
28441,-97.525696,35.619425
28380,-97.525532,35.619379
28381,-97.525528,35.619413
28378,-97.525081,35.619191
28440,-97.525698,35.620168
28439,-97.525712,35.620199
28438,-97.525726,35.620231
28382,-97.525540,35.620216
28383,-97.525554,35.620247
28384,-97.525568,35.620279
28379,-97.524563,35.619321
28357,-97.524464,35.619331
28356,-97.524464,35.619366
28355,-97.524464,35.619401
28347,-97.524296,35.619333
28348,-97.524296,35.619368
28349,-97.524296,35.619403
28354,-97.524484,35.620207
28353,-97.524488,35.620242
28352,-97.524493,35.620277
28350,-97.524316,35.620221
28351,-97.524320,35.620256
28425,-97.524881,35.621199
28424,-97.524830,35.621199
28423,-97.524780,35.621199
28422,-97.524258,35.621190
28427,-97.524355,35.622001
28428,-97.524323,35.622001
28429,-97.524291,35.622001
28430,-97.524260,35.622001
28432,-97.524323,35.622139
28431,-97.524291,35.622139
28421,-97.524243,35.622153
28420,-97.524239,35.622455
28419,-97.524235,35.622757
28391,-97.523346,35.619441
28390,-97.523344,35.619463
28389,-97.523346,35.619496
28392,-97.523183,35.619393
28393,-97.523176,35.619469
28394,-97.523178,35.619502
28388,-97.523387,35.620213
28387,-97.523389,35.620246
28386,-97.523392,35.620278
28395,-97.523219,35.620221
28396,-97.523221,35.620254
28397,-97.523224,35.620286
28398,-97.523226,35.620319
28385,-97.523589,35.621042
28400,-97.523562,35.621180
28399,-97.523494,35.621179
28401,-97.523499,35.622001
28408,-97.523471,35.622139
28402,-97.523444,35.622001
28403,-97.523417,35.622001
28404,-97.523390,35.622001
28407,-97.523444,35.622139
28406,-97.523403,35.622139
28405,-97.523390,35.622139
28418,-97.524234,35.623072
28417,-97.524234,35.623089
28409,-97.523402,35.622912
28410,-97.523388,35.622912
28411,-97.523374,35.622912
28412,-97.523361,35.622912
28416,-97.523400,35.623050
28415,-97.523386,35.623050
28414,-97.523372,35.623050
28413,-97.523359,35.623050
28523,-97.521122,35.622825
28524,-97.521021,35.622826
28525,-97.520819,35.622829
28522,-97.521124,35.622963
28521,-97.521023,35.622964
28520,-97.520922,35.622965
28519,-97.520821,35.622967
23363,-97.531785,35.618161
23956,-97.531617,35.618163
28273,-97.531023,35.617991
28274,-97.530983,35.617994
28518,-97.531017,35.618129
28517,-97.530976,35.618169
28516,-97.530977,35.618188
28514,-97.530808,35.618173
28515,-97.530809,35.618192
28275,-97.530584,35.618052
28513,-97.530376,35.618338
28276,-97.530276,35.618228
28277,-97.529993,35.618398
28512,-97.530083,35.618514
28279,-97.529458,35.617818
28280,-97.529450,35.617805
28278,-97.529700,35.618530
28511,-97.529741,35.618676
28509,-97.529797,35.618814
28510,-97.529769,35.618745
28488,-97.529608,35.618787
28487,-97.529581,35.618720
28288,-97.528601,35.618030
28281,-97.528564,35.617886
28282,-97.528539,35.617899
28283,-97.528513,35.617912
28287,-97.528575,35.618043
28286,-97.528550,35.618056
23362,-97.531804,35.619537
23361,-97.531804,35.620225
28502,-97.530668,35.620585
28501,-97.530659,35.620592
28500,-97.530650,35.620600
28497,-97.530742,35.620724
28498,-97.530711,35.620693
28499,-97.530679,35.620661
28503,-97.530550,35.620487
28504,-97.530541,35.620494
28505,-97.530472,35.620478
28506,-97.530408,35.620427
28494,-97.530389,35.620604
28495,-97.530534,35.620732
28496,-97.530566,35.620764
28507,-97.530368,35.620380
28493,-97.530325,35.620554
28492,-97.530254,35.620489
28491,-97.530206,35.620429
23360,-97.531762,35.620924
28476,-97.530870,35.621659
28475,-97.530850,35.621657
28508,-97.529825,35.618900
28489,-97.529636,35.618855
28490,-97.529657,35.618908
28289,-97.528509,35.619089
28290,-97.528463,35.619112
28486,-97.528505,35.619253
28485,-97.528460,35.619276
28481,-97.528601,35.619530
28479,-97.528676,35.619645
28480,-97.528639,35.619588
28483,-97.528526,35.619415
28484,-97.528488,35.619357
28482,-97.528563,35.619472
28468,-97.528379,35.619480
28469,-97.528455,35.619597
28470,-97.528494,35.619656
28472,-97.528570,35.619773
28471,-97.528532,35.619714
28477,-97.529844,35.621366
28478,-97.529639,35.621274
28474,-97.529807,35.621503
28473,-97.529749,35.621484
28458,-97.528638,35.621926
23388,-97.530224,35.613938
23387,-97.530224,35.613947
23386,-97.530224,35.613956
23385,-97.530224,35.613965
23384,-97.530224,35.613974
23383,-97.530224,35.613983
23382,-97.530224,35.613992
23381,-97.530224,35.614001
23380,-97.530224,35.614541
23379,-97.530224,35.614556
23378,-97.530224,35.614571
23377,-97.530224,35.614586
23376,-97.530224,35.614601
23375,-97.530224,35.614616
23374,-97.530225,35.614631
23373,-97.530225,35.614646
23372,-97.530225,35.614661
23371,-97.530225,35.614676
23370,-97.530225,35.614691
23369,-97.530226,35.614706
23368,-97.530234,35.615441
23367,-97.530234,35.615456
23366,-97.530234,35.615471
23365,-97.530234,35.615486
23955,-97.530200,35.616371
23763,-97.528872,35.613504
23825,-97.528872,35.613642
23826,-97.528868,35.614400
23891,-97.528870,35.614538
23764,-97.528801,35.613504
23765,-97.528731,35.613504
23824,-97.528801,35.613642
23823,-97.528731,35.613642
23766,-97.528660,35.613504
23767,-97.528589,35.613504
23822,-97.528660,35.613642
23821,-97.528589,35.613642
23768,-97.528519,35.613504
23820,-97.528519,35.613642
23769,-97.528448,35.613505
23770,-97.528377,35.613505
23819,-97.528448,35.613643
23818,-97.528377,35.613643
23771,-97.528307,35.613505
23817,-97.528307,35.613643
23827,-97.528797,35.614401
23828,-97.528726,35.614401
23829,-97.528655,35.614402
23830,-97.528584,35.614403
23890,-97.528799,35.614539
23889,-97.528728,35.614539
23888,-97.528657,35.614540
23887,-97.528586,35.614541
23831,-97.528513,35.614403
23832,-97.528443,35.614404
23833,-97.528372,35.614404
23886,-97.528515,35.614541
23885,-97.528445,35.614542
23884,-97.528374,35.614542
23834,-97.528301,35.614405
23883,-97.528303,35.614543
23816,-97.526964,35.613646
23772,-97.526893,35.613509
23773,-97.526822,35.613509
23815,-97.526893,35.613647
23814,-97.526822,35.613647
23835,-97.526954,35.614416
23836,-97.526883,35.614417
23837,-97.526812,35.614417
23882,-97.526956,35.614554
23881,-97.526885,35.614555
23880,-97.526814,35.614555
23774,-97.526752,35.613509
23775,-97.526681,35.613509
23813,-97.526752,35.613647
23812,-97.526681,35.613647
23776,-97.526610,35.613509
23777,-97.526540,35.613510
23811,-97.526610,35.613647
23810,-97.526540,35.613648
23838,-97.526741,35.614418
23839,-97.526670,35.614418
23840,-97.526599,35.614419
23841,-97.526529,35.614420
23879,-97.526743,35.614556
23878,-97.526672,35.614556
23892,-97.528878,35.615297
23954,-97.528880,35.615435
28198,-97.528889,35.616188
23893,-97.528807,35.615297
23894,-97.528736,35.615298
23953,-97.528809,35.615435
23952,-97.528738,35.615436
23895,-97.528665,35.615298
23896,-97.528594,35.615298
23951,-97.528667,35.615436
23950,-97.528596,35.615436
23897,-97.528523,35.615299
23898,-97.528453,35.615299
23949,-97.528525,35.615437
23948,-97.528455,35.615437
23899,-97.528382,35.615300
23947,-97.528384,35.615438
23900,-97.528311,35.615300
23946,-97.528313,35.615438
28199,-97.528748,35.616189
28200,-97.528677,35.616190
28201,-97.528606,35.616190
28202,-97.528534,35.616191
28203,-97.528463,35.616192
28204,-97.528392,35.616193
28205,-97.528321,35.616195
28272,-97.528821,35.616327
28271,-97.528750,35.616327
28270,-97.528679,35.616328
28269,-97.528608,35.616328
28268,-97.528538,35.616329
28267,-97.528467,35.616330
28266,-97.528396,35.616331
28265,-97.528325,35.616333
23398,-97.530120,35.612952
23397,-97.530152,35.613022
23396,-97.530183,35.613092
23395,-97.530209,35.613180
23399,-97.530061,35.612870
23400,-97.530006,35.612811
23401,-97.529950,35.612752
23402,-97.529875,35.612690
23394,-97.530220,35.613255
23393,-97.530224,35.613338
23392,-97.530224,35.613413
23391,-97.530224,35.613488
23390,-97.530224,35.613652
23389,-97.530224,35.613660
23403,-97.529807,35.612639
23404,-97.529730,35.612590
23405,-97.529658,35.612544
23407,-97.529441,35.612406
23406,-97.529585,35.612498
23408,-97.528979,35.611833
23409,-97.528971,35.611821
23411,-97.528937,35.611773
23415,-97.528903,35.611726
23414,-97.528911,35.611737
23413,-97.528920,35.611749
23412,-97.528928,35.611761
23410,-97.528954,35.611797
23568,-97.528191,35.612618
23569,-97.528133,35.612618
23570,-97.528075,35.612619
23571,-97.527960,35.612621
23572,-97.527902,35.612621
23762,-97.529644,35.612710
23761,-97.528251,35.612755
23760,-97.528193,35.612756
23759,-97.528135,35.612756
23758,-97.528077,35.612757
23757,-97.528020,35.612758
23756,-97.527962,35.612759
23755,-97.527904,35.612759
23567,-97.527692,35.611864
23521,-97.527579,35.611727
23566,-97.527637,35.611865
23565,-97.527581,35.611865
23522,-97.527524,35.611727
23523,-97.527469,35.611728
23564,-97.527526,35.611865
23563,-97.527471,35.611866
23524,-97.527414,35.611728
23525,-97.527359,35.611729
23562,-97.527416,35.611866
23561,-97.527361,35.611867
23573,-97.526805,35.612635
23574,-97.526747,35.612636
23575,-97.526689,35.612637
23576,-97.526632,35.612637
23577,-97.526574,35.612638
23578,-97.526516,35.612639
23579,-97.526459,35.612640
23526,-97.526255,35.611738
23527,-97.526199,35.611739
23560,-97.526201,35.611877
23559,-97.526146,35.611877
23528,-97.526144,35.611739
23529,-97.526034,35.611740
23558,-97.526091,35.611878
23557,-97.526036,35.611878
23530,-97.525979,35.611741
23556,-97.525981,35.611879
23754,-97.526749,35.612774
23753,-97.526691,35.612775
23752,-97.526634,35.612775
23751,-97.526576,35.612776
23750,-97.526518,35.612777
23749,-97.526461,35.612778
23580,-97.524972,35.612648
23581,-97.524903,35.612648
23582,-97.524833,35.612648
23583,-97.524764,35.612649
23584,-97.524694,35.612649
23585,-97.524625,35.612650
23586,-97.524555,35.612650
23748,-97.524905,35.612786
23747,-97.524835,35.612786
23746,-97.524766,35.612787
23778,-97.525030,35.613529
23779,-97.524960,35.613530
23745,-97.524627,35.612788
23744,-97.524557,35.612788
23427,-97.528145,35.610615
23428,-97.528086,35.610526
23430,-97.527968,35.610349
23432,-97.527850,35.610172
23431,-97.527909,35.610260
23429,-97.528027,35.610438
23423,-97.528514,35.611161
23420,-97.528533,35.611188
23422,-97.528521,35.611170
23421,-97.528527,35.611179
23419,-97.528546,35.611207
23418,-97.528558,35.611225
23416,-97.528571,35.611244
23417,-97.528565,35.611234
23424,-97.528502,35.611143
23426,-97.528205,35.610704
23425,-97.528302,35.610849
23433,-97.527070,35.610830
23434,-97.527042,35.610830
23520,-97.527099,35.610968
23519,-97.527072,35.610968
23518,-97.527044,35.610968
23435,-97.527015,35.610831
23436,-97.526988,35.610831
23437,-97.526961,35.610831
23438,-97.526934,35.610832
23439,-97.526907,35.610832
23440,-97.526880,35.610832
23441,-97.526853,35.610833
23442,-97.526826,35.610833
23443,-97.526799,35.610833
23517,-97.527017,35.610969
23516,-97.526990,35.610969
23515,-97.526963,35.610969
23514,-97.526936,35.610970
23513,-97.526909,35.610970
23512,-97.526882,35.610970
23511,-97.526855,35.610971
23510,-97.526828,35.610971
23509,-97.526801,35.610971
23444,-97.526772,35.610833
23445,-97.525689,35.610846
23446,-97.525662,35.610847
23447,-97.525635,35.610847
23448,-97.525581,35.610848
23449,-97.525554,35.610848
23450,-97.525527,35.610848
23508,-97.525691,35.610984
23507,-97.525664,35.610985
23506,-97.525637,35.610985
23505,-97.525610,35.610985
23504,-97.525583,35.610986
23503,-97.525556,35.610986
23502,-97.525529,35.610986
23451,-97.525500,35.610849
23452,-97.525473,35.610849
23453,-97.525446,35.610849
23454,-97.525419,35.610850
23501,-97.525502,35.610987
23500,-97.525475,35.610987
23499,-97.525448,35.610987
23498,-97.525421,35.610988
23531,-97.524616,35.611752
23555,-97.524677,35.611889
23532,-97.524556,35.611753
23533,-97.524497,35.611753
23554,-97.524558,35.611891
23553,-97.524499,35.611891
23534,-97.524437,35.611754
23535,-97.524377,35.611754
23552,-97.524439,35.611892
23536,-97.524318,35.611755
23551,-97.524320,35.611893
23455,-97.523279,35.610866
23456,-97.523255,35.610866
23457,-97.523230,35.610866
23458,-97.523206,35.610866
23497,-97.523378,35.611003
23496,-97.523354,35.611003
23495,-97.523329,35.611003
23494,-97.523305,35.611004
23493,-97.523281,35.611004
23492,-97.523257,35.611004
23491,-97.523232,35.611004
23490,-97.523208,35.611004
23459,-97.523182,35.610867
23460,-97.523158,35.610867
23461,-97.523134,35.610867
23462,-97.523109,35.610867
23463,-97.523085,35.610867
23464,-97.523061,35.610868
23465,-97.523037,35.610868
23466,-97.523012,35.610868
23467,-97.522988,35.610868
23468,-97.522964,35.610868
23489,-97.523184,35.611005
23488,-97.523160,35.611005
23487,-97.523136,35.611005
23486,-97.523111,35.611005
23485,-97.523087,35.611005
23484,-97.523063,35.611006
23483,-97.523039,35.611006
23482,-97.523014,35.611006
23481,-97.522990,35.611006
23480,-97.522966,35.611006
23469,-97.522940,35.610869
23470,-97.522891,35.610869
23471,-97.522867,35.610869
23472,-97.522843,35.610869
23473,-97.522819,35.610870
23479,-97.522942,35.611007
23478,-97.522917,35.611007
23477,-97.522893,35.611007
23476,-97.522869,35.611007
23475,-97.522845,35.611007
23474,-97.522821,35.611008
23587,-97.523305,35.612657
23588,-97.523235,35.612657
23537,-97.523186,35.611766
23538,-97.523126,35.611767
23539,-97.523067,35.611767
23540,-97.523007,35.611768
23541,-97.522948,35.611768
23550,-97.523188,35.611904
23549,-97.523128,35.611905
23548,-97.523069,35.611905
23547,-97.523009,35.611906
23546,-97.522950,35.611906
23542,-97.522888,35.611769
23543,-97.522829,35.611770
23545,-97.522890,35.611907
23544,-97.522831,35.611908
23589,-97.523166,35.612658
23590,-97.523096,35.612658
23591,-97.523027,35.612658
23592,-97.522957,35.612659
23593,-97.522888,35.612659
23594,-97.522819,35.612660
23603,-97.522194,35.611022
23602,-97.522194,35.611052
23601,-97.522194,35.611082
23600,-97.522194,35.611112
23599,-97.522194,35.611921
23598,-97.522194,35.611951
23597,-97.522194,35.611981
23596,-97.522195,35.612011
23595,-97.522195,35.612041
23743,-97.523307,35.612795
23742,-97.523237,35.612795
23741,-97.523168,35.612796
23740,-97.523098,35.612796
23739,-97.523029,35.612796
23738,-97.522959,35.612797
23737,-97.522890,35.612797
23736,-97.522821,35.612798
23735,-97.522257,35.612806
23734,-97.522233,35.612806
23733,-97.522019,35.612809
23732,-97.521790,35.612809
23604,-97.520961,35.610877
23616,-97.520963,35.611015
23605,-97.520877,35.610877
23606,-97.520793,35.610878
23607,-97.520710,35.610878
23615,-97.520879,35.611015
23614,-97.520795,35.611016
23613,-97.520712,35.611016
23617,-97.521558,35.611771
23618,-97.521536,35.611771
23619,-97.521514,35.611771
23620,-97.521492,35.611771
23621,-97.521470,35.611771
23626,-97.521558,35.611909
23625,-97.521547,35.611909
23624,-97.521514,35.611909
23623,-97.521492,35.611909
23622,-97.521470,35.611909
23627,-97.520953,35.612671
23628,-97.520864,35.612671
23629,-97.520775,35.612671
23630,-97.520686,35.612671
23608,-97.520626,35.610879
23609,-97.520542,35.610879
23612,-97.520628,35.611017
23611,-97.520544,35.611017
23610,-97.520459,35.610880
23638,-97.520404,35.611126
23639,-97.520250,35.611010
23640,-97.520236,35.611060
23641,-97.520236,35.611093
23642,-97.520236,35.611126
23637,-97.520404,35.611159
23636,-97.520404,35.611192
23635,-97.520404,35.611225
23643,-97.520236,35.611159
23644,-97.520236,35.611192
23645,-97.520236,35.611225
23634,-97.520404,35.611851
23646,-97.520236,35.611851
23647,-97.520236,35.611883
23648,-97.520236,35.611916
23649,-97.520236,35.611949
23631,-97.520597,35.612671
23632,-97.520508,35.612671
23633,-97.520420,35.612671
23731,-97.521562,35.612809
23730,-97.521333,35.612809
23729,-97.521105,35.612809
23728,-97.520876,35.612809
23727,-97.520648,35.612809
23726,-97.520420,35.612809
23650,-97.520238,35.612823
23651,-97.520238,35.612847
23652,-97.520239,35.612872
23653,-97.520239,35.612897
23654,-97.520240,35.612921
23958,-97.524682,35.623471
23957,-97.526590,35.623470
30596,-97.509464,35.622067
23364,-97.531605,35.616208
