32099,-97.567230,35.629838
32100,-97.567230,35.629838
32101,-97.567230,35.629838
25592,-97.565622,35.628273
25591,-97.565621,35.628298
25590,-97.565621,35.628324
25589,-97.565621,35.628350
25744,-97.565312,35.628919
25745,-97.565195,35.628918
25746,-97.565078,35.628918
25747,-97.564960,35.628917
25740,-97.565010,35.629055
25748,-97.564843,35.628916
25739,-97.564891,35.629055
25557,-97.566564,35.629072
25556,-97.566564,35.629099
25555,-97.566564,35.629127
25554,-97.566564,35.629155
25576,-97.566396,35.629072
25577,-97.566396,35.629099
25578,-97.566396,35.629127
25553,-97.566564,35.629766
25552,-97.566564,35.629794
25551,-97.566564,35.629822
25550,-97.566564,35.629849
25579,-97.566396,35.629766
25580,-97.566396,35.629794
25581,-97.566396,35.629822
25549,-97.565790,35.630591
25548,-97.565752,35.630591
25547,-97.565714,35.630590
25588,-97.565614,35.629072
25587,-97.565614,35.629095
25586,-97.565614,35.629119
25585,-97.565614,35.629143
25743,-97.565368,35.629057
25742,-97.565249,35.629057
25584,-97.565615,35.629821
25583,-97.565615,35.629846
25582,-97.565615,35.629871
25741,-97.565129,35.629056
25546,-97.565676,35.630590
25545,-97.565639,35.630590
25689,-97.565320,35.630449
25544,-97.565378,35.630587
25690,-97.565201,35.630449
25543,-97.565258,35.630587
25691,-97.565083,35.630449
25542,-97.565137,35.630587
25692,-97.564964,35.630448
25560,-97.566568,35.628021
25573,-97.566400,35.628021
25559,-97.566568,35.628057
25558,-97.566568,35.628093
25574,-97.566400,35.628057
25575,-97.566400,35.628093
25593,-97.565631,35.627249
25635,-97.565464,35.627165
25636,-97.565463,35.627207
25637,-97.565463,35.627249
25642,-97.564684,35.627072
25641,-97.564684,35.627114
25640,-97.564684,35.627156
25639,-97.564685,35.627198
25638,-97.564685,35.627240
25688,-97.564811,35.628259
25687,-97.564777,35.628259
25686,-97.564743,35.628259
25685,-97.564710,35.628259
25541,-97.565016,35.630586
25693,-97.564845,35.630448
25540,-97.564896,35.630586
25643,-97.564516,35.627072
25644,-97.564516,35.627114
25645,-97.564516,35.627156
25646,-97.564517,35.627198
25647,-97.564517,35.627240
25649,-97.563744,35.627198
25648,-97.563744,35.627240
25684,-97.564359,35.628259
25683,-97.564059,35.628259
25682,-97.563760,35.628259
25749,-97.562849,35.628906
25738,-97.562863,35.629044
25750,-97.562732,35.628905
25737,-97.562744,35.629043
25716,-97.563963,35.629671
25715,-97.563963,35.629809
25717,-97.563891,35.629671
25718,-97.563820,35.629671
25714,-97.563891,35.629809
25713,-97.563820,35.629809
25719,-97.563748,35.629671
25720,-97.563677,35.629671
25712,-97.563748,35.629809
25711,-97.563677,35.629809
25751,-97.562614,35.628904
25752,-97.562497,35.628904
25736,-97.562624,35.629042
25735,-97.562505,35.629042
25753,-97.562380,35.628903
25734,-97.562386,35.629041
25754,-97.562262,35.628902
25733,-97.562266,35.629040
25721,-97.562461,35.629671
25611,-97.562479,35.626912
25612,-97.562421,35.626911
25613,-97.562362,35.626911
25614,-97.562330,35.626902
25615,-97.562274,35.626888
25616,-97.562228,35.626874
25617,-97.562174,35.626856
25630,-97.562134,35.626991
25629,-97.562079,35.626972
25632,-97.563760,35.627059
25651,-97.563744,35.627114
25650,-97.563744,35.627156
25652,-97.563576,35.627072
25653,-97.563576,35.627114
25654,-97.563576,35.627156
25655,-97.563576,35.627198
25656,-97.563576,35.627240
25694,-97.562829,35.630443
25539,-97.562845,35.630581
25695,-97.562710,35.630443
25538,-97.562724,35.630581
25631,-97.562189,35.627010
25680,-97.562131,35.627986
25679,-97.561867,35.627858
25677,-97.561604,35.627729
25678,-97.561736,35.627793
25681,-97.562267,35.628049
25755,-97.562145,35.628902
25732,-97.562147,35.629040
25756,-97.562028,35.628901
25731,-97.562028,35.629039
25757,-97.561911,35.628901
25730,-97.561909,35.629039
25269,-97.561723,35.629051
25658,-97.561427,35.627483
25659,-97.561295,35.627418
25660,-97.561163,35.627354
25657,-97.561558,35.627547
25676,-97.561472,35.627665
25675,-97.561341,35.627601
25674,-97.561209,35.627536
25662,-97.560973,35.627207
25664,-97.560934,35.627008
25663,-97.560934,35.627133
25661,-97.561059,35.627311
25673,-97.561077,35.627472
25672,-97.560919,35.627387
25671,-97.560833,35.627283
25670,-97.560766,35.627133
25761,-97.561169,35.628282
25758,-97.561297,35.628343
25759,-97.561254,35.628322
25760,-97.561211,35.628302
25268,-97.561166,35.628438
25267,-97.561125,35.628419
25762,-97.560884,35.628148
25266,-97.561056,35.628429
25265,-97.561041,35.628454
25250,-97.560904,35.628369
25251,-97.560889,35.628394
25252,-97.560874,35.628419
25249,-97.560755,35.628247
25763,-97.560662,35.628044
25264,-97.560882,35.629039
25253,-97.560714,35.629039
25722,-97.562390,35.629671
25710,-97.562461,35.629809
25709,-97.562390,35.629809
25723,-97.562318,35.629671
25724,-97.562247,35.629671
25708,-97.562318,35.629809
25707,-97.562247,35.629809
25725,-97.562175,35.629671
25706,-97.562175,35.629809
25270,-97.561722,35.629075
25271,-97.561721,35.629100
25272,-97.561721,35.629125
25273,-97.561720,35.629149
25726,-97.562104,35.629671
25727,-97.562032,35.629671
25705,-97.562104,35.629809
25728,-97.561961,35.629671
25729,-97.561890,35.629671
25704,-97.561961,35.629809
25703,-97.561890,35.629809
25702,-97.561871,35.629872
25274,-97.561704,35.629821
25275,-97.561703,35.629845
25276,-97.561703,35.629870
25696,-97.562591,35.630442
25537,-97.562603,35.630580
25697,-97.562473,35.630442
25536,-97.562483,35.630580
25698,-97.562354,35.630442
25535,-97.562362,35.630580
25534,-97.562241,35.630579
25699,-97.562235,35.630441
25700,-97.562117,35.630441
25533,-97.562121,35.630579
25701,-97.561998,35.630441
25532,-97.562000,35.630579
25531,-97.561880,35.630579
25263,-97.560882,35.629066
25262,-97.560882,35.629094
25254,-97.560714,35.629066
25255,-97.560714,35.629094
25261,-97.560878,35.629735
25260,-97.560878,35.629763
25259,-97.560877,35.629791
25256,-97.560710,35.629735
25257,-97.560710,35.629763
25258,-97.560709,35.629791
25764,-97.560464,35.627943
25765,-97.560281,35.627798
25247,-97.560124,35.627895
25246,-97.560089,35.627917
25245,-97.560055,35.627939
25248,-97.560444,35.628101
25244,-97.559904,35.628652
25243,-97.559904,35.628688
25242,-97.559904,35.628723
25241,-97.559904,35.628759
25288,-97.561001,35.630571
25287,-97.560945,35.630570
25286,-97.560907,35.630570
25285,-97.560689,35.630569
25240,-97.559904,35.629544
25239,-97.559904,35.629579
25238,-97.559904,35.629615
25237,-97.559904,35.629651
25284,-97.560432,35.630569
25283,-97.560176,35.630569
25233,-97.559736,35.629544
25234,-97.559736,35.629579
25235,-97.559736,35.629615
25236,-97.559736,35.629651
25282,-97.559920,35.630569
25203,-97.558954,35.629465
25202,-97.558954,35.629503
25201,-97.558954,35.629541
25197,-97.558786,35.629465
25198,-97.558786,35.629503
25199,-97.558786,35.629541
25200,-97.558786,35.629578
25281,-97.559126,35.630569
25280,-97.559096,35.630569
25279,-97.559066,35.630569
25278,-97.559036,35.630569
25277,-97.558976,35.630569
25225,-97.559983,35.627809
25226,-97.559949,35.627831
25227,-97.559915,35.627853
25228,-97.559872,35.627889
25229,-97.559736,35.628652
25230,-97.559736,35.628688
25231,-97.559736,35.628723
25232,-97.559736,35.628759
25214,-97.558955,35.627581
25213,-97.558954,35.627619
25212,-97.558954,35.627656
25211,-97.558954,35.627694
25210,-97.558954,35.627732
25209,-97.558954,35.627769
25189,-97.558786,35.627694
25190,-97.558786,35.627732
25191,-97.558786,35.627769
25208,-97.558954,35.627807
25192,-97.558786,35.627807
25207,-97.558954,35.628523
25193,-97.558786,35.628523
25206,-97.558954,35.628561
25205,-97.558954,35.628598
25204,-97.558954,35.628636
25194,-97.558786,35.628561
25195,-97.558786,35.628598
25196,-97.558786,35.628636
30319,-97.561867,35.625211
30320,-97.561945,35.625248
30318,-97.561789,35.625174
30317,-97.561729,35.625165
30316,-97.561640,35.625151
30331,-97.561839,35.625843
30332,-97.561752,35.625805
30352,-97.561759,35.625965
30333,-97.561650,35.625762
30351,-97.561672,35.625927
30315,-97.561552,35.625137
30314,-97.561477,35.625128
30313,-97.561387,35.625125
30312,-97.561297,35.625122
30310,-97.561213,35.624981
30311,-97.561207,35.625119
30334,-97.561534,35.625740
30350,-97.561600,35.625894
30349,-97.561528,35.625878
30335,-97.561435,35.625737
30348,-97.561429,35.625875
30336,-97.561337,35.625734
30337,-97.561239,35.625731
30347,-97.561331,35.625872
30346,-97.561233,35.625869
30338,-97.561141,35.625728
30345,-97.561135,35.625866
30272,-97.560753,35.625130
30273,-97.560752,35.625151
30274,-97.560750,35.625215
30339,-97.561043,35.625725
30340,-97.560945,35.625722
30344,-97.561037,35.625863
30343,-97.560939,35.625860
30342,-97.560697,35.625795
25618,-97.561143,35.626493
25619,-97.561067,35.626481
25620,-97.561008,35.626481
25621,-97.560950,35.626481
25622,-97.560591,35.626481
25628,-97.561051,35.626617
25627,-97.561010,35.626619
25626,-97.560950,35.626619
25666,-97.560934,35.626757
25665,-97.560934,35.626882
25667,-97.560766,35.626757
25668,-97.560766,35.626882
30341,-97.560380,35.625779
25773,-97.559944,35.625822
25772,-97.559944,35.625848
25771,-97.559944,35.625874
25623,-97.560275,35.626481
25625,-97.560298,35.626619
25624,-97.560072,35.626619
25770,-97.559941,35.626679
25769,-97.559940,35.626725
25768,-97.559939,35.626771
25767,-97.559939,35.626817
25766,-97.559938,35.626863
25220,-97.559773,35.626677
25221,-97.559772,35.626723
25222,-97.559771,35.626769
25223,-97.559771,35.626815
25224,-97.559770,35.626861
25176,-97.559050,35.625847
25175,-97.559017,35.625848
25174,-97.558953,35.625841
25173,-97.558921,35.625832
25177,-97.559098,35.626481
25178,-97.559067,35.626481
25219,-97.559067,35.626619
25179,-97.559036,35.626481
25180,-97.559006,35.626481
25218,-97.559006,35.626619
25217,-97.558962,35.626714
25181,-97.558795,35.626639
25182,-97.558794,35.626676
25183,-97.558794,35.626714
25216,-97.558962,35.626752
25215,-97.558961,35.626789
25184,-97.558794,35.626752
25185,-97.558793,35.626789
25669,-97.560766,35.627008
25186,-97.558787,35.627581
25187,-97.558786,35.627619
25188,-97.558786,35.627656
30279,-97.561384,35.624303
30262,-97.561310,35.624164
30263,-97.561234,35.624164
30264,-97.561158,35.624163
30278,-97.561308,35.624302
30277,-97.561232,35.624302
30276,-97.561156,35.624301
30265,-97.561082,35.624162
30266,-97.561006,35.624161
30267,-97.560931,35.624161
30275,-97.561080,35.624300
30268,-97.560747,35.624313
30269,-97.560747,35.624339
30270,-97.560747,35.624366
30271,-97.560747,35.624393
30307,-97.561483,35.624990
30308,-97.561393,35.624987
30309,-97.561303,35.624984
25780,-97.559974,35.623768
25779,-97.559972,35.624313
25778,-97.559971,35.624340
25777,-97.559970,35.624367
25166,-97.559804,35.624311
25167,-97.559803,35.624338
25168,-97.559802,35.624365
25776,-97.559958,35.624992
25775,-97.559957,35.625019
25774,-97.559957,35.625046
25169,-97.559790,35.624990
25170,-97.559789,35.625017
25171,-97.559789,35.625044
25172,-97.559788,35.625071
25145,-97.559141,35.624161
25146,-97.559111,35.624161
25147,-97.559081,35.624161
25148,-97.559051,35.624161
25149,-97.558815,35.624286
25150,-97.558808,35.624303
25165,-97.558967,35.624748
25164,-97.558967,35.624766
25163,-97.558967,35.624784
25162,-97.558967,35.624801
25151,-97.558799,35.624748
25152,-97.558799,35.624766
25153,-97.558799,35.624784
25154,-97.558799,35.624801
25161,-97.558970,35.625192
25160,-97.558970,35.625210
25155,-97.558802,35.625192
25156,-97.558802,35.625210
25159,-97.558970,35.625228
25157,-97.558802,35.625228
25158,-97.558803,35.625246
25605,-97.565022,35.626925
25606,-97.564808,35.626923
30373,-97.564404,35.624266
30372,-97.564404,35.624410
30371,-97.564404,35.624554
30370,-97.564404,35.624942
30374,-97.563330,35.624093
30375,-97.563280,35.624093
30376,-97.563230,35.624093
30377,-97.563180,35.624092
30286,-97.563178,35.624230
30296,-97.563407,35.624929
30287,-97.563366,35.624791
30288,-97.563324,35.624791
30289,-97.563283,35.624791
30295,-97.563366,35.624929
30294,-97.563283,35.624929
30290,-97.563241,35.624791
30291,-97.563200,35.624791
30293,-97.563241,35.624929
30292,-97.563200,35.624929
30378,-97.563130,35.624092
30379,-97.563080,35.624091
30380,-97.563030,35.624091
30381,-97.562981,35.624091
30285,-97.563128,35.624230
30284,-97.563078,35.624229
30283,-97.563028,35.624229
30282,-97.562979,35.624229
30369,-97.564404,35.625073
30368,-97.564404,35.625204
30367,-97.564404,35.625335
30366,-97.564404,35.625467
30365,-97.564401,35.625639
30364,-97.564398,35.625835
30363,-97.564398,35.625847
30362,-97.564398,35.625859
30361,-97.564398,35.625872
25607,-97.564499,35.626921
25608,-97.564252,35.626921
25609,-97.564006,35.626921
25610,-97.563760,35.626921
30297,-97.563406,35.625488
30325,-97.563408,35.625626
30298,-97.563365,35.625488
30299,-97.563282,35.625489
30324,-97.563367,35.625626
30323,-97.563325,35.625626
30300,-97.563240,35.625489
30301,-97.563199,35.625490
30322,-97.563242,35.625627
30321,-97.563201,35.625628
30360,-97.563482,35.626309
30359,-97.563439,35.626309
30358,-97.563395,35.626309
30326,-97.563352,35.626171
30327,-97.563309,35.626171
30328,-97.563222,35.626171
30329,-97.563179,35.626171
30357,-97.563352,35.626309
30356,-97.563309,35.626309
30355,-97.563222,35.626309
30354,-97.563179,35.626309
30330,-97.563136,35.626171
30353,-97.563136,35.626309
30258,-97.561614,35.624168
30259,-97.561538,35.624167
30260,-97.561462,35.624166
30261,-97.561386,35.624165
30281,-97.561536,35.624305
30280,-97.561460,35.624304
30303,-97.561873,35.625056
30302,-97.561951,35.625093
30304,-97.561761,35.625031
30305,-97.561672,35.625017
30306,-97.561584,35.625003
25598,-97.565844,35.626931
25599,-97.565801,35.626931
25600,-97.565758,35.626931
25601,-97.565714,35.626931
25602,-97.565671,35.626931
25603,-97.565450,35.626929
25604,-97.565236,35.626927
25566,-97.566573,35.627119
25565,-97.566572,35.627155
25564,-97.566572,35.627191
25563,-97.566572,35.627227
25562,-97.566572,35.627263
25561,-97.566572,35.627299
25567,-97.566405,35.627119
25568,-97.566404,35.627155
25569,-97.566404,35.627191
25570,-97.566404,35.627227
25571,-97.566404,35.627263
25572,-97.566404,35.627299
25597,-97.565633,35.627082
25596,-97.565632,35.627123
25595,-97.565632,35.627165
25594,-97.565631,35.627207
25633,-97.565465,35.627082
25634,-97.565464,35.627123
31822,-97.575393,35.626554
31801,-97.575574,35.629761
31823,-97.573858,35.626233
31821,-97.573818,35.626367
31824,-97.573597,35.626183
31825,-97.573078,35.626089
31820,-97.573042,35.626223
31826,-97.571903,35.626104
31819,-97.571690,35.626292
31827,-97.571386,35.626220
31818,-97.571438,35.626350
31828,-97.571144,35.626265
31817,-97.571166,35.626401
31829,-97.570913,35.626261
31816,-97.570873,35.626395
31830,-97.569488,35.626162
31815,-97.569484,35.626300
31831,-97.569202,35.626221
31814,-97.569266,35.626349
31813,-97.569051,35.626453
31832,-97.568961,35.626337
31812,-97.568831,35.626572
31833,-97.568737,35.626458
31802,-97.574755,35.629821
31803,-97.574587,35.629848
31804,-97.573406,35.629762
31809,-97.571715,35.629237
31810,-97.571538,35.629178
31811,-97.571397,35.629097
31805,-97.571448,35.630477
31800,-97.571722,35.630592
31807,-97.570502,35.629067
31808,-97.570495,35.629063
31806,-97.570477,35.629573
31799,-97.570448,35.630611
31798,-97.570038,35.630604
31797,-97.569419,35.630020
25462,-97.570465,35.631624
25463,-97.570429,35.631630
25464,-97.570392,35.631635
25465,-97.570355,35.631640
25466,-97.570319,35.631645
25461,-97.570467,35.632114
25460,-97.570429,35.632109
25459,-97.570355,35.632100
25458,-97.570318,35.632095
25476,-97.569976,35.631613
25477,-97.569939,35.631609
25478,-97.569902,35.631604
25479,-97.569865,35.631600
25480,-97.569828,35.631596
25467,-97.570282,35.631651
25468,-97.570271,35.631648
25469,-97.570234,35.631644
25470,-97.570197,35.631639
25471,-97.570160,35.631635
25472,-97.570123,35.631631
25473,-97.570086,35.631626
25474,-97.570050,35.631622
25457,-97.570280,35.632090
25456,-97.570243,35.632085
25455,-97.570206,35.632080
25454,-97.570196,35.632080
25453,-97.570159,35.632085
25452,-97.570122,35.632091
25451,-97.570085,35.632096
25475,-97.570013,35.631618
25450,-97.570047,35.632101
25449,-97.570010,35.632107
25448,-97.569973,35.632112
25481,-97.569783,35.631590
25482,-97.569746,35.631589
25483,-97.569708,35.631587
25484,-97.569671,35.631586
25485,-97.569634,35.631585
25447,-97.569936,35.632117
25446,-97.569898,35.632123
31779,-97.570590,35.632791
31778,-97.570793,35.633043
31777,-97.570786,35.633122
31780,-97.570393,35.632786
25445,-97.569861,35.632128
25444,-97.569824,35.632133
31781,-97.570144,35.633071
25443,-97.569772,35.632139
25442,-97.569734,35.632139
25441,-97.569696,35.632139
25440,-97.569658,35.632139
25439,-97.569620,35.632139
31796,-97.568997,35.632979
31795,-97.569001,35.633007
31794,-97.569005,35.633036
31793,-97.569009,35.633065
31792,-97.569013,35.633094
31791,-97.569017,35.633123
31776,-97.570776,35.633190
31775,-97.570766,35.633259
31774,-97.570756,35.633327
31773,-97.570747,35.633395
31772,-97.570737,35.633464
31771,-97.570727,35.633532
31770,-97.570717,35.633600
31769,-97.570720,35.633651
31768,-97.570733,35.633719
31767,-97.570745,35.633787
31766,-97.570758,35.633855
31782,-97.570144,35.633159
31783,-97.570176,35.633289
31784,-97.570223,35.633484
31786,-97.570241,35.633594
31785,-97.570239,35.633548
31787,-97.570233,35.633660
31788,-97.570224,35.633725
31765,-97.570788,35.634482
31764,-97.570790,35.634551
31763,-97.570791,35.634620
31762,-97.570793,35.634689
31753,-97.570132,35.634527
31754,-97.570145,35.634694
31789,-97.569025,35.633180
31790,-97.569021,35.633152
25487,-97.568473,35.631612
25488,-97.568436,35.631610
25489,-97.568399,35.631607
25490,-97.568362,35.631604
25491,-97.568325,35.631601
25492,-97.568287,35.631598
25486,-97.568682,35.632121
25438,-97.568465,35.632121
25437,-97.568428,35.632121
25436,-97.568392,35.632122
25435,-97.568355,35.632122
25434,-97.568318,35.632123
25433,-97.568281,35.632124
25493,-97.568250,35.631595
25494,-97.568213,35.631592
25495,-97.568158,35.631595
25496,-97.568121,35.631598
25497,-97.568084,35.631602
25498,-97.568047,35.631606
25499,-97.568010,35.631609
25500,-97.567973,35.631613
25432,-97.568245,35.632124
25431,-97.568208,35.632125
25430,-97.568171,35.632126
25429,-97.568134,35.632126
25428,-97.568098,35.632127
25427,-97.568061,35.632127
25501,-97.567936,35.631617
25502,-97.567899,35.631621
25503,-97.567862,35.631624
25504,-97.567825,35.631628
25425,-97.567964,35.632125
25424,-97.567928,35.632117
25423,-97.567893,35.632109
25422,-97.567857,35.632101
25421,-97.567822,35.632094
25420,-97.567786,35.632086
25419,-97.567750,35.632078
25426,-97.568024,35.632128
25505,-97.567738,35.631652
25506,-97.567712,35.631674
25507,-97.567686,35.631696
25508,-97.567660,35.631718
25509,-97.567634,35.631740
25510,-97.567608,35.631763
25416,-97.567632,35.631999
25418,-97.567682,35.632043
25417,-97.567657,35.632021
25415,-97.567607,35.631977
31721,-97.572039,35.634749
31722,-97.572039,35.634774
31723,-97.572038,35.634799
31761,-97.570796,35.634756
31760,-97.570800,35.634825
31755,-97.570159,35.634862
31756,-97.570166,35.635046
31757,-97.570166,35.635095
31695,-97.572300,35.635408
31724,-97.572168,35.635322
31725,-97.572144,35.635345
31726,-97.572120,35.635369
31727,-97.572097,35.635393
31759,-97.570773,35.635295
31758,-97.570751,35.635550
31704,-97.575536,35.634076
31705,-97.575537,35.634107
31706,-97.575537,35.634139
31703,-97.574714,35.634309
31712,-97.574632,35.634189
31713,-97.574599,35.634204
31702,-97.574649,35.634340
31651,-97.574537,35.634614
31652,-97.574541,35.634659
31714,-97.574159,35.634403
31715,-97.574067,35.634445
31701,-97.574057,35.634607
31716,-97.573975,35.634487
31700,-97.573965,35.634648
31717,-97.573791,35.634570
31718,-97.573698,35.634612
31719,-97.573606,35.634654
31699,-97.573873,35.634690
31698,-97.573780,35.634732
31697,-97.573688,35.634774
31720,-97.573514,35.634696
31696,-97.573596,35.634816
31643,-97.575713,35.635710
31644,-97.575548,35.635667
31645,-97.575545,35.635700
31642,-97.575710,35.635743
31641,-97.575707,35.635777
31640,-97.575704,35.635810
31646,-97.575542,35.635733
31636,-97.575572,35.636666
31635,-97.575606,35.636718
31637,-97.575526,35.636606
31639,-97.575438,35.636513
31638,-97.575482,35.636559
31632,-97.575684,35.636908
31634,-97.575640,35.636771
31633,-97.575676,35.636849
31665,-97.575492,35.636835
31664,-97.575458,35.636782
31661,-97.575304,35.636597
31663,-97.575424,35.636730
31662,-97.575392,35.636690
31650,-97.574741,35.635503
31649,-97.574742,35.635548
31648,-97.574743,35.635592
31647,-97.574746,35.635635
31653,-97.574573,35.635505
31654,-97.574574,35.635550
31655,-97.574575,35.635594
31656,-97.574578,35.635641
31657,-97.574580,35.635686
31660,-97.574597,35.635834
31658,-97.574582,35.635731
31659,-97.574585,35.635775
31667,-97.574532,35.636919
31666,-97.574565,35.636964
31669,-97.574440,35.636830
31668,-97.574483,35.636868
31752,-97.574421,35.637034
31672,-97.574301,35.636711
31673,-97.574142,35.636605
31674,-97.574029,35.636560
31747,-97.574038,35.636713
31675,-97.573938,35.636537
31670,-97.574397,35.636791
31671,-97.574354,35.636753
31751,-97.574388,35.636989
31750,-97.574359,35.636960
31749,-97.574273,35.636883
31748,-97.574191,35.636815
31676,-97.573819,35.636521
31746,-97.573888,35.636669
31677,-97.573723,35.636521
31745,-97.573723,35.636659
31678,-97.573602,35.636533
31679,-97.573511,35.636557
31744,-97.573563,35.636687
31680,-97.573400,35.636596
31743,-97.573498,35.636708
31742,-97.573420,35.636753
31681,-97.573322,35.636641
31682,-97.573228,35.636703
31631,-97.574849,35.638089
31630,-97.574816,35.638089
31629,-97.574783,35.638089
31628,-97.574750,35.638089
31627,-97.574376,35.638088
31626,-97.574047,35.638082
31741,-97.573234,35.638069
31740,-97.573210,35.638069
31739,-97.572937,35.638074
31690,-97.572497,35.636048
31689,-97.572533,35.636188
31691,-97.572453,35.636068
31692,-97.572421,35.636074
31688,-97.572469,35.636206
31693,-97.572276,35.636109
31694,-97.572250,35.636111
31687,-97.572324,35.636241
31686,-97.572250,35.636249
31685,-97.572229,35.636329
31684,-97.572223,35.636526
31683,-97.572219,35.636658
31728,-97.572063,35.636260
31729,-97.572061,35.636325
31730,-97.572059,35.636391
31731,-97.572057,35.636457
31732,-97.572055,35.636522
31733,-97.572053,35.636588
31734,-97.572051,35.636654
31735,-97.572050,35.636719
31738,-97.572779,35.638078
31737,-97.572477,35.638069
31736,-97.572311,35.638030
28039,-97.604119,35.634642
28084,-97.604419,35.634776
28085,-97.604407,35.634757
28080,-97.604233,35.634783
28081,-97.604245,35.634802
28082,-97.604257,35.634821
28083,-97.604269,35.634840
28079,-97.604221,35.634765
28040,-97.604000,35.634697
28041,-97.603868,35.634746
28042,-97.603738,35.634792
28078,-97.603633,35.635005
28077,-97.603639,35.635058
28076,-97.603645,35.635116
28075,-97.603648,35.635170
28043,-97.603465,35.635019
28044,-97.603471,35.635072
28045,-97.603477,35.635122
28046,-97.603480,35.635176
28021,-97.605106,35.636299
28020,-97.605092,35.636331
28019,-97.605078,35.636364
28097,-97.604932,35.636287
28098,-97.604918,35.636320
28018,-97.604800,35.637122
28017,-97.604791,35.637156
28016,-97.604783,35.637190
28015,-97.604774,35.637224
28099,-97.604636,35.637094
28100,-97.604627,35.637128
28101,-97.604619,35.637162
28102,-97.604610,35.637196
28074,-97.603651,35.635224
28071,-97.603890,35.635931
28070,-97.603882,35.636069
28072,-97.603829,35.635931
28073,-97.603775,35.635933
28069,-97.603835,35.636069
28068,-97.603727,35.636073
28067,-97.603673,35.636075
28066,-97.603647,35.636168
28065,-97.603646,35.636206
28103,-97.604604,35.637240
28064,-97.603644,35.636243
28063,-97.603634,35.637025
28062,-97.603634,35.637060
28061,-97.603635,35.637097
28060,-97.603635,35.637135
28059,-97.603636,35.637172
28014,-97.604772,35.637248
28104,-97.604601,35.637275
28013,-97.603817,35.638089
28012,-97.603780,35.638089
28011,-97.603743,35.638089
28010,-97.603706,35.638089
28009,-97.603670,35.638089
28047,-97.603483,35.635230
28048,-97.603486,35.635284
28049,-97.603482,35.636090
28050,-97.603480,35.636127
28051,-97.603479,35.636164
28052,-97.603478,35.636202
28053,-97.603476,35.636239
28054,-97.603466,35.637023
28055,-97.603466,35.637062
28056,-97.603467,35.637099
28057,-97.603467,35.637137
28058,-97.603468,35.637174
28116,-97.602128,35.635595
28117,-97.602096,35.635624
28118,-97.602064,35.635654
28112,-97.602257,35.635909
28113,-97.602224,35.635876
28114,-97.602191,35.635843
28115,-97.602159,35.635774
28146,-97.602094,35.635962
28111,-97.602296,35.635983
28110,-97.602302,35.636025
28147,-97.602127,35.635995
28148,-97.602128,35.635997
28149,-97.602134,35.636039
28150,-97.602140,35.636082
28119,-97.602033,35.635684
28109,-97.602318,35.636882
28108,-97.602319,35.636924
28107,-97.602321,35.636967
28106,-97.602322,35.637010
28105,-97.602323,35.637052
28151,-97.602150,35.636886
28152,-97.602151,35.636928
28153,-97.602153,35.636971
28154,-97.602154,35.637014
28155,-97.602155,35.637056
28008,-97.602927,35.638089
28007,-97.602904,35.638089
28006,-97.602370,35.638081
28005,-97.602347,35.638081
28120,-97.601356,35.636281
28121,-97.601308,35.636311
28145,-97.601308,35.636650
28144,-97.601324,35.636705
28143,-97.601325,35.636727
28122,-97.601260,35.636340
28123,-97.601212,35.636370
28124,-97.601163,35.636400
28142,-97.601327,35.636750
28141,-97.601328,35.636773
28125,-97.600978,35.636508
28004,-97.601860,35.638079
28126,-97.600764,35.636626
28127,-97.600558,35.636749
28128,-97.600353,35.636873
28137,-97.600313,35.637239
28135,-97.600229,35.637172
28136,-97.600250,35.637198
28129,-97.600088,35.637035
28140,-97.600417,35.637279
28139,-97.600382,35.637266
28138,-97.600348,35.637252
28156,-97.600505,35.637946
28157,-97.600435,35.637948
28158,-97.600365,35.637950
28159,-97.600296,35.637952
28171,-97.600441,35.638086
28170,-97.600371,35.638088
28169,-97.600302,35.638090
28160,-97.600226,35.637954
28161,-97.600156,35.637956
28162,-97.600086,35.637958
28163,-97.600017,35.637960
28168,-97.600232,35.638092
28167,-97.600162,35.638094
28166,-97.600092,35.638096
28165,-97.600023,35.638098
28130,-97.599791,35.637365
28131,-97.599786,35.637389
28132,-97.599781,35.637412
28133,-97.599776,35.637436
28134,-97.599771,35.637459
28164,-97.599957,35.638102
27971,-97.606868,35.633406
28003,-97.606792,35.633555
27972,-97.606766,35.633419
27973,-97.606664,35.633432
28002,-97.606690,35.633568
27974,-97.606565,35.633444
28001,-97.606585,35.633580
28000,-97.606482,35.633590
27975,-97.606360,35.633464
27999,-97.606380,35.633600
27998,-97.606275,35.633609
27976,-97.606259,35.633473
27977,-97.606156,35.633481
27994,-97.606147,35.633823
27978,-97.606053,35.633488
27979,-97.605931,35.633515
27995,-97.606114,35.633787
27996,-97.606082,35.633750
27997,-97.606049,35.633714
27985,-97.606011,35.633905
27984,-97.605978,35.633869
27983,-97.605946,35.633832
27982,-97.605913,35.633796
27986,-97.606044,35.633941
27980,-97.605847,35.633715
27981,-97.605880,35.633760
28035,-97.604998,35.634175
28036,-97.604739,35.634160
28029,-97.605213,35.634425
28031,-97.605142,35.634342
28030,-97.605177,35.634384
28027,-97.605283,35.634509
28028,-97.605248,35.634467
28032,-97.605107,35.634301
28033,-97.605071,35.634259
28034,-97.605035,35.634215
28092,-97.605004,35.634420
28089,-97.604899,35.634297
28090,-97.604933,35.634337
28091,-97.604969,35.634379
28093,-97.605039,35.634462
28037,-97.604546,35.634323
28038,-97.604369,35.634492
28086,-97.604395,35.634738
28088,-97.604371,35.634701
28087,-97.604383,35.634719
28026,-97.605835,35.635405
28025,-97.605798,35.635429
28024,-97.605761,35.635454
28094,-97.605727,35.635299
28095,-97.605690,35.635323
28023,-97.605735,35.635471
28022,-97.605704,35.635501
28096,-97.605576,35.635413
27969,-97.608872,35.632968
27968,-97.608855,35.633093
27930,-97.607904,35.631634
27929,-97.607783,35.631649
27917,-97.607965,35.632310
27912,-97.608046,35.632438
27911,-97.607995,35.632446
27910,-97.607937,35.632451
27918,-97.607919,35.632315
27919,-97.607867,35.632320
27909,-97.607885,35.632456
27967,-97.608777,35.633232
27966,-97.608688,35.633350
27965,-97.608564,35.633482
27964,-97.608552,35.633496
27991,-97.608160,35.633895
27992,-97.607952,35.633863
27990,-97.608112,35.633930
27989,-97.608064,35.633965
27988,-97.607963,35.634038
27993,-97.607904,35.633898
27987,-97.607861,35.634102
27939,-97.607492,35.631543
27928,-97.607662,35.631664
27927,-97.607534,35.631679
27895,-97.606718,35.631582
27896,-97.606686,35.631633
27897,-97.606670,35.631658
27920,-97.607101,35.632361
27921,-97.607049,35.632358
27922,-97.606996,35.632355
27923,-97.606944,35.632352
27908,-97.607141,35.632502
27907,-97.607037,35.632496
27906,-97.606984,35.632493
27905,-97.606932,35.632490
27924,-97.606902,35.632349
27925,-97.606851,35.632340
27926,-97.606800,35.632332
27904,-97.606870,35.632483
27903,-97.606819,35.632474
27902,-97.606537,35.632446
27901,-97.606532,35.632460
27898,-97.606373,35.632412
27899,-97.606368,35.632426
27900,-97.606363,35.632441
27970,-97.606970,35.633393
27875,-97.608992,35.630436
27874,-97.608999,35.630465
27873,-97.609007,35.630495
27872,-97.609015,35.630525
32415,-97.608806,35.630288
32416,-97.608806,35.630288
32417,-97.608806,35.630288
32418,-97.608806,35.630288
32419,-97.608806,35.630288
32421,-97.608806,35.630288
27961,-97.608835,35.630493
27962,-97.608843,35.630523
27963,-97.608851,35.630553
32420,-97.608776,35.630424
32422,-97.608776,35.630424
32423,-97.608776,35.630424
27884,-97.607800,35.629467
27885,-97.607779,35.629466
27952,-97.607794,35.629605
27957,-97.607684,35.630039
27955,-97.608203,35.630154
27956,-97.608177,35.630148
27960,-97.608159,35.630286
27959,-97.608133,35.630280
27943,-97.607943,35.630968
27942,-97.607966,35.630980
27944,-97.607920,35.630957
27945,-97.607897,35.630946
27913,-97.609221,35.631411
27916,-97.609207,35.631331
27915,-97.609211,35.631357
27914,-97.609216,35.631384
27935,-97.608615,35.631473
27934,-97.608596,35.631478
27933,-97.608577,35.631483
27932,-97.608291,35.631560
27931,-97.608029,35.631614
27936,-97.607939,35.631489
27937,-97.607830,35.631504
27938,-97.607715,35.631518
27951,-97.607627,35.629626
27886,-97.607426,35.629712
27950,-97.607538,35.629914
27887,-97.607389,35.629832
27888,-97.607352,35.629953
27958,-97.607640,35.630171
27949,-97.607460,35.630148
27948,-97.607449,35.630175
27947,-97.607439,35.630203
27889,-97.607294,35.630122
27890,-97.607284,35.630150
27891,-97.607273,35.630178
27946,-97.607404,35.630797
27941,-97.607354,35.630929
27940,-97.607328,35.630922
27892,-97.607020,35.630858
27893,-97.607010,35.630881
27894,-97.607001,35.630905
32243,-97.607821,35.628123
27880,-97.608897,35.629560
27879,-97.608898,35.629589
27878,-97.608899,35.629619
27877,-97.608900,35.629649
27876,-97.608901,35.629678
27881,-97.608215,35.629432
27882,-97.608194,35.629436
27954,-97.608236,35.629570
27953,-97.608216,35.629574
27883,-97.608174,35.629440
32240,-97.606884,35.628054
32242,-97.606863,35.628193
32241,-97.606757,35.628201
32258,-97.608570,35.625563
32259,-97.608472,35.625816
32252,-97.607950,35.625033
32251,-97.607936,35.625056
32250,-97.607922,35.625079
32260,-97.608393,35.626078
32246,-97.608268,35.626366
32244,-97.608500,35.626524
32245,-97.608330,35.626567
32232,-97.607154,35.624631
32249,-97.607238,35.625771
32248,-97.606972,35.625795
32233,-97.606703,35.625882
32234,-97.606697,35.625908
32235,-97.606692,35.625934
32236,-97.606686,35.625973
32247,-97.606977,35.626454
32237,-97.606699,35.626649
32238,-97.606700,35.626675
32239,-97.607025,35.627390
32359,-97.610798,35.625654
32358,-97.610444,35.625650
32334,-97.609849,35.625629
32354,-97.610652,35.626315
32355,-97.610213,35.626308
32351,-97.610213,35.626446
32350,-97.610195,35.626444
32356,-97.609786,35.626271
32357,-97.609769,35.626270
32349,-97.609768,35.626407
32348,-97.609751,35.626406
32254,-97.609116,35.624703
32255,-97.609099,35.624720
32256,-97.609082,35.624738
32223,-97.608655,35.624121
32224,-97.608617,35.624121
32225,-97.608580,35.624121
32226,-97.608351,35.624216
32227,-97.608330,35.624239
32253,-97.608448,35.624343
32228,-97.608310,35.624263
32335,-97.609556,35.626398
32257,-97.608688,35.625312
32346,-97.609783,35.627095
32347,-97.609766,35.627096
32231,-97.607337,35.624254
32230,-97.607267,35.624377
32229,-97.607265,35.624382
32333,-97.611304,35.624986
32638,-97.611121,35.625520
32639,-97.611121,35.625520
32640,-97.611121,35.625520
32641,-97.611121,35.625520
32642,-97.611121,35.625520
32643,-97.611121,35.625520
32644,-97.611121,35.625520
32630,-97.611119,35.625658
32631,-97.611119,35.625658
32632,-97.611119,35.625658
32633,-97.611119,35.625658
32634,-97.611119,35.625658
32635,-97.611119,35.625658
32636,-97.611119,35.625658
32637,-97.611119,35.625658
32353,-97.610668,35.626453
32352,-97.610650,35.626453
32360,-97.611106,35.627262
32361,-97.611106,35.627306
32342,-97.610671,35.627118
32343,-97.610653,35.627119
32336,-97.610354,35.627921
32344,-97.610235,35.627106
32345,-97.610217,35.627105
32341,-97.610225,35.627244
32340,-97.610207,35.627243
32339,-97.609791,35.627233
32338,-97.609774,35.627234
32337,-97.609923,35.627874
32313,-97.610249,35.629688
32310,-97.610328,35.629764
32312,-97.610275,35.629713
32311,-97.610302,35.629739
32317,-97.610367,35.630013
32314,-97.610072,35.629522
32316,-97.609896,35.629358
32315,-97.609984,35.629440
32323,-97.610069,35.629829
32324,-97.609969,35.629710
32325,-97.609948,35.629731
32326,-97.609928,35.629752
32327,-97.609903,35.629811
32302,-97.611352,35.631103
32305,-97.610913,35.630326
32306,-97.610886,35.630301
32308,-97.610833,35.630250
32307,-97.610859,35.630275
32309,-97.610806,35.630224
32303,-97.610966,35.630377
32304,-97.610939,35.630352
32280,-97.611184,35.631101
32322,-97.610151,35.630357
32321,-97.610157,35.630383
32320,-97.610164,35.630409
32319,-97.610170,35.630435
32318,-97.610176,35.630461
32328,-97.609985,35.630383
32329,-97.609991,35.630409
32331,-97.610004,35.630461
32330,-97.609998,35.630435
32332,-97.610010,35.630487
32301,-97.611350,35.631176
32300,-97.611349,35.631249
32299,-97.611348,35.631323
32298,-97.611347,35.631396
32297,-97.611346,35.631469
32296,-97.611345,35.631543
32295,-97.611344,35.631616
32294,-97.611328,35.631767
32293,-97.611304,35.631986
32292,-97.611304,35.632053
32291,-97.611305,35.632126
32281,-97.611182,35.631174
32282,-97.611181,35.631247
32283,-97.611180,35.631321
32284,-97.611179,35.631394
32285,-97.611178,35.631467
32286,-97.611177,35.631541
32287,-97.611176,35.631614
32288,-97.611160,35.631755
32289,-97.611152,35.631828
32290,-97.611144,35.631901
32279,-97.610337,35.631161
32278,-97.610346,35.631216
32277,-97.610356,35.631271
32276,-97.610366,35.631326
32275,-97.610376,35.631381
32274,-97.610386,35.631436
32272,-97.610406,35.631546
32273,-97.610396,35.631491
32271,-97.610414,35.631612
32270,-97.610414,35.631667
32269,-97.610414,35.631723
32261,-97.610171,35.631181
32262,-97.610180,35.631236
32263,-97.610190,35.631291
32264,-97.610200,35.631346
32265,-97.610210,35.631401
32266,-97.610220,35.631456
32267,-97.610230,35.631511
32268,-97.610240,35.631566
27791,-97.610231,35.633142
27793,-97.610210,35.633132
27792,-97.610220,35.633137
27785,-97.611403,35.633813
27784,-97.611402,35.633853
27783,-97.611402,35.633894
27782,-97.611401,35.633934
27781,-97.611401,35.633975
27780,-97.611400,35.634016
27779,-97.611400,35.634056
27786,-97.611003,35.633514
27811,-97.611235,35.633811
27812,-97.611234,35.633851
27813,-97.611234,35.633892
27814,-97.611233,35.633932
27815,-97.611233,35.633973
27778,-97.611394,35.634972
27777,-97.611394,35.635024
27776,-97.611394,35.635077
27775,-97.611394,35.635130
27774,-97.611394,35.635183
27816,-97.611226,35.634972
27817,-97.611226,35.635024
27818,-97.611226,35.635077
27819,-97.611226,35.635130
27820,-97.611226,35.635183
27788,-97.610741,35.633388
27787,-97.610752,35.633393
27810,-97.610655,35.633506
27789,-97.610486,35.633264
27790,-97.610476,35.633259
27809,-97.610400,35.633382
27808,-97.610390,35.633377
27807,-97.610113,35.633253
27806,-97.610082,35.633306
27805,-97.610051,35.633360
27804,-97.610020,35.633413
27803,-97.609989,35.633467
27794,-97.609961,35.633195
27795,-97.609930,35.633248
27796,-97.609899,35.633302
27797,-97.609868,35.633355
27802,-97.609956,35.633523
27798,-97.609837,35.633409
27799,-97.609808,35.633459
27800,-97.609774,35.633511
27801,-97.609740,35.633563
27833,-97.610455,35.634302
27832,-97.610450,35.634323
27831,-97.610446,35.634344
27830,-97.610442,35.634365
27834,-97.610289,35.634280
27835,-97.610284,35.634301
27836,-97.610280,35.634322
27837,-97.610276,35.634343
27829,-97.610413,35.634983
27828,-97.610412,35.635034
27827,-97.610411,35.635086
27826,-97.610411,35.635138
27825,-97.610410,35.635189
27838,-97.610245,35.634981
27839,-97.610244,35.635032
27840,-97.610243,35.635084
27841,-97.610243,35.635136
27871,-97.609643,35.634784
27870,-97.609625,35.634921
27869,-97.609601,35.634916
27867,-97.609056,35.634616
27868,-97.609074,35.634629
27741,-97.608908,35.634511
27742,-97.608600,35.634723
27743,-97.608282,35.634916
27851,-97.608385,35.635070
27852,-97.608373,35.635054
27853,-97.608231,35.635126
27854,-97.608243,35.635142
27855,-97.608256,35.635159
27744,-97.608105,35.635012
27745,-97.608079,35.635026
27746,-97.608052,35.635040
27747,-97.608026,35.635054
27748,-97.607999,35.635068
27749,-97.607973,35.635082
27773,-97.611394,35.635236
27772,-97.611394,35.635289
27771,-97.611394,35.635342
27821,-97.611226,35.635236
27822,-97.611226,35.635289
27824,-97.610410,35.635241
27823,-97.610409,35.635293
27842,-97.610242,35.635239
27843,-97.610241,35.635291
27848,-97.609469,35.635694
27847,-97.609468,35.635719
27846,-97.609466,35.635744
27845,-97.609464,35.635769
27844,-97.609464,35.635790
27850,-97.608771,35.635353
27849,-97.608793,35.635361
27858,-97.608749,35.635494
27857,-97.608727,35.635487
27856,-97.608705,35.635479
27672,-97.611414,35.637242
27770,-97.610565,35.636399
27769,-97.610534,35.636399
27768,-97.610502,35.636399
27767,-97.610471,35.636399
27766,-97.610440,35.636399
27673,-97.610459,35.637091
27674,-97.610417,35.637091
27675,-97.610376,35.637091
27676,-97.610334,35.637091
27677,-97.610293,35.637091
27678,-97.610251,35.637091
27708,-97.610334,35.637229
27707,-97.610293,35.637229
27706,-97.610251,35.637229
27679,-97.610209,35.637091
27705,-97.610209,35.637229
27671,-97.611414,35.637269
27670,-97.611414,35.637297
27669,-97.611414,35.637325
27668,-97.611414,35.637353
27667,-97.611414,35.637381
27666,-97.611414,35.637409
27709,-97.610544,35.637936
27710,-97.610512,35.637935
27665,-97.610605,35.638074
27664,-97.610574,35.638074
27663,-97.610542,35.638074
27662,-97.610510,35.638073
27711,-97.610480,35.637935
27712,-97.610448,35.637935
27661,-97.610478,35.638073
27660,-97.610446,35.638073
27713,-97.609778,35.637931
27714,-97.609746,35.637931
27659,-97.609744,35.638069
27765,-97.609581,35.636399
27764,-97.609551,35.636399
27763,-97.609520,35.636399
27762,-97.609490,35.636399
27680,-97.609336,35.637091
27681,-97.609294,35.637091
27682,-97.609253,35.637091
27704,-97.609336,35.637229
27703,-97.609294,35.637229
27702,-97.609253,35.637229
27683,-97.609211,35.637091
27684,-97.609169,35.637091
27701,-97.609211,35.637229
27700,-97.609169,35.637229
27859,-97.608424,35.636180
27861,-97.608344,35.636147
27860,-97.608384,35.636164
27862,-97.608304,35.636130
27863,-97.608264,35.636114
27761,-97.608444,35.636335
27760,-97.608388,35.636319
27759,-97.608348,35.636302
27758,-97.608308,35.636286
27757,-97.608268,35.636269
27756,-97.608228,35.636252
27685,-97.608421,35.637091
27686,-97.608379,35.637091
27687,-97.608337,35.637091
27699,-97.608421,35.637229
27698,-97.608379,35.637229
27697,-97.608337,35.637229
27688,-97.608296,35.637091
27689,-97.608254,35.637091
27690,-97.608213,35.637091
27696,-97.608296,35.637229
27695,-97.608254,35.637229
27694,-97.608213,35.637229
27755,-97.608188,35.636236
27691,-97.608171,35.637091
27692,-97.608130,35.637091
27693,-97.608171,35.637229
27724,-97.607945,35.637241
27715,-97.609714,35.637931
27716,-97.609651,35.637931
27658,-97.609712,35.638069
27657,-97.609680,35.638069
27656,-97.609649,35.638069
27717,-97.608498,35.637944
27740,-97.608500,35.638082
27718,-97.608444,35.637944
27719,-97.608390,35.637945
27720,-97.608335,35.637946
27721,-97.608281,35.637946
27722,-97.608227,35.637947
27739,-97.608446,35.638082
27738,-97.608392,35.638083
27737,-97.608337,35.638084
27736,-97.608283,35.638084
27735,-97.608229,35.638085
27725,-97.607944,35.637269
27726,-97.607944,35.637297
27727,-97.607943,35.637326
27728,-97.607943,35.637354
27729,-97.607943,35.637382
27730,-97.607942,35.637411
27731,-97.607942,35.637439
27732,-97.607942,35.637467
27723,-97.608173,35.637948
27734,-97.608175,35.638086
27733,-97.608121,35.638087
27866,-97.607586,35.635516
27865,-97.607578,35.635515
27864,-97.607599,35.635547
27751,-97.607430,35.635579
27754,-97.607494,35.635676
27753,-97.607473,35.635644
27752,-97.607451,35.635611
27750,-97.607418,35.635508
27550,-97.620152,35.633731
27551,-97.619936,35.633734
27552,-97.619898,35.633735
27553,-97.619861,35.633736
27554,-97.619061,35.633703
27613,-97.619039,35.633839
27614,-97.619951,35.634484
27615,-97.619947,35.634508
27616,-97.619944,35.634532
27617,-97.619941,35.634556
27618,-97.619937,35.634581
27619,-97.619934,35.634608
27620,-97.619909,35.635100
27621,-97.619909,35.635124
27622,-97.619908,35.635148
27623,-97.619907,35.635173
27612,-97.619050,35.634700
27611,-97.619051,35.634733
27610,-97.619052,35.634766
27609,-97.619052,35.634799
27608,-97.619053,35.634832
27607,-97.619053,35.634868
27555,-97.618734,35.633680
27556,-97.618400,35.633680
27557,-97.618011,35.633713
27588,-97.618029,35.633849
27587,-97.618006,35.633905
27586,-97.618007,35.633940
27585,-97.618008,35.633974
27584,-97.618009,35.634009
27583,-97.618010,35.634044
27589,-97.618881,35.634669
27590,-97.618882,35.634702
27591,-97.618883,35.634735
27592,-97.618884,35.634768
27593,-97.618884,35.634801
27594,-97.618885,35.634834
27578,-97.617838,35.633873
27579,-97.617838,35.633907
27580,-97.617839,35.633942
27581,-97.617840,35.633976
27582,-97.617841,35.634011
27558,-97.617518,35.633704
27559,-97.617504,35.633704
27577,-97.617496,35.633842
27576,-97.617284,35.633860
27560,-97.617271,35.633722
27561,-97.617247,35.633726
27572,-97.616949,35.635164
27575,-97.616772,35.634075
27574,-97.616832,35.634174
27563,-97.616596,35.634095
27564,-97.616622,35.634137
27562,-97.616570,35.634054
27573,-97.616845,35.634220
27565,-97.616668,35.634206
27566,-97.616781,35.635176
27606,-97.619046,35.635641
27605,-97.619046,35.635667
27604,-97.619047,35.635693
27602,-97.618878,35.635669
27603,-97.618879,35.635695
27595,-97.618097,35.635511
27596,-97.618060,35.635508
27597,-97.617985,35.635502
27598,-97.617948,35.635500
27601,-97.618044,35.635644
27600,-97.618006,35.635641
27599,-97.617932,35.635636
27571,-97.616954,35.635215
27570,-97.616956,35.635262
27567,-97.616786,35.635219
27568,-97.616790,35.635313
27569,-97.616791,35.635360
27655,-97.619113,35.636440
27654,-97.619078,35.636440
27653,-97.617977,35.636459
27652,-97.617932,35.636459
27624,-97.617888,35.636321
27625,-97.617844,35.636321
27651,-97.617888,35.636459
27650,-97.617844,35.636459
27649,-97.617800,35.636459
27646,-97.617864,35.637146
27647,-97.617824,35.637145
27648,-97.617784,35.637144
27626,-97.617280,35.636323
27627,-97.617265,35.636323
27629,-97.617269,35.636461
27628,-97.617240,35.636461
27630,-97.616947,35.637147
27631,-97.616916,35.637146
27632,-97.616854,35.637144
27645,-97.617896,35.637286
27644,-97.617856,35.637284
27643,-97.617816,35.637283
27642,-97.617776,35.637282
27634,-97.616879,35.637283
27633,-97.616817,35.637282
27641,-97.617764,35.637937
27640,-97.617860,35.638087
27639,-97.617820,35.638087
27635,-97.616600,35.637925
27636,-97.616556,35.637924
27638,-97.616638,35.638065
27637,-97.616594,35.638063
27549,-97.616520,35.638599
32591,-97.625660,35.628214
32568,-97.624804,35.627627
32587,-97.624636,35.627627
32588,-97.624636,35.627685
32589,-97.624632,35.627732
32590,-97.624620,35.627790
32569,-97.624231,35.627325
32586,-97.624236,35.627463
32585,-97.624223,35.627463
32570,-97.624189,35.627330
32571,-97.624139,35.627343
32567,-97.624466,35.629027
32566,-97.624465,35.629041
32565,-97.624359,35.629345
32564,-97.624207,35.629287
32654,-97.621912,35.626941
32655,-97.621866,35.626932
32656,-97.621820,35.626924
32657,-97.621774,35.626915
32658,-97.621737,35.626906
32659,-97.621692,35.626894
32660,-97.621647,35.626882
32661,-97.621602,35.626870
32674,-97.621390,35.626988
32572,-97.623888,35.627482
32584,-97.623998,35.627586
32583,-97.623943,35.627624
32573,-97.623833,35.627520
32574,-97.623779,35.627559
32575,-97.623725,35.627597
32582,-97.623786,35.627740
32576,-97.623670,35.627640
32577,-97.623618,35.627680
32578,-97.623566,35.627721
32581,-97.623734,35.627780
32580,-97.623682,35.627821
32579,-97.623514,35.627762
32563,-97.623552,35.628960
32601,-97.622920,35.627237
32600,-97.622917,35.627239
32599,-97.622915,35.627241
32598,-97.622912,35.627243
32597,-97.622910,35.627245
32596,-97.622907,35.627247
32611,-97.622707,35.627196
32612,-97.622707,35.627196
32613,-97.622707,35.627196
32614,-97.622707,35.627196
32615,-97.622707,35.627196
32616,-97.622707,35.627196
32617,-97.622707,35.627196
32618,-97.622707,35.627196
32595,-97.622726,35.627406
32602,-97.622599,35.627300
32603,-97.622599,35.627300
32604,-97.622599,35.627300
32605,-97.622599,35.627300
32606,-97.622599,35.627300
32607,-97.622599,35.627300
32608,-97.622599,35.627300
32609,-97.622599,35.627300
32610,-97.622599,35.627300
32666,-97.622600,35.627316
32594,-97.622567,35.627576
32667,-97.622527,35.627384
32593,-97.622511,35.627748
32592,-97.622505,35.627965
32562,-97.622516,35.628960
32561,-97.622516,35.628988
32543,-97.622348,35.628964
32544,-97.622348,35.628992
32545,-97.622349,35.629020
32559,-97.622348,35.629671
32560,-97.622348,35.629671
32553,-97.622350,35.629809
32554,-97.622350,35.629809
32555,-97.622350,35.629809
32556,-97.622350,35.629809
32557,-97.622350,35.629809
32558,-97.622350,35.629809
32665,-97.621828,35.627066
32664,-97.621782,35.627058
32663,-97.621736,35.627049
32662,-97.621555,35.627031
32673,-97.621554,35.627063
32672,-97.621554,35.627134
32670,-97.621852,35.627997
32671,-97.621737,35.627816
32680,-97.621570,35.627851
32681,-97.621589,35.627880
32679,-97.621552,35.627823
32678,-97.621533,35.627795
32675,-97.621386,35.627055
32676,-97.621386,35.627087
32677,-97.621386,35.627118
32669,-97.621896,35.628069
32668,-97.622015,35.628202
32682,-97.621930,35.628322
32687,-97.621707,35.628401
32686,-97.621699,35.628404
32685,-97.621692,35.628407
32684,-97.621684,35.628410
32683,-97.621677,35.628414
32548,-97.621524,35.629532
32547,-97.621524,35.629537
32546,-97.621524,35.629543
32549,-97.621356,35.629532
32550,-97.621356,35.629537
32551,-97.621356,35.629543
32552,-97.621356,35.629548
32542,-97.620864,35.630673
32541,-97.620864,35.630807
32363,-97.620696,35.631873
32475,-97.630346,35.633052
32498,-97.626097,35.635142
32437,-97.623559,35.634284
32438,-97.623559,35.634284
32439,-97.623559,35.634284
32440,-97.623559,35.634284
32518,-97.623583,35.634575
32519,-97.623676,35.634696
32451,-97.623417,35.634356
32505,-97.622828,35.633877
32506,-97.622787,35.633866
32507,-97.622731,35.633851
32508,-97.622688,35.633846
32509,-97.622645,35.633840
32517,-97.622731,35.633996
32516,-97.622662,35.633982
32515,-97.622619,35.633976
32514,-97.622577,35.633971
32441,-97.622770,35.634754
32442,-97.622770,35.634754
32449,-97.622770,35.634754
32450,-97.622770,35.634754
32443,-97.622660,35.634858
32444,-97.622660,35.634858
32445,-97.622660,35.634858
32446,-97.622660,35.634858
32447,-97.622660,35.634858
32448,-97.622660,35.634858
32524,-97.622774,35.634987
32510,-97.621636,35.633824
32511,-97.621550,35.633826
32513,-97.621686,35.633961
32512,-97.621642,35.633962
32533,-97.621495,35.634006
32532,-97.621495,35.634032
32531,-97.621495,35.634057
32523,-97.621622,35.634753
32522,-97.621597,35.634753
32530,-97.621507,35.634770
32529,-97.621508,35.634794
32497,-97.626262,35.635449
32496,-97.626264,35.635452
32495,-97.626267,35.635456
32492,-97.626114,35.635515
32493,-97.626116,35.635518
32494,-97.626119,35.635522
32499,-97.625292,35.635546
32500,-97.625251,35.635548
32501,-97.625170,35.635550
32502,-97.625134,35.635550
32503,-97.625093,35.635550
32491,-97.625176,35.635688
32490,-97.625132,35.635688
32489,-97.625091,35.635688
32504,-97.624201,35.635541
32488,-97.624239,35.635679
32487,-97.624199,35.635679
32478,-97.625511,35.638467
32479,-97.625088,35.638467
32486,-97.623946,35.635679
32485,-97.623913,35.635679
32520,-97.623261,35.635541
32521,-97.623228,35.635541
32484,-97.623228,35.635679
32525,-97.622978,35.635542
32526,-97.622926,35.635542
32483,-97.622878,35.635681
32527,-97.621872,35.635395
32482,-97.621784,35.635513
32528,-97.621588,35.635407
32481,-97.621704,35.635505
32480,-97.620836,35.637547
32474,-97.630583,35.632901
32473,-97.630514,35.633129
32461,-97.631764,35.633884
32460,-97.631764,35.635044
32459,-97.631764,35.635086
32458,-97.631764,35.635129
32467,-97.631596,35.635001
32466,-97.631596,35.635044
32465,-97.631596,35.635086
32464,-97.631596,35.635129
32472,-97.630517,35.634023
32471,-97.630517,35.634101
32470,-97.630517,35.634178
32469,-97.630520,35.634994
32468,-97.630520,35.635072
32476,-97.630356,35.636113
32457,-97.630525,35.636253
32453,-97.631920,35.637421
32454,-97.631908,35.637440
32455,-97.630726,35.637874
32456,-97.630706,35.637874
32477,-97.630374,35.638021
32368,-97.628086,35.638609
32367,-97.627606,35.638609
32366,-97.627549,35.638609
32365,-97.626500,35.638607
32364,-97.626472,35.638606
32452,-97.638468,35.635364
32370,-97.638402,35.638609
32369,-97.636637,35.638609
32434,-97.638652,35.628617
32410,-97.652147,35.631581
32411,-97.652147,35.631581
32412,-97.652147,35.631581
32413,-97.651926,35.631794
32371,-97.651128,35.638609
32414,-97.649202,35.638471
32372,-97.652786,35.638609
32381,-97.662270,35.632159
32382,-97.660970,35.631359
32378,-97.660861,35.631495
32379,-97.660756,35.631493
32377,-97.659708,35.631471
32380,-97.659709,35.632260
32383,-97.658393,35.631307
32376,-97.658389,35.631445
32384,-97.658293,35.631305
32375,-97.658289,35.631443
32385,-97.657350,35.631287
32386,-97.657300,35.631286
32387,-97.657250,35.631285
32388,-97.657201,35.631284
32389,-97.657151,35.631283
32374,-97.657097,35.631420
32373,-97.657048,35.631420
32407,-97.656206,35.623782
32408,-97.656206,35.624064
32409,-97.656210,35.627319
32362,-97.620705,35.623722
