41738,-97.456214,35.639582
41737,-97.456214,35.639587
41736,-97.456214,35.639592
41735,-97.456214,35.639597
41734,-97.456214,35.639602
41733,-97.456216,35.639770
41732,-97.456216,35.639784
41731,-97.456216,35.639798
41730,-97.456217,35.639812
41744,-97.455904,35.638651
41745,-97.455899,35.638651
41746,-97.455893,35.638651
41747,-97.455887,35.638651
41748,-97.455882,35.638651
41749,-97.455904,35.638789
41750,-97.455899,35.638789
41751,-97.455893,35.638789
41752,-97.455887,35.638789
41753,-97.455882,35.638789
41754,-97.455986,35.639265
41755,-97.455978,35.639265
41756,-97.455971,35.639264
41757,-97.455963,35.639264
41758,-97.455955,35.639264
41739,-97.455978,35.639621
41740,-97.455970,35.639621
41741,-97.455962,35.639621
41742,-97.455953,35.639621
41743,-97.455945,35.639621
41722,-97.455978,35.639759
41723,-97.455970,35.639759
41724,-97.455962,35.639759
41725,-97.455953,35.639759
41726,-97.455945,35.639759
41727,-97.455937,35.639759
41728,-97.455928,35.639759
41729,-97.455920,35.639759
41711,-97.455377,35.639361
41712,-97.455376,35.639363
41713,-97.455375,35.639366
41714,-97.455374,35.639368
41715,-97.455373,35.639371
41716,-97.455371,35.639376
41717,-97.455370,35.639379
41718,-97.455366,35.639402
41719,-97.455366,35.639496
41720,-97.455366,35.639498
41721,-97.455366,35.639501
41594,-97.451241,35.639025
41595,-97.451073,35.639027
41593,-97.451242,35.639059
41592,-97.451242,35.639092
41591,-97.451243,35.639126
41590,-97.451236,35.639177
41596,-97.451074,35.639061
41597,-97.451074,35.639094
41601,-97.450261,35.639200
41600,-97.450261,35.639215
41599,-97.450261,35.639230
41598,-97.450262,35.639246
41602,-97.450093,35.639202
41603,-97.450093,35.639217
41604,-97.450093,35.639232
41605,-97.450094,35.639248
41589,-97.451031,35.639328
41507,-97.451155,35.640993
41506,-97.451155,35.641015
41505,-97.451155,35.641036
41504,-97.451155,35.641058
41588,-97.451001,35.639327
41587,-97.450971,35.639326
41586,-97.450941,35.639325
41585,-97.450309,35.639379
41584,-97.450101,35.639416
41583,-97.450059,35.639424
41582,-97.450018,35.639432
41508,-97.450987,35.640991
41509,-97.450987,35.641013
41510,-97.450987,35.641034
41511,-97.450987,35.641056
41541,-97.450938,35.641209
41540,-97.450907,35.641209
41515,-97.450178,35.640992
41514,-97.450179,35.641013
41513,-97.450180,35.641034
41512,-97.450181,35.641056
41516,-97.450011,35.641017
41517,-97.450012,35.641038
41518,-97.450013,35.641060
41539,-97.450200,35.641209
41503,-97.451226,35.641759
41502,-97.451226,35.641788
41501,-97.451225,35.641816
41500,-97.451225,35.641844
41542,-97.451057,35.641799
41499,-97.451224,35.642022
41498,-97.451224,35.642046
41543,-97.451039,35.641871
41544,-97.451029,35.641871
41545,-97.451019,35.641871
41548,-97.451039,35.642009
41547,-97.451029,35.642009
41546,-97.451019,35.642009
41497,-97.451224,35.642598
41496,-97.451224,35.642647
41549,-97.451040,35.642660
41495,-97.451038,35.642798
41550,-97.451004,35.642659
41551,-97.450969,35.642659
41494,-97.451002,35.642797
41493,-97.450967,35.642797
41552,-97.450158,35.642654
41553,-97.450122,35.642654
41492,-97.450156,35.642792
41491,-97.450120,35.642792
41554,-97.450087,35.642654
41555,-97.450052,35.642654
41556,-97.450016,35.642654
41490,-97.450085,35.642792
41489,-97.450050,35.642792
41488,-97.450014,35.642792
41606,-97.449981,35.639297
41581,-97.449976,35.639440
41610,-97.449096,35.639409
41609,-97.449095,35.639432
41608,-97.449095,35.639455
41607,-97.449095,35.639479
41538,-97.449844,35.641209
41519,-97.449503,35.641071
41520,-97.449183,35.641068
41611,-97.448928,35.639383
41612,-97.448928,35.639407
41613,-97.448927,35.639430
41614,-97.448927,35.639453
41615,-97.448927,35.639477
41580,-97.448918,35.639637
41579,-97.448757,35.639650
41682,-97.448317,35.639657
41681,-97.448296,35.639656
41521,-97.448558,35.641032
41522,-97.448529,35.641028
41523,-97.448500,35.641024
41527,-97.448499,35.641164
41526,-97.448470,35.641160
41525,-97.448428,35.641150
41524,-97.448401,35.641142
41533,-97.449643,35.641815
41534,-97.449616,35.641794
41537,-97.449518,35.641720
41535,-97.449589,35.641774
41536,-97.449562,35.641754
41532,-97.449529,35.641915
41530,-97.449475,35.641874
41531,-97.449502,35.641894
41529,-97.449448,35.641854
41528,-97.449421,35.641834
41557,-97.449981,35.642653
41558,-97.449260,35.642676
41487,-97.449294,35.642810
41486,-97.449259,35.642816
41572,-97.448451,35.641967
41577,-97.448238,35.641854
41578,-97.448196,35.641832
41573,-97.448408,35.641944
41575,-97.448323,35.641899
41574,-97.448366,35.641922
41571,-97.448359,35.642083
41576,-97.448281,35.641877
41569,-97.448274,35.642038
41570,-97.448316,35.642060
41568,-97.448231,35.642015
41566,-97.448146,35.641970
41565,-97.448104,35.641948
41567,-97.448189,35.641993
41619,-97.447861,35.639428
41618,-97.447861,35.639450
41617,-97.447861,35.639473
41616,-97.447862,35.639496
41620,-97.447692,35.639407
41621,-97.447693,35.639430
41622,-97.447693,35.639452
41623,-97.447693,35.639475
41624,-97.447694,35.639498
41680,-97.447681,35.639650
41679,-97.447644,35.639650
41678,-97.447608,35.639651
41677,-97.447572,35.639652
41684,-97.447498,35.641013
41683,-97.447514,35.641024
41685,-97.447482,35.641003
41686,-97.447467,35.640992
41694,-97.447392,35.641119
41693,-97.447376,35.641109
41692,-97.447041,35.641042
41687,-97.446971,35.640916
41688,-97.446952,35.640923
41689,-97.446934,35.640930
41691,-97.447022,35.641049
41690,-97.447004,35.641056
41628,-97.446775,35.639446
41627,-97.446775,35.639470
41626,-97.446775,35.639494
41625,-97.446775,35.639518
41629,-97.446608,35.639420
41630,-97.446607,35.639444
41631,-97.446607,35.639468
41632,-97.446607,35.639492
41633,-97.446607,35.639516
41676,-97.446587,35.639667
41675,-97.446332,35.639659
41564,-97.447316,35.641532
41695,-97.446797,35.641982
41696,-97.446791,35.641980
41697,-97.446785,35.641979
41698,-97.446779,35.641978
41637,-97.445694,35.639348
41636,-97.445694,35.639368
41635,-97.445694,35.639387
41634,-97.445694,35.639407
41674,-97.445815,35.639594
41638,-97.445526,35.639348
41639,-97.445526,35.639368
41640,-97.445526,35.639387
41641,-97.445526,35.639407
41673,-97.445504,35.639550
41559,-97.448468,35.643053
41429,-97.448509,35.643326
41561,-97.447981,35.642660
41562,-97.447946,35.642642
41560,-97.448440,35.643027
41427,-97.448312,35.643117
41428,-97.448340,35.643143
41422,-97.447042,35.642338
41563,-97.447910,35.642624
41424,-97.447822,35.642740
41426,-97.447893,35.642776
41425,-97.447858,35.642758
41423,-97.447787,35.642723
41418,-97.447329,35.643309
41417,-97.447299,35.643321
41419,-97.447251,35.643187
41420,-97.447221,35.643199
41421,-97.447192,35.643211
41416,-97.447270,35.643333
41415,-97.447241,35.643346
41701,-97.446757,35.642116
41700,-97.446751,35.642114
41699,-97.446745,35.642113
41373,-97.446190,35.643285
41374,-97.446198,35.643296
41454,-97.451053,35.643446
41453,-97.451209,35.644171
41452,-97.451209,35.644198
41451,-97.451209,35.644226
41450,-97.451208,35.644253
41449,-97.451208,35.644280
41448,-97.451208,35.644307
41469,-97.451041,35.644226
41470,-97.451040,35.644253
41471,-97.451040,35.644280
41472,-97.451040,35.644307
41447,-97.451204,35.644906
41473,-97.451036,35.644906
41446,-97.451204,35.644933
41445,-97.451204,35.644960
41444,-97.451202,35.644994
41443,-97.451012,35.645159
41455,-97.450999,35.643441
41456,-97.450958,35.643441
41457,-97.450917,35.643441
41468,-97.450958,35.643579
41467,-97.450917,35.643579
41458,-97.450014,35.643441
41466,-97.450014,35.643579
41481,-97.450159,35.644231
41482,-97.450137,35.644231
41483,-97.450116,35.644231
41480,-97.450159,35.644369
41479,-97.450137,35.644369
41478,-97.450116,35.644369
41484,-97.450095,35.644231
41474,-97.450987,35.645020
41475,-97.450961,35.645020
41476,-97.450934,35.645019
41442,-97.450985,35.645158
41441,-97.450959,35.645158
41440,-97.450932,35.645157
41477,-97.450354,35.645012
41439,-97.450352,35.645150
41438,-97.450326,35.645149
41437,-97.450299,35.645149
41214,-97.451072,35.645989
41213,-97.451180,35.646565
41212,-97.451177,35.646632
41267,-97.451012,35.646561
41268,-97.451009,35.646628
41215,-97.451006,35.645938
41216,-97.450470,35.645861
41217,-97.450421,35.645861
41218,-97.450372,35.645861
41269,-97.451007,35.646694
41270,-97.451004,35.646761
41459,-97.449973,35.643441
41460,-97.449932,35.643441
41461,-97.449891,35.643441
41465,-97.449973,35.643579
41464,-97.449932,35.643579
41463,-97.449891,35.643579
41462,-97.449850,35.643441
41432,-97.448991,35.643886
41434,-97.449311,35.644250
41433,-97.449151,35.644068
41436,-97.449675,35.644694
41393,-97.449642,35.644902
41435,-97.449472,35.644433
41485,-97.448855,35.643491
41431,-97.448821,35.643690
41430,-97.448613,35.643447
41394,-97.448581,35.645023
41392,-97.448577,35.645161
41395,-97.448531,35.645022
41396,-97.448460,35.644997
41391,-97.448527,35.645160
41390,-97.448478,35.645160
41397,-97.448292,35.644991
41398,-97.448292,35.644999
41399,-97.448228,35.645021
41389,-97.448264,35.645159
41388,-97.448230,35.645159
41266,-97.449854,35.646399
41252,-97.449686,35.646399
41265,-97.449854,35.646473
41264,-97.449854,35.646546
41263,-97.449840,35.646629
41262,-97.449827,35.646702
41261,-97.449813,35.646775
41260,-97.449777,35.646859
41259,-97.449744,35.646929
41253,-97.449686,35.646473
41254,-97.449686,35.646546
41255,-97.449674,35.646609
41256,-97.449661,35.646682
41257,-97.449621,35.646809
41258,-97.449588,35.646879
41219,-97.448503,35.645848
41220,-97.448449,35.645847
41221,-97.448396,35.645847
41222,-97.448342,35.645846
41251,-97.448708,35.646623
41250,-97.448708,35.646736
41249,-97.448707,35.646849
41248,-97.448706,35.646963
41238,-97.448540,35.646623
41239,-97.448540,35.646736
41240,-97.448539,35.646849
41241,-97.448538,35.646963
41247,-97.448706,35.647076
41246,-97.448705,35.647189
41242,-97.448538,35.647076
41243,-97.448537,35.647189
41409,-97.447896,35.644063
41408,-97.447854,35.644087
41407,-97.447812,35.644111
41410,-97.447798,35.643951
41411,-97.447756,35.643975
41412,-97.447714,35.643999
41406,-97.447770,35.644135
41405,-97.447728,35.644159
41404,-97.447686,35.644183
41413,-97.447672,35.644023
41414,-97.447630,35.644047
41400,-97.447526,35.645025
41401,-97.447493,35.645026
41402,-97.447459,35.645026
41403,-97.447426,35.645026
41387,-97.447528,35.645163
41386,-97.447495,35.645164
41385,-97.447428,35.645164
41384,-97.447394,35.645164
41383,-97.447361,35.645164
41376,-97.446497,35.643794
41377,-97.446506,35.643987
41378,-97.446506,35.644208
41375,-97.446368,35.643551
41379,-97.446521,35.644921
41380,-97.446521,35.644946
41381,-97.446522,35.644972
41382,-97.446523,35.644998
41237,-97.447703,35.646643
41236,-97.447728,35.646757
41235,-97.447732,35.646886
41223,-97.447527,35.646539
41224,-97.447537,35.646667
41225,-97.447562,35.646781
41226,-97.447564,35.646884
41234,-97.447730,35.647002
41227,-97.447562,35.647000
48028,-97.446329,35.645831
48029,-97.446322,35.645831
48030,-97.445969,35.645830
48031,-97.445941,35.645829
48032,-97.445913,35.645829
48027,-97.446329,35.645969
48026,-97.446322,35.645969
48050,-97.445969,35.645968
48049,-97.445941,35.645967
48048,-97.445913,35.645967
48047,-97.445899,35.645967
41333,-97.445493,35.643610
41334,-97.445478,35.643586
41332,-97.445715,35.644165
41331,-97.445715,35.644192
41330,-97.445715,35.644218
41329,-97.445716,35.644245
41328,-97.445716,35.644272
41337,-97.445547,35.644167
41338,-97.445547,35.644194
41339,-97.445547,35.644220
41340,-97.445548,35.644247
41341,-97.445548,35.644274
41336,-97.445343,35.643672
41335,-97.445328,35.643648
41327,-97.445723,35.644807
41326,-97.445720,35.644848
41325,-97.445713,35.644875
41324,-97.445706,35.644901
41342,-97.445555,35.644809
41343,-97.445556,35.644820
41344,-97.445549,35.644847
48033,-97.445885,35.645829
48046,-97.445871,35.645967
41702,-97.445136,35.642864
41703,-97.445075,35.642866
41704,-97.445015,35.642868
41705,-97.444955,35.642870
41706,-97.444894,35.642872
41211,-97.451175,35.646698
41210,-97.451172,35.646765
41209,-97.451169,35.646832
41208,-97.451166,35.646899
41207,-97.451154,35.646984
41206,-97.451129,35.647048
41271,-97.451001,35.646828
41272,-97.450998,35.646895
41273,-97.450994,35.646942
41274,-97.450969,35.647006
41245,-97.448704,35.647302
41244,-97.448536,35.647302
41205,-97.451083,35.647657
41204,-97.451080,35.648089
41276,-97.450900,35.647840
41289,-97.450898,35.647978
41277,-97.450853,35.647839
41278,-97.450759,35.647838
41288,-97.450851,35.647977
41287,-97.450804,35.647977
41286,-97.450757,35.647976
41279,-97.450314,35.647835
41280,-97.450267,35.647835
41297,-97.450699,35.648779
41292,-97.450382,35.648641
41293,-97.450329,35.648641
41294,-97.450276,35.648641
41295,-97.450222,35.648641
41281,-97.449551,35.648248
41282,-97.449550,35.648274
41283,-97.449550,35.648300
41284,-97.449547,35.648573
41285,-97.449547,35.648599
41296,-97.449503,35.648780
41233,-97.447729,35.647118
41232,-97.447727,35.647234
41231,-97.447725,35.647350
41228,-97.447561,35.647116
41229,-97.447559,35.647232
41230,-97.447557,35.647348
48016,-97.446728,35.647388
48015,-97.446728,35.647394
48014,-97.446728,35.647404
48013,-97.446728,35.647415
48017,-97.446539,35.647001
48018,-97.446509,35.647001
48019,-97.446524,35.647139
48020,-97.446560,35.647406
47998,-97.445979,35.647001
47999,-97.445963,35.647001
48000,-97.445932,35.647001
48025,-97.445979,35.647139
41323,-97.445380,35.645168
41322,-97.445354,35.645168
41358,-97.444390,35.644221
41359,-97.444371,35.644221
41357,-97.444390,35.644359
41356,-97.444371,35.644359
41369,-97.444077,35.643408
41370,-97.444053,35.643408
41368,-97.444063,35.643546
41367,-97.444051,35.643546
41366,-97.444039,35.643546
41360,-97.444352,35.644221
41361,-97.444333,35.644221
41355,-97.444352,35.644359
41354,-97.444333,35.644359
41362,-97.443934,35.644221
41363,-97.443915,35.644221
41353,-97.443934,35.644359
41352,-97.443915,35.644359
41345,-97.444853,35.645027
41346,-97.444827,35.645027
41347,-97.444800,35.645027
41348,-97.444774,35.645027
41349,-97.444748,35.645027
41321,-97.444851,35.645165
41320,-97.444825,35.645165
41319,-97.444798,35.645165
41318,-97.444772,35.645165
41317,-97.444746,35.645165
41350,-97.444192,35.645024
41351,-97.444166,35.645024
41316,-97.444190,35.645162
41315,-97.444164,35.645162
41314,-97.444137,35.645161
48034,-97.445271,35.645826
48035,-97.445243,35.645826
48036,-97.445215,35.645826
48037,-97.445187,35.645826
48045,-97.445271,35.645964
48044,-97.445243,35.645964
48043,-97.445215,35.645964
48042,-97.445173,35.645964
48024,-97.445578,35.647406
48023,-97.445578,35.647417
48001,-97.445410,35.647383
48002,-97.445410,35.647394
48003,-97.445410,35.647404
48004,-97.445410,35.647415
48041,-97.444573,35.645961
48040,-97.444545,35.645961
48039,-97.444517,35.645961
48038,-97.444503,35.645961
47994,-97.444560,35.647029
47995,-97.444538,35.647028
47996,-97.444517,35.647028
47997,-97.444496,35.647028
47993,-97.444558,35.647167
47992,-97.444536,35.647166
47991,-97.444515,35.647166
47990,-97.444505,35.647166
47968,-97.443841,35.647019
48012,-97.446731,35.647664
48011,-97.446731,35.647675
48021,-97.446529,35.647701
48010,-97.446510,35.647839
48009,-97.446500,35.647839
48022,-97.446064,35.647701
48008,-97.446064,35.647839
48007,-97.446045,35.647839
48006,-97.446016,35.647839
47965,-97.447086,35.649961
47964,-97.447078,35.650554
47963,-97.447245,35.650628
48005,-97.445407,35.647664
47986,-97.444549,35.647751
47987,-97.444528,35.647751
47988,-97.444507,35.647751
47989,-97.444486,35.647751
47985,-97.444549,35.647889
47984,-97.444507,35.647889
47983,-97.444497,35.647889
41707,-97.443689,35.642798
41708,-97.443633,35.642778
41709,-97.443384,35.642725
41710,-97.443359,35.642723
41372,-97.443474,35.643366
41302,-97.443306,35.643345
41303,-97.443306,35.643366
41304,-97.443306,35.643388
48053,-97.442646,35.642667
48054,-97.442646,35.642842
48055,-97.442646,35.643056
41371,-97.443787,35.643405
41365,-97.443785,35.643543
41364,-97.443773,35.643543
41305,-97.443290,35.644110
41306,-97.443289,35.644137
41307,-97.443288,35.644165
41308,-97.443288,35.644192
41309,-97.443286,35.644372
41310,-97.443286,35.644836
41311,-97.443286,35.644860
41313,-97.443297,35.644922
41312,-97.443291,35.644899
47969,-97.443824,35.647018
47970,-97.443807,35.647018
47971,-97.443790,35.647018
47974,-97.443837,35.647157
47973,-97.443820,35.647156
47972,-97.443803,35.647156
48056,-97.442646,35.645576
42236,-97.442627,35.645752
42237,-97.442627,35.645752
42238,-97.442631,35.645890
48080,-97.442631,35.645890
48081,-97.442631,35.645890
48082,-97.442631,35.645890
48083,-97.442631,35.645890
48084,-97.442631,35.645890
48085,-97.442631,35.645890
48086,-97.442631,35.645890
48087,-97.442631,35.645890
48088,-97.442631,35.645890
48089,-97.442631,35.645890
48090,-97.442631,35.645890
48091,-97.442631,35.645890
48092,-97.442631,35.645890
48093,-97.442631,35.645890
48057,-97.442417,35.645755
48058,-97.442312,35.645757
48059,-97.442260,35.645758
48060,-97.442009,35.645761
48061,-97.441992,35.645761
48062,-97.441976,35.645761
48063,-97.441959,35.645761
48064,-97.441926,35.645761
48185,-97.442194,35.646548
48184,-97.442194,35.646567
48183,-97.442194,35.646587
48182,-97.442194,35.646606
48181,-97.442194,35.646644
48180,-97.442194,35.646664
48179,-97.442194,35.646683
48178,-97.442194,35.646702
48177,-97.442194,35.646741
48176,-97.442194,35.646760
48175,-97.442194,35.646779
48174,-97.442194,35.646799
48173,-97.442194,35.646837
48172,-97.442194,35.646857
48171,-97.442026,35.646548
48170,-97.442026,35.646567
48169,-97.442026,35.646587
48168,-97.442026,35.646606
48167,-97.442026,35.646644
48166,-97.442026,35.646664
48165,-97.442026,35.646683
48164,-97.442026,35.646702
48163,-97.442026,35.646741
48162,-97.442026,35.646760
48161,-97.442026,35.646779
48160,-97.442026,35.646799
48159,-97.442026,35.646837
48158,-97.442026,35.646857
48065,-97.441336,35.645761
48066,-97.441320,35.645761
48067,-97.441119,35.645761
48068,-97.441089,35.645761
48069,-97.441075,35.645761
48070,-97.441060,35.645761
48071,-97.441045,35.645761
48072,-97.441016,35.645761
48073,-97.441001,35.645761
48074,-97.440987,35.645761
48075,-97.440972,35.645761
48157,-97.441304,35.646541
48156,-97.441304,35.646560
48155,-97.441304,35.646579
48154,-97.441304,35.646598
48153,-97.441304,35.646637
48152,-97.441304,35.646656
48151,-97.441304,35.646675
48150,-97.441304,35.646694
48147,-97.441304,35.646732
48146,-97.441304,35.646751
48145,-97.441304,35.646770
48144,-97.441304,35.646789
48148,-97.441304,35.646827
48149,-97.441304,35.646847
48132,-97.441136,35.646541
48133,-97.441136,35.646560
48134,-97.441136,35.646579
48135,-97.441136,35.646598
48136,-97.441136,35.646637
48137,-97.441136,35.646656
48138,-97.441136,35.646675
48139,-97.441136,35.646694
48140,-97.441136,35.646732
48141,-97.441136,35.646751
48142,-97.441136,35.646770
48143,-97.441136,35.646789
48076,-97.440231,35.645759
48077,-97.440222,35.645758
48078,-97.440213,35.645758
48079,-97.440204,35.645758
48094,-97.440200,35.645896
48095,-97.440182,35.645896
48131,-97.440421,35.647226
48130,-97.440421,35.647242
48129,-97.440422,35.647258
48128,-97.440422,35.647274
48127,-97.440422,35.647306
48126,-97.440422,35.647321
48125,-97.440422,35.647337
48124,-97.440422,35.647353
48123,-97.440423,35.647417
48122,-97.440423,35.647480
48096,-97.440253,35.647226
48097,-97.440254,35.647258
48098,-97.440254,35.647290
48099,-97.440254,35.647321
48100,-97.440255,35.647417
48101,-97.440255,35.647448
48102,-97.440255,35.647480
47975,-97.443839,35.647751
47976,-97.443820,35.647751
47977,-97.443802,35.647751
47978,-97.443784,35.647751
47982,-97.443839,35.647889
47981,-97.443820,35.647889
47980,-97.443802,35.647889
47979,-97.443793,35.647889
48121,-97.440030,35.647955
48120,-97.439999,35.647974
48119,-97.439968,35.647994
48103,-97.439881,35.647876
48104,-97.439851,35.647895
48105,-97.439820,35.647915
48106,-97.439789,35.647934
48118,-97.439937,35.648013
48117,-97.439906,35.648032
48116,-97.439860,35.648061
48115,-97.439830,35.648081
48107,-97.439758,35.647953
48114,-97.439799,35.648100
48259,-97.440828,35.651187
48258,-97.440829,35.651231
48283,-97.440569,35.649608
48282,-97.440570,35.649652
48281,-97.440570,35.649696
48280,-97.440571,35.649740
48279,-97.440571,35.649785
48278,-97.440572,35.649829
48277,-97.440572,35.649873
48276,-97.440573,35.649917
48275,-97.440573,35.649961
48274,-97.440564,35.650032
48266,-97.440401,35.649610
48267,-97.440402,35.649654
48268,-97.440402,35.649698
48269,-97.440403,35.649742
48270,-97.440403,35.649787
48271,-97.440404,35.649831
48272,-97.440404,35.649875
48273,-97.440405,35.649919
48261,-97.440427,35.650294
48262,-97.440380,35.650214
48260,-97.440451,35.650334
48263,-97.440214,35.649914
48265,-97.440167,35.649828
48264,-97.440190,35.649871
48189,-97.440003,35.649865
48190,-97.440024,35.649904
48192,-97.440067,35.649984
48193,-97.440089,35.650023
48191,-97.440046,35.649944
48186,-97.439938,35.649746
48187,-97.439959,35.649785
48188,-97.439981,35.649825
48195,-97.440132,35.650103
48196,-97.440228,35.650274
48194,-97.440110,35.650063
48197,-97.440253,35.650317
48198,-97.440660,35.651172
48199,-97.440665,35.651363
48200,-97.440538,35.651451
48201,-97.440313,35.651451
48202,-97.440300,35.651451
48209,-97.439945,35.651104
48208,-97.439946,35.651150
48207,-97.439947,35.651196
48206,-97.439948,35.651242
48205,-97.439950,35.651288
48245,-97.439777,35.651108
48244,-97.439774,35.651072
48246,-97.439778,35.651154
48247,-97.439779,35.651200
48248,-97.439780,35.651246
48249,-97.439782,35.651292
48204,-97.439951,35.651334
48203,-97.439952,35.651380
48250,-97.439783,35.651338
48251,-97.439784,35.651384
48252,-97.439786,35.651430
48108,-97.439728,35.647973
48109,-97.439697,35.647992
48113,-97.439199,35.648477
48112,-97.439168,35.648496
48110,-97.439051,35.648398
48111,-97.439137,35.648516
48219,-97.439245,35.649778
48214,-97.439383,35.650025
48235,-97.439383,35.650025
48216,-97.439314,35.649902
48218,-97.439268,35.649819
48217,-97.439291,35.649860
48215,-97.439360,35.649984
48212,-97.439501,35.650235
48233,-97.439501,35.650235
48211,-97.439525,35.650277
48210,-97.439549,35.650318
48213,-97.439406,35.650067
48234,-97.439406,35.650067
48227,-97.439252,35.650123
48228,-97.439349,35.650293
48229,-97.439373,35.650335
48230,-97.439397,35.650376
48243,-97.439397,35.650376
48222,-97.439137,35.649916
48238,-97.439137,35.649916
48221,-97.439114,35.649875
48237,-97.439114,35.649875
48225,-97.439206,35.650040
48241,-97.439206,35.650040
48224,-97.439183,35.649999
48240,-97.439183,35.649999
48223,-97.439160,35.649958
48239,-97.439160,35.649958
48220,-97.439091,35.649834
48236,-97.439091,35.649834
48226,-97.439229,35.650081
48242,-97.439229,35.650081
48232,-97.439173,35.650245
48231,-97.439153,35.650246
48286,-97.437028,35.649729
48295,-97.437028,35.649867
48257,-97.440538,35.651589
48256,-97.440313,35.651589
48255,-97.440300,35.651589
48254,-97.440288,35.651589
48253,-97.440275,35.651589
48284,-97.439593,35.652660
48285,-97.437090,35.649425
48287,-97.436886,35.649729
48294,-97.436886,35.649867
48288,-97.436011,35.649726
48293,-97.436011,35.649864
48289,-97.435849,35.649726
48292,-97.435849,35.649864
48290,-97.434954,35.649723
48291,-97.434954,35.649861
47962,-97.447237,35.651716
47966,-97.445847,35.652663
47967,-97.445092,35.652661
37787,-97.454459,35.652818
41275,-97.451401,35.647671
41290,-97.451401,35.647809
41301,-97.451423,35.648779
41300,-97.451391,35.648779
41203,-97.451075,35.648541
41202,-97.451075,35.648584
41291,-97.450889,35.648641
41299,-97.450889,35.648779
41298,-97.450794,35.648779
39506,-97.469365,35.641551
39505,-97.469365,35.641578
39383,-97.469197,35.641576
39504,-97.469364,35.641605
39384,-97.469196,35.641603
39503,-97.469356,35.642171
39502,-97.469356,35.642198
39501,-97.469355,35.642252
39500,-97.469355,35.642279
39385,-97.469188,35.642169
39386,-97.469188,35.642196
39387,-97.469187,35.642223
39340,-97.469169,35.642291
39389,-97.469347,35.643441
39388,-97.469334,35.643398
39390,-97.469360,35.643484
39528,-97.465656,35.639288
39371,-97.468042,35.640767
39370,-97.467938,35.640734
39507,-97.467854,35.640578
39511,-97.466401,35.640571
39508,-97.466531,35.640595
39509,-97.466487,35.640587
39510,-97.466444,35.640579
39382,-97.468060,35.641567
39372,-97.467963,35.641427
39381,-97.468010,35.641566
39380,-97.467959,35.641565
39379,-97.467909,35.641564
39341,-97.468370,35.642291
39342,-97.468143,35.642291
39343,-97.468095,35.642291
39344,-97.468047,35.642292
39345,-97.467999,35.642292
39346,-97.467951,35.642293
39373,-97.467862,35.641425
39374,-97.467812,35.641424
39378,-97.467858,35.641563
39377,-97.467808,35.641562
39375,-97.467762,35.641423
39376,-97.467758,35.641561
39347,-97.467903,35.642293
39339,-97.468074,35.642429
39338,-97.468027,35.642430
39337,-97.467979,35.642430
39336,-97.467931,35.642431
39315,-97.468354,35.642999
39314,-97.468354,35.643025
39313,-97.468354,35.643051
39312,-97.468354,35.643077
39316,-97.468186,35.643025
39311,-97.468166,35.643225
39317,-97.468031,35.643082
39318,-97.467961,35.643079
39310,-97.468095,35.643222
39309,-97.468025,35.643220
39308,-97.467955,35.643217
39335,-97.467884,35.642431
39319,-97.467891,35.643077
39320,-97.467821,35.643075
39307,-97.467885,35.643215
39306,-97.467815,35.643213
39348,-97.466978,35.642324
39349,-97.466930,35.642331
39360,-97.466460,35.641535
39361,-97.466439,35.641567
39362,-97.466418,35.641598
39359,-97.466587,35.641633
39358,-97.466566,35.641664
39350,-97.466871,35.642346
39334,-97.466994,35.642462
39333,-97.466961,35.642466
39518,-97.466275,35.639708
39519,-97.466200,35.639583
39520,-97.466167,35.639578
39517,-97.466189,35.639717
39516,-97.466128,35.639715
39521,-97.466106,35.639576
39522,-97.466045,35.639573
39523,-97.465985,35.639571
39515,-97.466068,35.639712
39514,-97.466007,35.639710
39524,-97.465924,35.639568
39513,-97.465947,35.639707
39512,-97.465886,35.639705
39526,-97.465737,35.639384
39525,-97.465770,35.639456
39527,-97.465702,35.639338
39533,-97.465606,35.639484
39534,-97.465620,35.639537
39535,-97.465627,35.639705
39531,-97.465558,35.639410
39529,-97.465484,35.639332
39530,-97.465526,35.639374
39532,-97.465593,35.639456
39369,-97.465476,35.641242
39368,-97.465475,35.641280
39367,-97.465475,35.641318
39536,-97.465334,35.640208
39537,-97.465309,35.641202
39538,-97.465308,35.641240
39539,-97.465307,35.641278
39540,-97.465307,35.641316
39541,-97.465290,35.641329
39542,-97.464857,35.641324
39543,-97.464440,35.641319
39544,-97.464386,35.641318
39545,-97.464332,35.641317
39363,-97.465635,35.641825
39364,-97.465590,35.641824
39366,-97.465481,35.641790
39365,-97.465482,35.641806
39357,-97.465764,35.641966
39356,-97.465719,35.641965
39355,-97.465675,35.641964
39354,-97.465631,35.641963
39353,-97.465586,35.641962
39352,-97.465484,35.642036
39351,-97.465831,35.642753
39632,-97.465709,35.642847
39332,-97.465847,35.642994
39331,-97.465792,35.643026
39330,-97.465738,35.643058
39322,-97.465694,35.642914
39323,-97.465640,35.642946
39329,-97.465683,35.643090
39328,-97.465629,35.643122
39324,-97.465585,35.642978
39325,-97.465531,35.643010
39326,-97.465476,35.643042
39327,-97.465574,35.643154
39628,-97.465288,35.641467
39629,-97.465313,35.641800
39630,-97.465316,35.641972
39631,-97.465316,35.642018
39598,-97.464438,35.641457
39597,-97.464357,35.641456
39596,-97.464330,35.641455
39627,-97.464484,35.642143
39626,-97.464484,35.642174
39625,-97.464484,35.642205
39572,-97.464269,35.640431
39571,-97.464269,35.640569
39570,-97.464219,35.640569
39573,-97.464169,35.640431
39574,-97.464120,35.640431
39575,-97.464070,35.640431
39569,-97.464169,35.640569
39568,-97.464120,35.640569
39576,-97.464020,35.640431
39577,-97.463971,35.640431
39567,-97.464020,35.640569
39566,-97.463971,35.640569
39546,-97.464278,35.641317
39578,-97.463027,35.640431
39579,-97.462978,35.640431
39580,-97.462928,35.640431
39565,-97.463027,35.640569
39564,-97.462978,35.640569
39563,-97.462928,35.640569
39581,-97.462878,35.640431
39582,-97.462829,35.640431
39562,-97.462878,35.640569
39561,-97.462829,35.640569
39547,-97.463212,35.641282
39548,-97.463158,35.641278
39549,-97.463105,35.641274
39550,-97.463051,35.641270
39595,-97.464276,35.641455
39599,-97.464316,35.642143
39600,-97.464131,35.642257
39601,-97.464080,35.642257
39602,-97.464029,35.642256
39624,-97.464255,35.642397
39623,-97.464230,35.642397
39622,-97.464179,35.642396
39621,-97.464129,35.642395
39620,-97.464078,35.642395
39619,-97.464027,35.642394
39594,-97.463196,35.641418
39593,-97.463142,35.641414
39592,-97.463089,35.641410
39591,-97.463035,35.641406
39603,-97.463038,35.642321
39604,-97.462989,35.642314
39605,-97.462939,35.642306
39606,-97.462900,35.642298
39607,-97.462852,35.642285
39618,-97.463006,35.642455
39617,-97.462957,35.642448
39616,-97.462907,35.642440
39615,-97.462848,35.642428
39321,-97.466460,35.643406
39634,-97.466435,35.644387
39305,-97.466604,35.644421
39304,-97.466604,35.644458
39303,-97.466601,35.644507
39635,-97.466436,35.644421
39636,-97.466436,35.644458
39637,-97.466435,35.644483
39633,-97.466310,35.643468
39583,-97.461786,35.640431
39560,-97.461786,35.640569
39551,-97.461857,35.641303
39552,-97.461803,35.641308
39584,-97.461736,35.640431
39585,-97.461687,35.640431
39586,-97.461637,35.640431
39559,-97.461736,35.640569
39558,-97.461687,35.640569
39557,-97.461637,35.640569
39556,-97.461587,35.640569
39553,-97.461750,35.641312
39554,-97.461696,35.641317
39555,-97.461643,35.641322
39590,-97.461875,35.641439
39589,-97.461768,35.641448
39608,-97.461773,35.642196
39614,-97.461817,35.642328
39613,-97.461769,35.642339
39588,-97.461714,35.641453
39587,-97.461661,35.641458
39609,-97.461725,35.642207
39610,-97.461676,35.642218
39612,-97.461720,35.642350
39611,-97.461671,35.642361
39300,-97.460397,35.644385
39479,-97.470923,35.642353
39419,-97.471090,35.642432
39418,-97.471090,35.642471
39417,-97.471090,35.642511
39416,-97.471087,35.643337
39415,-97.471087,35.643376
39480,-97.470922,35.642393
39481,-97.470922,35.642432
39482,-97.470922,35.642471
39483,-97.470922,35.642511
39484,-97.470919,35.643376
39499,-97.469498,35.643364
39296,-97.471540,35.645403
39414,-97.471087,35.643416
39413,-97.471087,35.643455
39412,-97.471087,35.643495
39411,-97.471084,35.644321
39410,-97.471084,35.644360
39409,-97.471084,35.644400
39485,-97.470919,35.643416
39486,-97.470919,35.643455
39487,-97.470919,35.643495
39488,-97.470916,35.644360
39489,-97.470916,35.644400
39408,-97.471084,35.644439
39407,-97.471079,35.644491
39297,-97.471471,35.645403
39298,-97.471401,35.645402
39490,-97.470916,35.644439
39491,-97.470913,35.644467
39465,-97.470881,35.644535
39406,-97.470878,35.644675
39405,-97.470846,35.644678
39404,-97.470478,35.644674
39646,-97.471122,35.645538
39495,-97.470031,35.644366
39498,-97.469511,35.643407
39497,-97.469524,35.643450
39496,-97.469538,35.643492
39392,-97.469838,35.644332
39394,-97.469871,35.644406
39393,-97.469855,35.644364
39403,-97.470461,35.644674
39494,-97.470045,35.644426
39493,-97.470047,35.644470
39492,-97.470050,35.644515
39402,-97.470035,35.645378
39395,-97.469877,35.644432
39396,-97.469879,35.644476
39397,-97.469880,35.644498
39398,-97.469882,35.644521
39399,-97.469868,35.645319
39400,-97.469867,35.645347
39401,-97.469867,35.645376
39391,-97.469374,35.643526
39299,-97.468620,35.645430
39179,-97.470034,35.646666
39178,-97.470034,35.646731
39177,-97.470034,35.646795
39180,-97.469866,35.646602
39181,-97.469866,35.646666
39182,-97.469866,35.646731
39183,-97.469866,35.646859
39184,-97.469866,35.646923
39185,-97.469867,35.646995
39218,-97.468804,35.646361
39217,-97.468804,35.646380
39216,-97.468804,35.646418
39215,-97.468804,35.646437
39219,-97.468636,35.646397
39220,-97.468636,35.646417
39221,-97.468636,35.646437
39214,-97.468804,35.646602
39213,-97.468804,35.646903
39222,-97.468636,35.646602
39223,-97.468636,35.646783
39212,-97.468804,35.647205
39302,-97.466542,35.645379
39301,-97.466543,35.645417
39638,-97.466373,35.645307
39639,-97.466373,35.645344
39640,-97.466374,35.645381
39641,-97.466375,35.645419
39645,-97.468305,35.645566
39644,-97.468236,35.645565
39643,-97.468167,35.645565
39642,-97.468028,35.645564
39240,-97.468305,35.646451
39239,-97.468235,35.646451
39238,-97.468165,35.646451
39237,-97.468025,35.646451
39241,-97.468305,35.646589
39242,-97.468235,35.646589
39243,-97.468165,35.646589
39244,-97.468095,35.646589
39236,-97.466736,35.646258
39235,-97.466736,35.646274
39234,-97.466736,35.646290
39233,-97.466736,35.646307
39232,-97.466736,35.646472
39231,-97.466736,35.646760
39230,-97.466736,35.647048
37176,-97.479714,35.642139
37159,-97.479758,35.642879
37160,-97.479727,35.642879
37161,-97.479695,35.642879
37173,-97.479680,35.642001
37175,-97.479680,35.642139
37162,-97.479664,35.642879
37163,-97.479632,35.642879
37164,-97.479601,35.642878
37165,-97.479570,35.642878
37282,-97.478254,35.639822
37306,-97.478070,35.639670
37307,-97.477998,35.639669
37308,-97.477926,35.639669
37304,-97.477996,35.639807
37303,-97.477924,35.639807
37309,-97.477854,35.639668
37310,-97.477783,35.639668
37302,-97.477888,35.639807
37301,-97.477817,35.639806
37311,-97.477711,35.639668
37300,-97.477745,35.639806
37299,-97.477673,35.639805
37305,-97.478068,35.639808
37337,-97.478086,35.640217
37338,-97.478018,35.640519
37339,-97.477976,35.640519
37340,-97.477934,35.640518
37341,-97.477893,35.640518
37336,-97.478058,35.640658
37335,-97.477995,35.640657
37334,-97.477911,35.640656
37342,-97.477851,35.640518
37333,-97.477849,35.640656
37343,-97.477016,35.640510
37344,-97.476933,35.640509
37345,-97.476891,35.640509
37332,-97.477014,35.640648
37331,-97.476952,35.640647
37330,-97.476910,35.640647
37346,-97.476766,35.640507
37329,-97.476826,35.640646
37174,-97.478234,35.641987
37347,-97.478050,35.641440
37358,-97.478048,35.641578
37348,-97.478009,35.641439
37349,-97.477889,35.641438
37357,-97.477947,35.641577
37356,-97.477907,35.641576
37350,-97.477849,35.641438
37355,-97.477887,35.641576
37354,-97.477847,35.641576
37351,-97.477045,35.641430
37352,-97.477005,35.641430
37353,-97.477023,35.641568
37011,-97.478010,35.645858
37012,-97.477981,35.645858
37013,-97.477923,35.645857
37014,-97.477865,35.645856
37015,-97.477777,35.645855
37017,-97.477719,35.645855
37018,-97.477660,35.645854
37010,-97.478008,35.645996
37009,-97.477950,35.645995
37008,-97.477863,35.645994
37007,-97.477804,35.645994
37016,-97.477775,35.645993
37006,-97.477746,35.645993
37005,-97.477658,35.645992
36594,-97.477886,35.646719
36595,-97.477828,35.646718
36596,-97.477771,35.646718
36597,-97.477742,35.646718
36588,-97.477740,35.646856
36587,-97.477682,35.646855
37019,-97.477602,35.645853
37004,-97.477629,35.645992
36598,-97.477598,35.646717
39442,-97.476323,35.638810
39429,-97.476321,35.638948
39428,-97.476250,35.638948
39443,-97.476217,35.638810
39444,-97.476111,35.638809
39427,-97.476179,35.638947
39426,-97.476109,35.638947
39445,-97.476040,35.638809
39446,-97.475969,35.638808
39425,-97.476038,35.638947
39447,-97.475899,35.638808
39424,-97.475861,35.638946
39448,-97.475828,35.638807
39423,-97.475755,35.638945
39449,-97.475687,35.638807
39450,-97.475616,35.638806
39451,-97.474556,35.638801
39452,-97.474322,35.638798
39453,-97.474301,35.638797
37312,-97.476277,35.639660
37298,-97.476275,35.639798
37313,-97.476205,35.639660
37314,-97.476134,35.639659
37297,-97.476203,35.639798
37296,-97.476132,35.639797
37315,-97.476062,35.639659
37316,-97.475990,35.639658
37295,-97.476060,35.639797
37294,-97.475988,35.639796
37317,-97.475919,35.639658
37318,-97.475847,35.639658
37293,-97.475917,35.639796
37292,-97.475845,35.639796
37319,-97.475775,35.639657
37320,-97.475704,35.639657
37321,-97.475632,35.639656
37328,-97.475971,35.640638
37291,-97.474881,35.640456
37289,-97.474697,35.640462
37290,-97.474731,35.640518
37322,-97.474504,35.639469
37323,-97.474336,35.639469
37324,-97.474336,35.639497
37325,-97.474336,35.639539
37326,-97.474336,35.639581
37327,-97.474336,35.639637
39454,-97.473407,35.639976
39455,-97.473374,35.639976
39456,-97.473341,35.639975
39457,-97.473308,35.639975
39292,-97.474068,35.642038
39294,-97.473800,35.641633
39291,-97.473965,35.642036
39293,-97.473797,35.641864
39290,-97.473914,35.642035
39289,-97.473863,35.642034
39288,-97.473812,35.642033
39284,-97.473961,35.642174
39285,-97.473910,35.642173
39286,-97.473859,35.642172
39287,-97.473808,35.642171
39283,-97.473794,35.643020
39282,-97.473794,35.643057
39281,-97.473794,35.643095
21583,-97.471804,35.638198
39458,-97.471982,35.639962
39459,-97.471949,35.639961
39460,-97.471916,35.639961
39461,-97.471883,35.639961
39462,-97.471759,35.639991
39463,-97.471728,35.640000
39464,-97.471697,35.640009
39466,-97.470611,35.640645
39467,-97.470594,35.640659
39468,-97.470567,35.640684
39469,-97.470554,35.640701
39422,-97.471089,35.641467
39421,-97.471093,35.641527
39475,-97.470914,35.641471
39473,-97.470906,35.641469
39472,-97.470889,35.641455
39470,-97.470856,35.641432
39471,-97.470875,35.641445
39474,-97.470923,35.641483
39476,-97.470921,35.641490
39477,-97.470929,35.641509
39478,-97.470925,35.641527
39420,-97.471090,35.642393
39280,-97.475791,35.644199
39279,-97.475764,35.644199
39278,-97.475751,35.644199
39266,-97.476410,35.645439
39267,-97.476246,35.645437
39268,-97.476165,35.645436
39269,-97.475676,35.645432
39277,-97.475591,35.645366
39275,-97.474883,35.644191
39274,-97.474839,35.644191
39273,-97.474773,35.644190
39272,-97.474730,35.644189
39271,-97.474664,35.644189
39276,-97.475421,35.645221
39270,-97.475210,35.645430
37020,-97.476408,35.645841
37021,-97.476346,35.645841
37022,-97.476243,35.645842
37023,-97.476222,35.645842
37024,-97.476202,35.645842
37041,-97.476389,35.645979
37040,-97.476327,35.645979
37039,-97.476307,35.645979
37038,-97.476245,35.645980
37037,-97.476183,35.645981
36599,-97.476419,35.646711
36600,-97.476357,35.646711
36619,-97.476419,35.646849
36601,-97.476316,35.646711
36602,-97.476295,35.646711
36603,-97.476213,35.646711
36618,-97.476274,35.646849
36617,-97.476233,35.646849
36616,-97.476192,35.646849
37025,-97.475075,35.645849
37035,-97.475073,35.645987
37026,-97.474981,35.645848
37027,-97.474887,35.645848
37028,-97.474825,35.645847
37029,-97.474731,35.645847
37034,-97.474979,35.645986
37033,-97.474854,35.645985
37032,-97.474792,35.645985
37031,-97.474761,35.645985
37030,-97.474667,35.645984
37036,-97.475222,35.646510
36604,-97.475178,35.646709
36605,-97.475115,35.646709
36615,-97.475208,35.646848
36614,-97.475081,35.646847
36606,-97.475020,35.646708
36607,-97.474925,35.646708
36608,-97.474862,35.646707
36613,-97.474891,35.646846
36612,-97.474828,35.646845
36609,-97.474799,35.646707
36610,-97.474767,35.646707
36611,-97.474797,35.646845
39164,-97.473466,35.645843
39165,-97.473310,35.645847
39648,-97.473062,35.645554
39166,-97.473154,35.645851
39163,-97.473472,35.645981
39162,-97.473316,35.645985
39161,-97.473160,35.645989
39647,-97.472958,35.645553
39167,-97.472998,35.645856
39168,-97.472842,35.645860
39169,-97.472753,35.645872
39170,-97.472677,35.645884
39171,-97.472523,35.645907
39160,-97.472926,35.645996
39159,-97.472553,35.646043
37940,-97.476088,35.647711
37932,-97.475087,35.647932
37941,-97.475003,35.647526
37942,-97.474982,35.647580
37943,-97.474967,35.647631
37928,-97.474952,35.647984
37927,-97.474927,35.647999
37944,-97.474753,35.647936
37945,-97.474713,35.647955
37926,-97.474903,35.648014
37925,-97.474879,35.648029
37946,-97.474531,35.648028
37949,-97.473634,35.647608
37948,-97.473634,35.647641
37947,-97.473634,35.647658
39295,-97.471609,35.645404
39172,-97.472370,35.645929
39158,-97.472476,35.646054
39157,-97.472323,35.646077
39173,-97.472216,35.645952
39156,-97.472170,35.646100
39174,-97.472063,35.645975
39155,-97.472016,35.646123
39175,-97.471898,35.646009
39176,-97.471751,35.646053
39154,-97.471809,35.646181
39142,-97.471181,35.647437
39143,-97.471123,35.647486
39186,-97.469875,35.647059
39141,-97.471190,35.647631
39140,-97.471145,35.647686
39144,-97.471011,35.647603
39145,-97.470965,35.647659
37237,-97.481922,35.640262
37238,-97.481869,35.640262
37239,-97.481815,35.640262
37240,-97.481761,35.640261
37191,-97.482354,35.641148
37192,-97.482301,35.641148
37193,-97.482247,35.641148
37190,-97.482258,35.641286
37226,-97.481993,35.640401
37225,-97.481887,35.640400
37224,-97.481835,35.640400
37223,-97.481782,35.640399
37222,-97.481730,35.640399
37194,-97.482141,35.641147
37195,-97.482035,35.641147
37185,-97.482050,35.641285
37184,-97.481946,35.641285
37196,-97.481823,35.641146
37197,-97.481770,35.641146
37183,-97.481842,35.641284
37241,-97.481707,35.640261
37266,-97.480808,35.639394
37267,-97.480774,35.639394
37268,-97.480741,35.639394
37269,-97.480707,35.639394
37265,-97.480788,35.639532
37264,-97.480756,35.639532
37263,-97.480723,35.639532
37221,-97.481677,35.640399
37198,-97.481716,35.641146
37199,-97.481663,35.641146
37200,-97.481610,35.641145
37201,-97.481557,35.641145
37045,-97.482158,35.642594
37047,-97.482105,35.642593
37046,-97.482053,35.642593
37058,-97.482216,35.642733
37057,-97.482165,35.642732
37056,-97.482061,35.642731
37055,-97.482010,35.642730
37048,-97.481789,35.642590
37054,-97.481958,35.642730
37053,-97.481907,35.642729
37052,-97.481855,35.642729
37049,-97.481631,35.642588
37050,-97.481578,35.642588
37051,-97.481526,35.642587
37283,-97.479005,35.638922
37277,-97.478272,35.638973
37278,-97.478271,35.638999
37279,-97.478270,35.639026
39436,-97.478090,35.638820
39437,-97.478019,35.638819
39435,-97.478088,35.638958
39434,-97.478017,35.638957
39438,-97.477948,35.638819
39433,-97.477911,35.638957
39439,-97.477877,35.638818
39440,-97.477807,35.638818
39432,-97.477840,35.638956
39431,-97.477769,35.638956
39441,-97.477736,35.638818
39430,-97.477699,35.638955
37270,-97.480674,35.639394
37271,-97.480640,35.639395
37272,-97.480607,35.639395
37262,-97.480690,35.639532
37261,-97.480657,35.639533
37260,-97.480624,35.639533
37259,-97.480591,35.639533
37273,-97.480573,35.639395
37274,-97.480539,35.639395
37258,-97.480526,35.639533
37242,-97.480214,35.640238
37275,-97.479698,35.639365
37243,-97.479880,35.640249
37244,-97.479814,35.640248
37245,-97.479781,35.640247
37246,-97.479748,35.640247
37247,-97.479715,35.640247
37248,-97.479682,35.640246
37220,-97.480214,35.640919
37256,-97.479845,35.640386
37255,-97.479812,35.640386
37254,-97.479779,35.640385
37253,-97.479746,35.640385
37257,-97.480046,35.640905
37202,-97.479993,35.641138
37203,-97.479957,35.641138
37219,-97.480028,35.641277
37218,-97.479991,35.641276
37217,-97.479955,35.641276
37204,-97.479921,35.641137
37205,-97.479885,35.641137
37206,-97.479849,35.641137
37207,-97.479813,35.641136
37216,-97.479919,35.641275
37215,-97.479883,35.641275
37214,-97.479847,35.641275
37213,-97.479811,35.641274
37208,-97.479777,35.641136
37209,-97.479741,35.641136
37210,-97.479705,35.641135
37212,-97.479775,35.641274
37211,-97.479739,35.641274
37276,-97.479657,35.639301
37287,-97.479493,35.639682
37285,-97.479304,35.639404
37286,-97.479319,35.639427
37284,-97.479290,35.639381
37288,-97.479646,35.639895
37249,-97.479617,35.640246
37252,-97.479680,35.640384
37251,-97.479648,35.640384
37250,-97.479615,35.640384
37166,-97.480093,35.642159
37167,-97.479884,35.642001
37168,-97.479850,35.642001
37169,-97.479816,35.642001
37170,-97.479782,35.642001
37171,-97.479748,35.642001
37172,-97.479714,35.642001
37182,-97.479919,35.642139
37181,-97.479884,35.642139
37180,-97.479850,35.642139
37179,-97.479816,35.642139
37178,-97.479782,35.642139
37177,-97.479748,35.642139
37280,-97.478255,35.639631
37281,-97.478255,35.639658
37061,-97.481600,35.644050
37062,-97.481493,35.644049
37063,-97.481440,35.644048
37065,-97.481353,35.644185
37064,-97.481144,35.644183
37154,-97.479860,35.643819
37155,-97.479855,35.643860
37156,-97.479850,35.643901
37157,-97.479844,35.643942
37158,-97.479834,35.644025
37153,-97.479713,35.645084
37152,-97.479701,35.645186
37232,-97.482460,35.640266
37233,-97.482352,35.640266
37234,-97.482245,35.640265
37235,-97.482137,35.640264
37236,-97.482030,35.640263
37231,-97.482519,35.640405
37230,-97.482414,35.640404
37229,-97.482309,35.640403
37228,-97.482203,35.640402
37227,-97.482098,35.640402
37044,-97.482949,35.643233
37043,-97.482936,35.643346
37042,-97.482935,35.643360
37059,-97.481813,35.644052
37060,-97.481653,35.644051
37068,-97.481719,35.644189
37067,-97.481666,35.644189
37066,-97.481562,35.644188
37131,-97.481919,35.646465
37130,-97.481979,35.646604
37129,-97.481951,35.646604
37132,-97.481803,35.646464
37133,-97.481774,35.646464
37074,-97.481664,35.645610
37073,-97.481556,35.645609
37069,-97.481378,35.645469
37072,-97.481449,35.645608
37071,-97.481342,35.645607
37070,-97.481234,35.645605
37128,-97.480758,35.647839
37127,-97.480757,35.647872
37126,-97.480757,35.647905
37125,-97.480757,35.647937
37124,-97.480756,35.648002
37123,-97.480755,35.648067
37122,-97.480755,35.648100
37121,-97.480754,35.648132
37120,-97.480754,35.648165
37119,-97.480754,35.648198
37151,-97.479696,35.645238
37150,-97.480590,35.646450
37137,-97.480588,35.646588
37136,-97.480476,35.646586
37135,-97.480364,35.646585
37149,-97.479625,35.646310
37148,-97.479625,35.646344
37147,-97.479624,35.646378
37146,-97.479624,35.646429
37134,-97.479641,35.646441
36593,-97.478030,35.646720
36592,-97.478028,35.646858
36591,-97.477999,35.646857
36590,-97.477826,35.646856
36589,-97.477769,35.646856
37138,-97.480589,35.647870
37139,-97.480589,35.647935
37140,-97.480587,35.648065
37141,-97.480587,35.648098
37142,-97.480586,35.648163
37143,-97.480569,35.648211
37144,-97.480558,35.648211
37145,-97.480548,35.648211
37116,-97.480569,35.648349
37115,-97.480558,35.648349
37114,-97.480548,35.648349
37103,-97.479624,35.647574
37102,-97.479624,35.647640
37101,-97.479624,35.647672
37100,-97.479624,35.647738
37104,-97.479456,35.647607
37105,-97.479456,35.647640
37106,-97.479456,35.647672
37107,-97.479456,35.647705
37099,-97.479624,35.647803
37098,-97.479624,35.647934
37097,-97.479624,35.647967
37108,-97.479456,35.647836
37109,-97.479456,35.647869
37096,-97.479624,35.648098
37095,-97.479624,35.648164
37110,-97.479456,35.648000
37111,-97.479456,35.648065
37112,-97.479456,35.648164
37113,-97.479456,35.648197
36620,-97.478046,35.647569
36621,-97.478028,35.647711
36622,-97.477999,35.647711
36623,-97.477971,35.647711
36624,-97.477942,35.647711
36625,-97.477914,35.647711
36626,-97.477914,35.647711
36627,-97.477687,35.647713
36628,-97.477602,35.647713
37937,-97.476441,35.647719
37938,-97.476386,35.647717
37935,-97.476382,35.647855
37939,-97.476196,35.647714
37934,-97.476220,35.647852
37933,-97.476111,35.647850
37916,-97.473466,35.648687
37958,-97.472699,35.649767
37961,-97.472580,35.649603
39153,-97.470057,35.647254
39187,-97.469907,35.647190
39226,-97.468477,35.647481
37964,-97.472229,35.649009
37963,-97.472318,35.649259
37962,-97.472453,35.649491
37950,-97.472073,35.649090
37953,-97.472200,35.649406
37951,-97.472158,35.649301
37952,-97.472179,35.649353
37954,-97.472238,35.649471
39139,-97.471100,35.647741
39138,-97.471058,35.647793
39137,-97.471016,35.647850
39146,-97.470917,35.647719
39147,-97.470874,35.647777
39136,-97.470974,35.647907
39135,-97.470933,35.647965
39148,-97.470831,35.647836
39149,-97.470789,35.647895
39152,-97.470579,35.647986
39151,-97.470509,35.647960
39134,-97.470857,35.648099
39150,-97.470697,35.648055
39118,-97.470601,35.648498
39131,-97.471035,35.649455
39133,-97.470757,35.648653
39119,-97.470590,35.648728
39120,-97.470631,35.648948
39132,-97.470911,35.649184
39121,-97.470722,35.649164
39122,-97.470815,35.649367
37956,-97.472412,35.649659
37957,-97.472460,35.649699
37955,-97.472311,35.649565
39128,-97.472435,35.649835
39127,-97.472412,35.649843
37971,-97.471663,35.650767
37972,-97.471570,35.650771
39129,-97.471323,35.649769
39130,-97.471251,35.649762
39126,-97.471278,35.649903
39123,-97.471021,35.649776
39125,-97.471229,35.649898
39124,-97.470908,35.649571
39201,-97.470543,35.649721
39206,-97.469654,35.649047
39205,-97.469673,35.649142
39204,-97.469670,35.649224
39203,-97.469666,35.649305
39202,-97.469663,35.649387
39188,-97.469499,35.649296
39189,-97.469495,35.649379
39190,-97.469492,35.649462
39211,-97.468804,35.647507
39210,-97.468801,35.647673
39224,-97.468636,35.647507
39225,-97.468557,35.647494
39209,-97.468564,35.647635
39208,-97.468486,35.647622
39199,-97.470226,35.649823
39192,-97.469933,35.649789
39200,-97.469698,35.649603
39198,-97.469624,35.649727
39191,-97.469489,35.649546
39193,-97.469227,35.649553
39194,-97.469209,35.649553
39197,-97.469241,35.649692
39196,-97.469232,35.649691
39195,-97.469223,35.649691
39227,-97.468382,35.647470
39228,-97.468300,35.647469
39229,-97.466736,35.647337
39207,-97.468408,35.647609
39258,-97.468070,35.648537
39257,-97.468047,35.648536
39256,-97.468000,35.648534
39259,-97.467976,35.648533
39255,-97.467953,35.648532
39254,-97.467906,35.648531
39260,-97.467882,35.648530
39253,-97.467859,35.648529
39252,-97.467812,35.648527
39261,-97.467788,35.648527
39251,-97.467765,35.648526
39250,-97.467718,35.648524
39262,-97.467694,35.648523
39249,-97.467671,35.648522
39248,-97.467624,35.648521
39247,-97.467577,35.648519
39263,-97.467553,35.648518
39246,-97.467530,35.648517
39264,-97.467507,35.648516
39245,-97.467483,35.648516
39265,-97.467460,35.648515
37118,-97.480849,35.648349
37117,-97.480809,35.648349
37086,-97.481081,35.649286
37087,-97.480886,35.649138
37088,-97.480882,35.649138
37089,-97.480873,35.649138
37075,-97.481515,35.650100
37076,-97.481369,35.650999
37077,-97.481309,35.650993
37078,-97.481279,35.650990
37090,-97.480305,35.649119
37091,-97.480274,35.649114
37083,-97.480246,35.649250
37092,-97.480183,35.649101
37082,-97.480185,35.649242
37081,-97.480155,35.649237
37080,-97.480124,35.649233
37093,-97.480061,35.649084
37094,-97.479923,35.649058
37085,-97.480379,35.649776
37084,-97.480215,35.649746
37079,-97.480259,35.650734
36633,-97.477961,35.648866
36632,-97.477819,35.648864
36631,-97.477791,35.648864
36634,-97.478036,35.649394
37887,-97.477914,35.649693
37886,-97.478030,35.649830
37885,-97.477944,35.649831
37888,-97.477886,35.649693
37889,-97.477857,35.649694
37890,-97.477801,35.649694
37891,-97.477772,35.649695
37884,-97.477888,35.649831
37883,-97.477859,35.649832
37882,-97.477831,35.649832
37881,-97.477803,35.649832
37880,-97.477718,35.649833
37879,-97.477689,35.649834
37836,-97.477972,35.650719
37835,-97.477914,35.650857
37837,-97.477888,35.650719
37838,-97.477832,35.650718
37839,-97.477776,35.650718
37840,-97.477748,35.650718
37841,-97.477692,35.650717
37834,-97.477858,35.650857
37833,-97.477774,35.650856
37892,-97.477631,35.649696
37893,-97.477574,35.649697
36630,-97.477734,35.648863
36629,-97.477706,35.648863
37842,-97.477636,35.650717
37832,-97.477718,35.650856
37878,-97.476616,35.650493
37831,-97.477606,35.650855
37843,-97.476614,35.650698
37936,-97.476447,35.648527
37904,-97.476402,35.648711
37903,-97.476429,35.648849
37905,-97.476322,35.648711
37906,-97.476268,35.648711
37907,-97.476135,35.648711
37902,-97.476295,35.648849
37901,-97.476242,35.648849
37900,-97.476108,35.648849
37908,-97.476081,35.648711
37909,-97.476028,35.648711
37899,-97.476055,35.648849
37931,-97.475095,35.648050
37929,-97.475097,35.648234
37930,-97.475097,35.648234
37924,-97.474855,35.648044
37923,-97.474819,35.648065
37910,-97.474894,35.648709
37911,-97.474842,35.648709
37922,-97.474918,35.648848
37921,-97.474840,35.648847
37912,-97.474816,35.648709
37913,-97.474790,35.648709
37914,-97.474764,35.648708
37915,-97.474738,35.648708
37920,-97.474788,35.648847
37919,-97.474736,35.648846
37918,-97.474633,35.648845
37917,-97.474581,35.648845
37894,-97.476440,35.649710
37877,-97.476411,35.649847
37895,-97.476332,35.649709
37896,-97.476278,35.649708
37897,-97.476224,35.649708
37876,-97.476330,35.649847
37875,-97.476195,35.649846
37874,-97.476141,35.649845
37898,-97.476063,35.649707
37872,-97.476061,35.649845
37873,-97.476061,35.649845
37844,-97.476428,35.650711
37861,-97.476430,35.650849
37860,-97.476403,35.650849
37845,-97.476347,35.650711
37846,-97.476266,35.650712
37847,-97.476185,35.650712
37848,-97.476104,35.650713
37859,-97.476295,35.650849
37858,-97.476187,35.650850
37857,-97.476133,35.650851
37856,-97.476053,35.650851
37862,-97.474920,35.649700
37863,-97.474842,35.649699
37871,-97.474918,35.649838
37864,-97.474688,35.649698
37865,-97.474663,35.649698
37870,-97.474815,35.649837
37869,-97.474738,35.649836
37868,-97.474686,35.649836
37849,-97.474910,35.650719
37855,-97.474908,35.650857
37850,-97.474757,35.650716
37854,-97.474780,35.650855
37853,-97.474602,35.650852
37866,-97.474534,35.649697
37867,-97.474558,35.649835
37851,-97.474527,35.650713
37960,-97.473460,35.649691
37959,-97.473460,35.649829
37852,-97.473476,35.650331
37965,-97.473454,35.650566
37975,-97.473464,35.650704
37966,-97.473245,35.650576
37974,-97.473255,35.650714
37973,-97.473080,35.650749
37967,-97.473018,35.650621
37968,-97.472824,35.650685
38474,-97.479680,35.651892
38472,-97.479588,35.651885
38473,-97.479588,35.651885
38471,-97.479557,35.651882
37826,-97.477977,35.651735
37827,-97.477909,35.651730
37824,-97.477977,35.651875
37828,-97.477771,35.651729
37829,-97.477716,35.651729
37823,-97.477797,35.651867
37821,-97.477769,35.651867
37822,-97.477769,35.651867
37820,-97.477659,35.651866
37825,-97.478006,35.652678
37777,-97.477804,35.652731
37830,-97.477578,35.651728
37778,-97.477584,35.652731
37788,-97.476454,35.651639
37789,-97.476412,35.651721
37790,-97.476358,35.651721
37819,-97.476439,35.651859
37791,-97.476331,35.651721
37792,-97.476223,35.651721
37793,-97.476142,35.651721
37818,-97.476331,35.651859
37817,-97.476250,35.651859
37816,-97.476142,35.651859
37794,-97.476062,35.651721
37815,-97.476089,35.651859
37779,-97.476419,35.652711
37780,-97.476391,35.652711
37781,-97.476221,35.652712
37782,-97.476164,35.652712
37783,-97.476107,35.652713
37795,-97.474894,35.651719
37808,-97.474918,35.651858
37807,-97.474867,35.651857
37796,-97.474792,35.651719
37797,-97.474741,35.651718
37798,-97.474690,35.651718
37806,-97.474739,35.651856
37805,-97.474586,35.651855
37814,-97.475062,35.652471
37812,-97.475061,35.652488
37813,-97.475061,35.652488
37811,-97.475060,35.652505
37810,-97.475057,35.652556
37803,-97.473652,35.651609
37802,-97.473652,35.651627
37801,-97.473652,35.651644
37800,-97.473652,35.651678
37799,-97.473653,35.651696
37969,-97.472654,35.650732
37970,-97.471765,35.650756
37809,-97.474880,35.652704
37784,-97.474761,35.652721
37785,-97.474736,35.652721
37786,-97.474712,35.652721
37804,-97.473646,35.652501
38482,-97.477936,35.655070
38481,-97.477825,35.655060
38480,-97.477770,35.655055
38485,-97.478047,35.655274
38479,-97.477631,35.655043
38466,-97.480688,35.656378
38467,-97.480688,35.656378
38468,-97.480570,35.656370
38469,-97.480541,35.656367
38470,-97.479519,35.656326
38455,-97.479072,35.658492
38486,-97.477993,35.656016
38487,-97.477937,35.656011
38484,-97.477917,35.656147
38488,-97.477881,35.656005
38489,-97.477825,35.656000
38490,-97.477797,35.655997
38491,-97.477769,35.655995
38483,-97.477861,35.656141
38492,-97.477741,35.655992
38497,-97.477749,35.657181
38498,-97.478057,35.657413
38493,-97.477601,35.655979
38503,-97.476654,35.657153
38664,-97.478415,35.658711
38499,-97.477919,35.658108
38500,-97.477891,35.658105
38501,-97.477891,35.658105
38502,-97.477835,35.658100
38508,-97.477843,35.658239
38507,-97.477815,35.658236
38506,-97.477703,35.658225
38511,-97.478066,35.658282
38510,-97.477955,35.658249
38509,-97.477927,35.658247
38512,-97.478061,35.658587
38513,-97.478059,35.658639
38475,-97.476484,35.654701
38478,-97.476460,35.654939
38477,-97.476403,35.654933
38476,-97.476319,35.654926
38494,-97.476337,35.655861
38496,-97.476460,35.657059
38495,-97.476074,35.657026
37774,-97.475102,35.657042
37775,-97.475101,35.657095
37776,-97.475101,35.657113
38505,-97.476470,35.658109
38504,-97.476068,35.657935
38465,-97.480724,35.659528
38464,-97.480723,35.659535
38454,-97.480594,35.658459
38456,-97.479115,35.659405
38514,-97.477934,35.659257
38515,-97.477907,35.659254
38524,-97.477845,35.659109
38523,-97.477790,35.659103
38516,-97.477879,35.659251
38517,-97.477851,35.659248
38518,-97.477796,35.659242
38522,-97.477707,35.659094
38521,-97.477679,35.659091
38525,-97.478051,35.659424
38526,-97.478051,35.659450
38559,-97.476635,35.659291
38558,-97.476635,35.659325
38635,-97.480651,35.660172
38636,-97.480493,35.660067
38637,-97.480483,35.660160
38638,-97.480481,35.660176
38463,-97.480272,35.660026
38462,-97.480165,35.660025
38461,-97.480057,35.660025
38460,-97.479949,35.660024
38642,-97.480094,35.660908
38645,-97.480100,35.661046
38646,-97.480100,35.661046
38644,-97.480021,35.661046
38643,-97.479932,35.660907
38458,-97.479519,35.660021
38457,-97.479411,35.660021
38459,-97.479304,35.660020
38556,-97.478422,35.660060
38555,-97.478422,35.660077
38554,-97.478420,35.660249
38553,-97.478420,35.660284
38527,-97.477942,35.659980
38528,-97.478066,35.660102
38529,-97.478066,35.660136
38530,-97.478066,35.660308
38531,-97.478066,35.660343
38552,-97.478414,35.661052
38551,-97.478414,35.661068
38550,-97.478414,35.661101
38549,-97.478414,35.661118
38532,-97.478066,35.661112
38533,-97.478066,35.661128
38534,-97.478066,35.661161
38535,-97.478066,35.661276
38536,-97.478066,35.661292
38596,-97.477824,35.661107
38557,-97.476647,35.660238
38595,-97.476662,35.661145
38594,-97.476661,35.661277
38593,-97.476660,35.661293
38592,-97.476660,35.661310
38548,-97.478413,35.662033
38547,-97.478412,35.662050
38546,-97.478412,35.662067
38545,-97.478412,35.662101
38544,-97.478412,35.662118
38543,-97.478411,35.662152
38537,-97.478065,35.662081
38538,-97.478063,35.662214
38539,-97.478063,35.662230
38540,-97.478063,35.662247
38590,-97.477854,35.661938
38591,-97.477798,35.661938
38589,-97.477824,35.662076
38588,-97.477711,35.662075
38587,-97.476654,35.662081
38520,-97.476483,35.658959
38519,-97.476399,35.658948
38560,-97.476466,35.659276
38561,-97.476467,35.659293
38562,-97.476467,35.659344
37773,-97.475087,35.659088
38568,-97.476477,35.660123
38569,-97.476478,35.660207
38563,-97.476241,35.659968
38567,-97.476321,35.660107
38566,-97.476266,35.660106
38565,-97.476212,35.660106
38564,-97.476130,35.660105
38570,-97.476480,35.660291
38577,-97.476495,35.661111
38578,-97.476492,35.661308
38576,-97.476369,35.661099
38571,-97.476233,35.660961
38575,-97.476287,35.661099
38574,-97.476233,35.661099
38573,-97.476178,35.661099
38572,-97.476096,35.661099
37771,-97.475116,35.661324
37772,-97.475113,35.661340
37770,-97.475110,35.661355
38586,-97.476082,35.662066
38585,-97.475954,35.662065
38579,-97.475770,35.661925
38584,-97.475827,35.662064
38583,-97.475699,35.662063
38582,-97.475443,35.662061
38581,-97.475315,35.662060
38580,-97.475188,35.662059
38661,-97.480238,35.662017
38662,-97.480223,35.662210
38626,-97.480377,35.662339
38625,-97.480358,35.662489
38660,-97.480090,35.662015
38654,-97.479975,35.661876
38655,-97.479938,35.661876
38659,-97.480053,35.662015
38658,-97.480016,35.662014
38657,-97.479979,35.662014
38656,-97.479711,35.661873
38621,-97.479979,35.663007
38620,-97.479840,35.663006
38619,-97.479736,35.663005
38663,-97.479553,35.662867
38618,-97.479632,35.663005
38617,-97.479527,35.663004
38542,-97.478411,35.662203
38541,-97.478062,35.662280
39656,-97.478406,35.663030
39654,-97.478407,35.663079
39655,-97.478407,35.663079
39653,-97.478412,35.663228
39652,-97.478418,35.663426
39651,-97.478419,35.663475
39650,-97.478424,35.663692
38616,-97.477985,35.663068
38615,-97.477957,35.663068
38614,-97.477901,35.663068
38613,-97.477873,35.663067
38612,-97.477818,35.663067
38611,-97.477790,35.663067
38598,-97.477709,35.662928
38599,-97.477653,35.662928
38610,-97.477735,35.663066
38609,-97.477707,35.663066
38608,-97.477651,35.663066
36652,-97.477996,35.663638
36651,-97.477989,35.663638
36659,-97.477980,35.663776
36660,-97.477973,35.663776
38600,-97.477625,35.662927
36647,-97.477258,35.663632
36648,-97.477251,35.663632
36667,-97.477199,35.663798
36649,-97.476995,35.663629
36653,-97.477039,35.663758
36650,-97.476940,35.663629
39673,-97.478422,35.664003
39674,-97.478421,35.664019
39675,-97.478421,35.664036
39676,-97.478420,35.664052
39677,-97.478420,35.664069
39678,-97.478420,35.664086
39679,-97.478419,35.664102
36666,-97.477160,35.663897
36665,-97.477081,35.664002
36654,-97.476867,35.663983
36664,-97.476973,35.664089
36655,-97.476715,35.664054
36663,-97.476851,35.664149
36662,-97.476705,35.664199
38601,-97.476417,35.662918
38602,-97.476392,35.662917
38603,-97.476367,35.662917
38607,-97.476478,35.663057
38606,-97.476427,35.663056
38605,-97.476390,35.663055
38604,-97.476342,35.662917
38597,-97.475166,35.662329
36670,-97.474965,35.663767
36671,-97.474962,35.663868
36656,-97.476562,35.664074
36657,-97.476388,35.664068
36661,-97.476578,35.664210
36658,-97.476354,35.664202
36678,-97.475495,35.664374
36679,-97.475479,35.664374
36680,-97.475464,35.664375
36681,-97.475449,35.664375
36682,-97.475434,35.664376
36669,-97.475121,35.664176
36668,-97.475118,35.664277
36677,-97.475503,35.664512
36676,-97.475487,35.664512
36675,-97.475480,35.664512
36674,-97.475465,35.664513
36672,-97.474959,35.663969
36673,-97.474953,35.664172
36698,-97.474963,35.664552
36699,-97.474965,35.664562
36683,-97.474930,35.664389
36684,-97.474899,35.664388
36685,-97.474869,35.664388
36686,-97.474839,35.664388
36697,-97.474867,35.664526
36700,-97.474985,35.664800
36701,-97.474969,35.664809
36702,-97.474954,35.664817
36710,-97.475103,35.664902
36709,-97.475087,35.664910
36708,-97.475071,35.664919
36707,-97.475056,35.664927
36706,-97.475040,35.664936
36705,-97.475024,35.664944
36704,-97.475009,35.664953
36703,-97.474993,35.664961
36688,-97.474174,35.664041
36687,-97.474174,35.664100
36696,-97.474174,35.664532
36689,-97.474006,35.664052
36690,-97.474006,35.664060
36691,-97.474006,35.664565
36692,-97.474006,35.664581
36693,-97.474006,35.664614
36694,-97.474006,35.664631
36695,-97.474006,35.664681
37758,-97.473359,35.664365
37757,-97.473364,35.664418
37756,-97.473364,35.664465
37755,-97.473365,35.664513
37754,-97.473365,35.664560
39662,-97.480185,35.664849
39663,-97.480109,35.664848
39661,-97.480221,35.664987
39692,-97.480295,35.665852
39691,-97.480276,35.665852
39690,-97.480258,35.665853
39689,-97.480222,35.665853
39664,-97.479331,35.664840
39665,-97.479293,35.664839
39666,-97.479255,35.664839
39660,-97.479376,35.664978
39659,-97.479339,35.664978
39658,-97.479301,35.664978
39657,-97.479264,35.664977
39688,-97.479372,35.665857
39686,-97.479294,35.665855
39708,-97.479572,35.666013
39707,-97.479571,35.666038
39706,-97.479571,35.666063
39705,-97.479570,35.666089
39704,-97.479570,35.666114
39703,-97.479570,35.666139
39702,-97.479570,35.666152
39701,-97.479569,35.666165
39709,-97.479403,35.666023
39687,-97.479307,35.665993
39710,-97.479403,35.666074
39711,-97.479402,35.666099
39712,-97.479402,35.666125
39713,-97.479402,35.666150
39714,-97.479401,35.666163
39715,-97.479401,35.666175
39680,-97.478406,35.664981
39681,-97.478414,35.665342
39682,-97.478414,35.665372
39683,-97.478414,35.665402
39684,-97.478414,35.665402
39685,-97.478414,35.665432
39720,-97.478414,35.665982
39719,-97.478414,35.666111
39718,-97.478414,35.666162
39717,-97.478414,35.666214
39716,-97.478414,35.666266
37707,-97.473042,35.663600
37760,-97.473065,35.663725
37761,-97.473054,35.663695
37759,-97.473081,35.663771
37762,-97.472898,35.663748
37763,-97.472903,35.663763
37764,-97.472919,35.663809
37765,-97.473191,35.664379
37766,-97.473196,35.664420
37767,-97.473196,35.664467
37768,-97.473197,35.664515
37769,-97.473197,35.664562
37753,-97.473371,35.665158
37752,-97.473371,35.665174
37751,-97.473372,35.665236
37750,-97.473372,35.665284
37737,-97.473203,35.665160
37738,-97.473204,35.665207
37739,-97.473204,35.665254
37740,-97.473205,35.665301
37749,-97.473379,35.665945
37748,-97.473380,35.665992
37747,-97.473380,35.666039
37746,-97.473380,35.666071
37745,-97.473381,35.666102
37741,-97.473211,35.665978
37742,-97.473212,35.666025
37743,-97.473212,35.666057
37744,-97.473213,35.666120
38639,-97.480338,35.660909
38648,-97.480384,35.661053
38640,-97.480297,35.660909
38641,-97.480257,35.660909
38649,-97.480364,35.661184
38650,-97.480362,35.661201
38651,-97.480360,35.661217
38652,-97.480355,35.661250
38653,-97.480350,35.661283
38647,-97.480180,35.661047
