25785,-97.545129,35.616987
25784,-97.545195,35.617666
25783,-97.545195,35.617692
25782,-97.545195,35.617718
25801,-97.544227,35.617487
25835,-97.544269,35.617625
25834,-97.544227,35.617625
30419,-97.545193,35.618586
30418,-97.545178,35.618724
25836,-97.544276,35.618291
25837,-97.544234,35.618291
25892,-97.544276,35.618429
25891,-97.544234,35.618429
25786,-97.544008,35.616691
25787,-97.543968,35.616691
25788,-97.543849,35.616691
25800,-97.544047,35.616829
25799,-97.543888,35.616829
25802,-97.544184,35.617487
25803,-97.544142,35.617487
25804,-97.544100,35.617487
25805,-97.544057,35.617487
25806,-97.544015,35.617487
25807,-97.543973,35.617487
25833,-97.544184,35.617625
25832,-97.544142,35.617625
25831,-97.544100,35.617625
25830,-97.544057,35.617625
25829,-97.544015,35.617625
25828,-97.543973,35.617625
25838,-97.544192,35.618291
25839,-97.544149,35.618291
25840,-97.544107,35.618291
25841,-97.544064,35.618291
25842,-97.544022,35.618291
25843,-97.543980,35.618291
25890,-97.544192,35.618429
25889,-97.544149,35.618429
25888,-97.544107,35.618429
25887,-97.544064,35.618429
25886,-97.544022,35.618429
25885,-97.543980,35.618429
25798,-97.542973,35.616829
25797,-97.542894,35.616829
25808,-97.543085,35.617484
25809,-97.543043,35.617484
25810,-97.543001,35.617484
25811,-97.542958,35.617484
25812,-97.542916,35.617484
25827,-97.543085,35.617622
25826,-97.543043,35.617622
25825,-97.543001,35.617622
25824,-97.542958,35.617622
25823,-97.542916,35.617622
25844,-97.543089,35.618291
25845,-97.543047,35.618291
25846,-97.543004,35.618291
25847,-97.542962,35.618291
25848,-97.542920,35.618291
25884,-97.543089,35.618429
25883,-97.543047,35.618429
25882,-97.543004,35.618429
25881,-97.542962,35.618429
25880,-97.542920,35.618429
25789,-97.542058,35.616691
25790,-97.542019,35.616691
25791,-97.541979,35.616691
25854,-97.541676,35.616677
25796,-97.542098,35.616829
25795,-97.542058,35.616829
25794,-97.542019,35.616829
25793,-97.541979,35.616829
25792,-97.541939,35.616829
25855,-97.541676,35.616849
25856,-97.541676,35.616863
25857,-97.541676,35.617110
25858,-97.541676,35.617125
25859,-97.541676,35.617139
25860,-97.541676,35.617154
25861,-97.541676,35.617169
25862,-97.541676,35.617183
25813,-97.542113,35.617481
25814,-97.542071,35.617481
25815,-97.542029,35.617481
25816,-97.541986,35.617481
25817,-97.541944,35.617481
25822,-97.542113,35.617619
25821,-97.542071,35.617619
25820,-97.542029,35.617619
25819,-97.541986,35.617619
25818,-97.541944,35.617619
25863,-97.541676,35.617789
25849,-97.542114,35.618291
25850,-97.542072,35.618291
25851,-97.542029,35.618291
25852,-97.541987,35.618291
25853,-97.541944,35.618291
25879,-97.542114,35.618429
25878,-97.542072,35.618429
25877,-97.542029,35.618429
25876,-97.541987,35.618429
25875,-97.541944,35.618429
25864,-97.541677,35.618443
25865,-97.541678,35.618577
25866,-97.541680,35.618711
26102,-97.540674,35.616960
26101,-97.540674,35.617010
26100,-97.540674,35.617060
26099,-97.540674,35.617111
26098,-97.540672,35.617743
26097,-97.540671,35.617794
26096,-97.540670,35.617845
26095,-97.540665,35.618531
30417,-97.545145,35.618869
30416,-97.545112,35.619001
30415,-97.545085,35.619254
30414,-97.545085,35.619288
30413,-97.545086,35.619321
30412,-97.545086,35.619355
30411,-97.545086,35.619388
30410,-97.545094,35.620042
30409,-97.545094,35.620067
30408,-97.545094,35.620093
30407,-97.545094,35.620119
30406,-97.545094,35.620145
30405,-97.545094,35.620171
30404,-97.545094,35.620842
30420,-97.544340,35.619887
30456,-97.544344,35.620025
30421,-97.544308,35.619887
30422,-97.544275,35.619887
30423,-97.544243,35.619887
30424,-97.544210,35.619887
30455,-97.544312,35.620025
30454,-97.544280,35.620025
30453,-97.544247,35.620025
30452,-97.544215,35.620025
30457,-97.544342,35.620679
30492,-97.544342,35.620817
30458,-97.544310,35.620678
30459,-97.544277,35.620678
30460,-97.544245,35.620677
30461,-97.544212,35.620677
30491,-97.544310,35.620817
30490,-97.544278,35.620816
30489,-97.544245,35.620815
30488,-97.544213,35.620815
30403,-97.545094,35.620867
30402,-97.545094,35.620893
30401,-97.545094,35.620918
30400,-97.545094,35.620944
30399,-97.545094,35.620995
25893,-97.544187,35.619067
25894,-97.544146,35.619067
25895,-97.544106,35.619067
25896,-97.544065,35.619067
25897,-97.544024,35.619067
25898,-97.543984,35.619067
25899,-97.543943,35.619067
25926,-97.544187,35.619205
25925,-97.544146,35.619205
25924,-97.544106,35.619205
25923,-97.544065,35.619205
25922,-97.544024,35.619205
25921,-97.543984,35.619205
25920,-97.543943,35.619205
25919,-97.543902,35.619205
30425,-97.544178,35.619887
30426,-97.544145,35.619886
30427,-97.544113,35.619886
30451,-97.544183,35.620025
30450,-97.544151,35.620024
30449,-97.544118,35.620024
30462,-97.544180,35.620676
30463,-97.544147,35.620676
30464,-97.544115,35.620675
30487,-97.544181,35.620814
30486,-97.544149,35.620814
30485,-97.544116,35.620813
30428,-97.543430,35.619883
30448,-97.543441,35.620022
30429,-97.543398,35.619883
30430,-97.543365,35.619883
30431,-97.543333,35.619883
30432,-97.543300,35.619883
30447,-97.543409,35.620021
30446,-97.543377,35.620021
30445,-97.543344,35.620021
30444,-97.543312,35.620021
30465,-97.543432,35.620664
30484,-97.543439,35.620802
30466,-97.543367,35.620663
30467,-97.543335,35.620662
30468,-97.543302,35.620662
30483,-97.543407,35.620801
30482,-97.543375,35.620801
30481,-97.543342,35.620800
30480,-97.543310,35.620800
25900,-97.543049,35.619064
25901,-97.543008,35.619064
25902,-97.542967,35.619064
25903,-97.542927,35.619064
25918,-97.543049,35.619202
25917,-97.543008,35.619202
25916,-97.542967,35.619202
25915,-97.542927,35.619202
25904,-97.542886,35.619064
25914,-97.542886,35.619202
30479,-97.542698,35.620790
30433,-97.542500,35.619879
30443,-97.542435,35.620016
30434,-97.542385,35.619877
30442,-97.542310,35.620015
30435,-97.542270,35.619876
30436,-97.542155,35.619875
30441,-97.542184,35.620013
30478,-97.542440,35.620789
30469,-97.542392,35.620651
30470,-97.542286,35.620651
30477,-97.542324,35.620789
30471,-97.542179,35.620651
30476,-97.542208,35.620789
30493,-97.544012,35.621472
30494,-97.543961,35.621470
30398,-97.543955,35.621608
30495,-97.543910,35.621469
30496,-97.543858,35.621468
30397,-97.543904,35.621607
30396,-97.543852,35.621606
30497,-97.543807,35.621466
30498,-97.543755,35.621465
30499,-97.543704,35.621464
30395,-97.543801,35.621604
30500,-97.543653,35.621463
30501,-97.542831,35.621461
30502,-97.542799,35.621461
30519,-97.542799,35.621599
30503,-97.542768,35.621461
30504,-97.542736,35.621461
30505,-97.542704,35.621461
30506,-97.542672,35.621461
30518,-97.542768,35.621599
30517,-97.542736,35.621599
30516,-97.542704,35.621599
30515,-97.542672,35.621599
25905,-97.542113,35.619061
25906,-97.542073,35.619061
25907,-97.542032,35.619061
25908,-97.541991,35.619061
25909,-97.541951,35.619061
25913,-97.542113,35.619199
25912,-97.542073,35.619199
25911,-97.542032,35.619199
25910,-97.541991,35.619199
25867,-97.541681,35.618846
25868,-97.541683,35.618980
25869,-97.541673,35.619203
25870,-97.541668,35.619236
25871,-97.541663,35.619269
25872,-97.541658,35.619302
25873,-97.541654,35.619333
25874,-97.541648,35.619366
30437,-97.542040,35.619874
30440,-97.542059,35.620012
30439,-97.541934,35.620011
30438,-97.541809,35.620010
30472,-97.542073,35.620651
30475,-97.542092,35.620789
30473,-97.541966,35.620651
30474,-97.541860,35.620651
25927,-97.541678,35.620803
25928,-97.541678,35.620828
25929,-97.541679,35.620854
26094,-97.540669,35.618819
26093,-97.540674,35.619202
26092,-97.540674,35.619236
26091,-97.540674,35.619270
26020,-97.540501,35.618821
26081,-97.540506,35.619202
26082,-97.540506,35.619236
26021,-97.540310,35.619113
26080,-97.540265,35.619276
26022,-97.540199,35.619150
26079,-97.540163,35.619311
26090,-97.540678,35.619916
26089,-97.540678,35.619950
26088,-97.540679,35.619984
26087,-97.540679,35.620018
26083,-97.540510,35.619916
26084,-97.540510,35.619950
26085,-97.540511,35.619984
26086,-97.540511,35.620018
25930,-97.541679,35.620879
25931,-97.541680,35.620905
25932,-97.541681,35.620930
30507,-97.542041,35.621447
30514,-97.542035,35.621585
30508,-97.542009,35.621446
30509,-97.541978,35.621445
30510,-97.541946,35.621444
30513,-97.542003,35.621584
30512,-97.541972,35.621583
30511,-97.541940,35.621582
25933,-97.541699,35.621594
25934,-97.541699,35.621619
25935,-97.541700,35.621645
26023,-97.539990,35.619227
26103,-97.539757,35.616761
26104,-97.539656,35.616761
26105,-97.539554,35.616761
26106,-97.539453,35.616761
26107,-97.539351,35.616761
26108,-97.539248,35.616761
26019,-97.539656,35.616899
26018,-97.539554,35.616899
26017,-97.539453,35.616899
26016,-97.539351,35.616899
26015,-97.539252,35.616899
25991,-97.539390,35.617597
25990,-97.539392,35.617735
25992,-97.539257,35.617597
25989,-97.539259,35.617735
25993,-97.539124,35.617598
25988,-97.539126,35.617736
25981,-97.539131,35.618388
25980,-97.539133,35.618526
25994,-97.538991,35.617599
25987,-97.538993,35.617737
25995,-97.538859,35.617600
25986,-97.538861,35.617738
25999,-97.538677,35.617753
26109,-97.538182,35.616778
26014,-97.538186,35.616916
26110,-97.538081,35.616779
26013,-97.538085,35.616917
25996,-97.538081,35.617607
25985,-97.538845,35.617802
26000,-97.538677,35.617804
26001,-97.538678,35.617855
25982,-97.539066,35.618388
25983,-97.539000,35.618389
25979,-97.539068,35.618526
25978,-97.539002,35.618527
25984,-97.538934,35.618389
25977,-97.538936,35.618527
25976,-97.538854,35.618542
25975,-97.538854,35.618615
25974,-97.538854,35.618689
26002,-97.538686,35.618542
26003,-97.538686,35.618615
26004,-97.538686,35.618689
26111,-97.537935,35.616798
26012,-97.538031,35.616910
26112,-97.537795,35.616979
26113,-97.537794,35.617029
25997,-97.538025,35.617608
25998,-97.537969,35.617609
26011,-97.537954,35.617762
26114,-97.537786,35.617762
26010,-97.537954,35.617849
26009,-97.537954,35.617937
26115,-97.537786,35.617846
26078,-97.539331,35.619895
26077,-97.539283,35.619960
26024,-97.539137,35.619890
26025,-97.539113,35.619923
26074,-97.539189,35.620763
26075,-97.539131,35.620762
26076,-97.539074,35.620762
25973,-97.538793,35.619616
25972,-97.538770,35.619610
25971,-97.538331,35.619562
26073,-97.539302,35.620902
26072,-97.539244,35.620902
26071,-97.539187,35.620901
26070,-97.539129,35.620900
26069,-97.539072,35.620900
26008,-97.537954,35.618857
26007,-97.537954,35.618901
26006,-97.537954,35.618945
26005,-97.537955,35.619131
25970,-97.537977,35.619552
25969,-97.537962,35.619652
25968,-97.537961,35.619741
25967,-97.537960,35.619786
26136,-97.537794,35.619605
26137,-97.537794,35.619650
26138,-97.537793,35.619695
26139,-97.537793,35.619739
26116,-97.537057,35.619011
26117,-97.537029,35.619021
26135,-97.537097,35.619147
25965,-97.537944,35.620711
25963,-97.537922,35.620852
25966,-97.537904,35.620698
25962,-97.537842,35.620826
25961,-97.537776,35.620823
26118,-97.536985,35.619045
26134,-97.536991,35.619300
26133,-97.536988,35.619323
26119,-97.536826,35.619261
26120,-97.536823,35.619284
26121,-97.536820,35.619307
26132,-97.536979,35.619802
26131,-97.536979,35.619825
26122,-97.536811,35.619800
26123,-97.536811,35.619823
26130,-97.536979,35.619849
26129,-97.536978,35.619872
26124,-97.536811,35.619847
26125,-97.536810,35.619870
26126,-97.536810,35.619893
26128,-97.537024,35.620543
26127,-97.536999,35.620535
25964,-97.537962,35.620865
25960,-97.537714,35.620937
26063,-97.539391,35.621502
26064,-97.539343,35.621502
26062,-97.539341,35.621640
26065,-97.539295,35.621502
26066,-97.539247,35.621501
26067,-97.539199,35.621501
26068,-97.539151,35.621501
26061,-97.539293,35.621640
26060,-97.539245,35.621639
26059,-97.539197,35.621639
26058,-97.539149,35.621639
26052,-97.539473,35.622252
26053,-97.539428,35.622252
26054,-97.539384,35.622252
26055,-97.539339,35.622251
26051,-97.539426,35.622390
26050,-97.539382,35.622390
26049,-97.539337,35.622389
26056,-97.539295,35.622251
26057,-97.539251,35.622251
26048,-97.539293,35.622389
26047,-97.539249,35.622389
26026,-97.539068,35.622404
26027,-97.538160,35.622994
26028,-97.538113,35.622994
26029,-97.538066,35.622994
25957,-97.537598,35.621511
25956,-97.537661,35.621649
25955,-97.537598,35.621649
25958,-97.537535,35.621511
25959,-97.537472,35.621511
25954,-97.537535,35.621649
25953,-97.537472,35.621649
25952,-97.537410,35.621649
25947,-97.537736,35.622251
25948,-97.537669,35.622251
25946,-97.537669,35.622389
25949,-97.537601,35.622251
25945,-97.537601,35.622389
25950,-97.537467,35.622251
25944,-97.537534,35.622389
25943,-97.537467,35.622389
25951,-97.537400,35.622251
25942,-97.537400,35.622389
26030,-97.538020,35.622994
26031,-97.537973,35.622995
26046,-97.538160,35.623132
26045,-97.538113,35.623132
26044,-97.538066,35.623132
26032,-97.537926,35.622995
26043,-97.538020,35.623132
26042,-97.537973,35.623133
26041,-97.537926,35.623133
26040,-97.537040,35.623137
26033,-97.536993,35.622999
26034,-97.536946,35.623000
26035,-97.536900,35.623000
26039,-97.536993,35.623137
26038,-97.536946,35.623138
26037,-97.536900,35.623138
26036,-97.536853,35.623138
26140,-97.536097,35.622356
26141,-97.536056,35.622383
25941,-97.536162,35.622489
25940,-97.536122,35.622516
26142,-97.536016,35.622410
25939,-97.536081,35.622543
25938,-97.536041,35.622571
26143,-97.535975,35.622437
26144,-97.535935,35.622465
26145,-97.535311,35.622871
26146,-97.535289,35.622885
26147,-97.535267,35.622899
25937,-97.535350,35.623022
26148,-97.535246,35.622914
25936,-97.535234,35.623079
26149,-97.535066,35.623079
26150,-97.535056,35.623084
30394,-97.543638,35.621926
30393,-97.543638,35.621939
30392,-97.543638,35.621951
30391,-97.543638,35.621964
30390,-97.543639,35.621977
30389,-97.543646,35.622401
30388,-97.543649,35.622546
30387,-97.543652,35.622692
30386,-97.543656,35.622837
30520,-97.542822,35.622244
30521,-97.542791,35.622242
30537,-97.542812,35.622382
30522,-97.542760,35.622241
30523,-97.542722,35.622241
30524,-97.542690,35.622242
30536,-97.542781,35.622380
30535,-97.542750,35.622379
30534,-97.542726,35.622379
30533,-97.542694,35.622380
30385,-97.543659,35.622983
30384,-97.543660,35.623224
30383,-97.543658,35.623260
30538,-97.542814,35.623056
30539,-97.542781,35.623056
30540,-97.542749,35.623055
30541,-97.542716,35.623055
30542,-97.542684,35.623055
30554,-97.542812,35.623194
30553,-97.542779,35.623194
30552,-97.542747,35.623193
30551,-97.542714,35.623193
30550,-97.542682,35.623193
30525,-97.542071,35.622242
30526,-97.542040,35.622240
30532,-97.542061,35.622380
30531,-97.542030,35.622378
30527,-97.542009,35.622239
30528,-97.541977,35.622237
30530,-97.541999,35.622377
30529,-97.541967,35.622375
30543,-97.542033,35.623051
30544,-97.541973,35.623050
30545,-97.541940,35.623049
30549,-97.542033,35.623189
30548,-97.542000,35.623189
30547,-97.541963,35.623188
30546,-97.541930,35.623187
30382,-97.546153,35.623582
31202,-97.545309,35.631325
31201,-97.545306,35.631361
31200,-97.545299,35.631472
31199,-97.545252,35.632246
31198,-97.545250,35.632283
31197,-97.545248,35.632320
31196,-97.545241,35.632514
31195,-97.545240,35.632526
31194,-97.545240,35.632539
31217,-97.545132,35.631463
31203,-97.544410,35.631158
31204,-97.544363,35.631157
31205,-97.544317,35.631156
31206,-97.544270,35.631156
31207,-97.544224,35.631155
31216,-97.544266,35.631294
31215,-97.544220,35.631293
31221,-97.544518,35.631830
31230,-97.544455,35.631983
31233,-97.544526,35.632050
31232,-97.544503,35.632028
31231,-97.544480,35.632007
31228,-97.544388,35.631916
31229,-97.544410,35.631938
31218,-97.545085,35.632223
31219,-97.545083,35.632259
31220,-97.545081,35.632295
31208,-97.544177,35.631154
31209,-97.544131,35.631154
31210,-97.544084,35.631153
31214,-97.544173,35.631292
31213,-97.544127,35.631292
31212,-97.544080,35.631291
31211,-97.543992,35.631152
31227,-97.543952,35.631461
31223,-97.543877,35.631350
31222,-97.543861,35.631325
31225,-97.543909,35.631401
31224,-97.543893,35.631376
31226,-97.543925,35.631427
31909,-97.543878,35.633104
31910,-97.543826,35.633135
31235,-97.543431,35.632415
31234,-97.543472,35.632454
31237,-97.543361,35.632370
31238,-97.543326,35.632348
31239,-97.543291,35.632326
31236,-97.543396,35.632393
31242,-97.543342,35.632540
31241,-97.543327,35.632523
31240,-97.543292,35.632501
31911,-97.543775,35.633167
31251,-97.541977,35.630992
31250,-97.541954,35.631358
31249,-97.541950,35.631389
31248,-97.541946,35.631421
31247,-97.541924,35.631485
31246,-97.541497,35.632232
31245,-97.541396,35.632400
31244,-97.541271,35.632520
31252,-97.540994,35.631192
31253,-97.540955,35.631192
31254,-97.540917,35.631191
31255,-97.540879,35.631191
31260,-97.540953,35.631330
31259,-97.540915,35.631329
31258,-97.540877,35.631329
31256,-97.540841,35.631191
31257,-97.540839,35.631329
31261,-97.540855,35.632052
31262,-97.540833,35.632052
31263,-97.540811,35.632052
31266,-97.541104,35.632476
31265,-97.540831,35.632190
31264,-97.540809,35.632190
31267,-97.540988,35.632665
31268,-97.540956,35.632861
31026,-97.546275,35.632589
31148,-97.546562,35.633412
31135,-97.546523,35.633550
31149,-97.546381,35.633411
31134,-97.546475,35.633549
31133,-97.546427,35.633549
31132,-97.546379,35.633549
31096,-97.546310,35.634045
31098,-97.546275,35.634012
31097,-97.546292,35.634029
31099,-97.546257,35.633995
31023,-97.546165,35.632451
31025,-97.546219,35.632589
31024,-97.546144,35.632631
31044,-97.545976,35.632319
31045,-97.545976,35.632359
31046,-97.545976,35.632398
31047,-97.545976,35.632438
31048,-97.545976,35.632609
31049,-97.545976,35.632624
31050,-97.545880,35.633411
31103,-97.545892,35.633615
31102,-97.545896,35.633620
31100,-97.546240,35.633979
31101,-97.546222,35.633962
31108,-97.546182,35.634135
31107,-97.546147,35.634102
31106,-97.546112,35.634069
31105,-97.545750,35.633693
31104,-97.545740,35.633672
31051,-97.545594,35.633413
31052,-97.545429,35.633416
31053,-97.545263,35.633419
31079,-97.545315,35.634892
31078,-97.545300,35.634902
31077,-97.545285,35.634912
31076,-97.545271,35.634922
31130,-97.545394,35.635056
31131,-97.545358,35.635022
31125,-97.545301,35.635180
31123,-97.545230,35.635112
31124,-97.545266,35.635146
31054,-97.544789,35.633358
31055,-97.544603,35.633344
31063,-97.544487,35.633512
31056,-97.544423,35.633384
31062,-97.544369,35.633577
31057,-97.544267,35.633467
31061,-97.544238,35.633659
31071,-97.544770,35.634297
31070,-97.544754,35.634307
31069,-97.544737,35.634317
31068,-97.544721,35.634327
31118,-97.544786,35.634667
31072,-97.545209,35.634786
31073,-97.545194,35.634796
31074,-97.545179,35.634806
31075,-97.545165,35.634816
31120,-97.545011,35.634904
31121,-97.545158,35.635044
31122,-97.545194,35.635078
31119,-97.544891,35.634786
31064,-97.544670,35.634187
31065,-97.544654,35.634197
31066,-97.544637,35.634207
31067,-97.544621,35.634217
31116,-97.544578,35.634426
31117,-97.544681,35.634546
31058,-97.544136,35.633549
31059,-97.544005,35.633628
31060,-97.544101,35.633740
31113,-97.544050,35.633909
31112,-97.544034,35.633893
31111,-97.544013,35.633874
31110,-97.543993,35.633855
31109,-97.543973,35.633836
31115,-97.544087,35.633949
31114,-97.544068,35.633929
31906,-97.543275,35.634107
31907,-97.543266,35.634098
31908,-97.543257,35.634089
31905,-97.543285,35.634117
31901,-97.543714,35.634551
31902,-97.543681,35.634515
31899,-97.543780,35.634623
31900,-97.543747,35.634587
31903,-97.543639,35.634472
31904,-97.543600,35.634440
31979,-97.543580,35.634633
31977,-97.543480,35.634536
31978,-97.543519,35.634568
31947,-97.543339,35.634441
31948,-97.543308,35.634466
31976,-97.543366,35.634614
31975,-97.543304,35.634666
31949,-97.543277,35.634492
31950,-97.543246,35.634518
31951,-97.543215,35.634544
31952,-97.543184,35.634570
31981,-97.543680,35.634741
31980,-97.543646,35.634705
31974,-97.543273,35.634692
31912,-97.542798,35.633811
31946,-97.542896,35.633923
31913,-97.542564,35.633940
31945,-97.542648,35.634058
31953,-97.543153,35.634596
31914,-97.542057,35.634139
31915,-97.541647,35.634156
31243,-97.541141,35.633613
31916,-97.541485,35.634155
31944,-97.542075,35.634311
31943,-97.542075,35.634338
31942,-97.542075,35.634365
31941,-97.542076,35.634392
31917,-97.541907,35.634313
31918,-97.541907,35.634340
31919,-97.541907,35.634367
31940,-97.542084,35.634990
31939,-97.542084,35.635017
31938,-97.542085,35.635045
31920,-97.541916,35.634992
31921,-97.541916,35.635019
31922,-97.541917,35.635047
31302,-97.541142,35.634303
31301,-97.541141,35.634330
31300,-97.541141,35.634357
31299,-97.541132,35.634982
31298,-97.541132,35.635009
31297,-97.541131,35.635037
31269,-97.540976,35.633862
31270,-97.540974,35.634301
31271,-97.540973,35.634328
31272,-97.540973,35.634355
31273,-97.540964,35.634980
31274,-97.540964,35.635007
31275,-97.540963,35.635035
31085,-97.546098,35.635557
31086,-97.546069,35.635576
31087,-97.546041,35.635596
31088,-97.546013,35.635616
31129,-97.545444,35.635316
31127,-97.545373,35.635248
31128,-97.545408,35.635282
31126,-97.545337,35.635214
31886,-97.544321,35.636311
31887,-97.544277,35.636312
31888,-97.544233,35.636313
31884,-97.544239,35.636451
31883,-97.544195,35.636453
31897,-97.544110,35.635506
31898,-97.544092,35.635505
31896,-97.544118,35.635645
31895,-97.544100,35.635644
31894,-97.544082,35.635643
31893,-97.544065,35.635643
31982,-97.543884,35.635651
31983,-97.543883,35.635677
31984,-97.543883,35.635704
31985,-97.543883,35.635731
31889,-97.544189,35.636315
31890,-97.544145,35.636316
31891,-97.544101,35.636317
31882,-97.544151,35.636454
31881,-97.544107,35.636455
31892,-97.544057,35.636319
31880,-97.544063,35.636457
31986,-97.543878,35.636473
31973,-97.543076,35.635284
31972,-97.543077,35.635320
31971,-97.543077,35.635357
31954,-97.542908,35.635286
31955,-97.542909,35.635322
31956,-97.542909,35.635359
31970,-97.543087,35.636189
31957,-97.542919,35.636191
31969,-97.543087,35.636225
31968,-97.543087,35.636262
31967,-97.543088,35.636298
31966,-97.543088,35.636334
31965,-97.543089,35.636370
31964,-97.543089,35.636406
31958,-97.542919,35.636227
31959,-97.542919,35.636264
31960,-97.542920,35.636300
31961,-97.542920,35.636336
31962,-97.542921,35.636372
31963,-97.542921,35.636408
31937,-97.542093,35.635670
31936,-97.542093,35.635697
31923,-97.541925,35.635672
31924,-97.541925,35.635699
31935,-97.542094,35.635724
31925,-97.541926,35.635726
31885,-97.544283,35.636450
31875,-97.544239,35.637088
31876,-97.544197,35.637087
31858,-97.544233,35.637226
31987,-97.543878,35.636497
31988,-97.543879,35.636521
31989,-97.543879,35.636545
31877,-97.544156,35.637086
31878,-97.544114,35.637085
31879,-97.544073,35.637084
31857,-97.544191,35.637225
31856,-97.544150,35.637224
31855,-97.544108,35.637223
31854,-97.544067,35.637222
31990,-97.543889,35.637234
31991,-97.543890,35.637259
31992,-97.543103,35.637861
31993,-97.543045,35.637861
31994,-97.542988,35.637861
31995,-97.542933,35.637860
31996,-97.542876,35.637858
31997,-97.542818,35.637856
31998,-97.542761,35.637855
31296,-97.541123,35.635662
31295,-97.541123,35.635689
31294,-97.541122,35.635716
31934,-97.542102,35.636349
31933,-97.542103,35.636377
31932,-97.542103,35.636404
31931,-97.542104,35.636431
31930,-97.542104,35.636458
31926,-97.541934,35.636351
31927,-97.541935,35.636379
31928,-97.541935,35.636406
31929,-97.541936,35.636433
31289,-97.541262,35.637160
31288,-97.541226,35.637160
31287,-97.541190,35.637159
31286,-97.541154,35.637159
31276,-97.540955,35.635660
31277,-97.540955,35.635687
31278,-97.540954,35.635714
31293,-97.541114,35.636341
31292,-97.541113,35.636369
31291,-97.541113,35.636396
31290,-97.541112,35.636423
31279,-97.540946,35.636339
31280,-97.540945,35.636367
31281,-97.540945,35.636394
31282,-97.540944,35.636421
31285,-97.541119,35.637159
31284,-97.540876,35.637159
31283,-97.540790,35.637159
31863,-97.545277,35.637246
31862,-97.545236,35.637246
31873,-97.545150,35.637109
31874,-97.545109,35.637109
31861,-97.545194,35.637247
31860,-97.545152,35.637247
31859,-97.545111,35.637247
31844,-97.545312,35.637871
31845,-97.545270,35.637871
31846,-97.545229,35.637871
31843,-97.545270,35.638009
31842,-97.545229,35.638009
31847,-97.545188,35.637871
31848,-97.545106,35.637871
31841,-97.545188,35.638009
31840,-97.545147,35.638009
31839,-97.545106,35.638009
31849,-97.544244,35.637871
31850,-97.544203,35.637871
31838,-97.544244,35.638009
31837,-97.544203,35.638009
31851,-97.544162,35.637871
31852,-97.544121,35.637871
31853,-97.544080,35.637871
31836,-97.544162,35.638009
31835,-97.544121,35.638009
31834,-97.544080,35.638009
32006,-97.543074,35.637999
32005,-97.543016,35.637999
32004,-97.542956,35.637998
32003,-97.542898,35.637997
32002,-97.542841,35.637995
32001,-97.542784,35.637994
32000,-97.542726,35.637992
31999,-97.542669,35.637990
31155,-97.547576,35.634110
31080,-97.546940,35.635111
31081,-97.546903,35.635111
31082,-97.546840,35.635121
31083,-97.546805,35.635131
31084,-97.546770,35.635141
31095,-97.546903,35.635249
31094,-97.546896,35.635251
31093,-97.546826,35.635271
31868,-97.546334,35.636762
31867,-97.546334,35.636775
31866,-97.546334,35.636788
31865,-97.546334,35.636802
31864,-97.546334,35.636815
31092,-97.546232,35.635643
31091,-97.546177,35.635680
31090,-97.546149,35.635700
31089,-97.546121,35.635720
31869,-97.546166,35.636762
31870,-97.546166,35.636775
31871,-97.546166,35.636788
31872,-97.546166,35.636802
30977,-97.548914,35.632174
30976,-97.548914,35.632206
30975,-97.548914,35.632238
30974,-97.548914,35.632270
30973,-97.548914,35.632302
30972,-97.548914,35.632366
30979,-97.548746,35.632142
30980,-97.548746,35.632174
30981,-97.548746,35.632206
30982,-97.548746,35.632238
31193,-97.548914,35.633664
31192,-97.548914,35.633693
31191,-97.548914,35.633723
31190,-97.548914,35.633752
31136,-97.548304,35.633421
31166,-97.548746,35.633679
31167,-97.548746,35.633708
31168,-97.548746,35.633737
31169,-97.548746,35.633767
31189,-97.548914,35.634325
31188,-97.548914,35.634354
31187,-97.548914,35.634384
31186,-97.548914,35.634413
31185,-97.548914,35.634442
31184,-97.548914,35.634472
31183,-97.548914,35.634501
31182,-97.548914,35.634530
31181,-97.548914,35.634560
31180,-97.548914,35.634589
31170,-97.548746,35.634325
31171,-97.548746,35.634354
31172,-97.548746,35.634384
31173,-97.548746,35.634413
31174,-97.548746,35.634442
31175,-97.548746,35.634472
31176,-97.548746,35.634501
31177,-97.548746,35.634530
31178,-97.548746,35.634560
31179,-97.548746,35.634589
30983,-97.547981,35.631991
30984,-97.547943,35.631991
30985,-97.547828,35.631991
30971,-97.547790,35.631991
30992,-97.547774,35.631379
30991,-97.547774,35.631403
30990,-97.547774,35.631427
30989,-97.547774,35.631451
30988,-97.547774,35.631476
30987,-97.547774,35.631500
31015,-97.547606,35.631379
30993,-97.547606,35.631476
30994,-97.547606,35.631500
30995,-97.547606,35.631524
30996,-97.547606,35.631549
30986,-97.547828,35.632129
30997,-97.547774,35.632142
32435,-97.547541,35.632460
32436,-97.547541,35.632460
30998,-97.546823,35.631191
30999,-97.546774,35.631191
31014,-97.546774,35.631329
31000,-97.546725,35.631191
31001,-97.546675,35.631191
31002,-97.546626,35.631191
31013,-97.546725,35.631329
31012,-97.546675,35.631329
31011,-97.546626,35.631329
31003,-97.546577,35.631191
31004,-97.546527,35.631191
31010,-97.546577,35.631329
31009,-97.546527,35.631329
31005,-97.546478,35.631191
31006,-97.546429,35.631191
31007,-97.546380,35.631191
31008,-97.546478,35.631329
31033,-97.546668,35.632592
31016,-97.546558,35.632453
31017,-97.546501,35.632453
31032,-97.546612,35.632591
31031,-97.546556,35.632591
31030,-97.546499,35.632591
31018,-97.546445,35.632452
31019,-97.546389,35.632452
31029,-97.546443,35.632590
31028,-97.546387,35.632590
31020,-97.546333,35.632452
31021,-97.546277,35.632451
31027,-97.546331,35.632590
31137,-97.548281,35.633421
31138,-97.548259,35.633421
31139,-97.548236,35.633421
31140,-97.548190,35.633421
31141,-97.548168,35.633421
31142,-97.547760,35.633421
31165,-97.547744,35.633623
31164,-97.547744,35.633644
31150,-97.547576,35.633634
31151,-97.547576,35.633654
31143,-97.547469,35.633419
31144,-97.547287,35.633417
31163,-97.547744,35.633665
31162,-97.547744,35.633685
31152,-97.547576,35.633675
31153,-97.547576,35.633696
31161,-97.547744,35.634089
31160,-97.547744,35.634110
31159,-97.547744,35.634131
31158,-97.547744,35.634151
31157,-97.547744,35.634172
31154,-97.547576,35.634089
31156,-97.547744,35.634193
31145,-97.547106,35.633416
31146,-97.546925,35.633415
31147,-97.546743,35.633413
31037,-97.546135,35.631489
31036,-97.546144,35.631554
31038,-97.545898,35.631371
31039,-97.545915,35.631407
31040,-97.545969,35.631518
31041,-97.545976,35.631530
31042,-97.545976,35.631570
31043,-97.545976,35.631609
31035,-97.546144,35.632337
31034,-97.546144,35.632377
31022,-97.546221,35.632451
32102,-97.552952,35.628531
32103,-97.552952,35.628669
31544,-97.554200,35.629431
31545,-97.554125,35.629431
31546,-97.554050,35.629431
31541,-97.554125,35.629569
31540,-97.554050,35.629569
32400,-97.553848,35.629568
32401,-97.553848,35.629568
32403,-97.553848,35.629568
31506,-97.554040,35.630231
31547,-97.552729,35.629424
31548,-97.552657,35.629423
31539,-97.552655,35.629561
31549,-97.552584,35.629423
31538,-97.552582,35.629561
31550,-97.552512,35.629422
31551,-97.552440,35.629422
31537,-97.552510,35.629560
31536,-97.552438,35.629560
31507,-97.552794,35.630221
31508,-97.552722,35.630220
31509,-97.552650,35.630220
31482,-97.552792,35.630359
31481,-97.552720,35.630358
31480,-97.552648,35.630358
31510,-97.552434,35.630218
31479,-97.552576,35.630357
31478,-97.552504,35.630357
31477,-97.552432,35.630356
31453,-97.552778,35.630996
31454,-97.552706,35.630995
31455,-97.552635,35.630993
31456,-97.552564,35.630991
31457,-97.552490,35.630991
31458,-97.552419,35.630991
31622,-97.551481,35.628517
31620,-97.551448,35.628517
31618,-97.551414,35.628517
31616,-97.551381,35.628517
31625,-97.551546,35.628656
31624,-97.551512,35.628656
31623,-97.551479,35.628655
31621,-97.551446,35.628655
31619,-97.551412,35.628655
31617,-97.551379,35.628655
31614,-97.551347,35.628516
31612,-97.551314,35.628516
31615,-97.551345,35.628654
31613,-97.551312,35.628654
31611,-97.550408,35.628646
31610,-97.550375,35.628645
31609,-97.550341,35.628645
31552,-97.552367,35.629422
31553,-97.552295,35.629421
31535,-97.552365,35.629560
31534,-97.552293,35.629559
31554,-97.552223,35.629421
31555,-97.552150,35.629420
31533,-97.552221,35.629559
31532,-97.552148,35.629558
31531,-97.552076,35.629558
31511,-97.552361,35.630217
31512,-97.552289,35.630217
31513,-97.552217,35.630216
31514,-97.552145,35.630216
31476,-97.552359,35.630355
31475,-97.552287,35.630355
31474,-97.552215,35.630354
31473,-97.552143,35.630354
31515,-97.552073,35.630215
31472,-97.552071,35.630353
31459,-97.552348,35.630991
31460,-97.552134,35.630991
31461,-97.552062,35.630991
31556,-97.550849,35.629414
31557,-97.550777,35.629413
31530,-97.550847,35.629552
31529,-97.550775,35.629551
31558,-97.550704,35.629413
31559,-97.550632,35.629412
31528,-97.550702,35.629551
31527,-97.550630,35.629550
31560,-97.550560,35.629412
31561,-97.550487,35.629412
31526,-97.550558,35.629550
31525,-97.550485,35.629550
31562,-97.550415,35.629411
31563,-97.550343,35.629411
31524,-97.550413,35.629549
31516,-97.550919,35.630206
31471,-97.550917,35.630344
31462,-97.550921,35.630991
31517,-97.550847,35.630205
31518,-97.550775,35.630205
31519,-97.550703,35.630204
31520,-97.550631,35.630203
31470,-97.550845,35.630343
31469,-97.550773,35.630343
31468,-97.550701,35.630342
31467,-97.550629,35.630341
31521,-97.550559,35.630203
31522,-97.550487,35.630202
31523,-97.550415,35.630202
31466,-97.550557,35.630341
31465,-97.550485,35.630340
31464,-97.550413,35.630340
31463,-97.550422,35.630991
31389,-97.552631,35.631131
31388,-97.552560,35.631129
31387,-97.552490,35.631129
31386,-97.552419,35.631129
31368,-97.552594,35.631812
31369,-97.552533,35.631812
31370,-97.552472,35.631811
31371,-97.552411,35.631811
31385,-97.552348,35.631129
31384,-97.552276,35.631129
31383,-97.552205,35.631129
31382,-97.552134,35.631129
31381,-97.552062,35.631129
31372,-97.552335,35.631814
31373,-97.552275,35.631822
31310,-97.552243,35.631966
31380,-97.550850,35.631129
31374,-97.551230,35.632003
31379,-97.550779,35.631129
31378,-97.550707,35.631129
31377,-97.550636,35.631129
31376,-97.550565,35.631129
31375,-97.550422,35.631129
31604,-97.550209,35.628506
31602,-97.550176,35.628505
31601,-97.550142,35.628505
31600,-97.550109,35.628505
31599,-97.550076,35.628505
31598,-97.550042,35.628504
31592,-97.550009,35.628504
31590,-97.549975,35.628504
31588,-97.549942,35.628503
31586,-97.549908,35.628503
31585,-97.549875,35.628503
31608,-97.550308,35.628645
31607,-97.550274,35.628644
31606,-97.550241,35.628644
31605,-97.550207,35.628644
31603,-97.550174,35.628643
31597,-97.550140,35.628643
31596,-97.550107,35.628643
31595,-97.550074,35.628643
31594,-97.550040,35.628642
31593,-97.550007,35.628642
31591,-97.549973,35.628642
31589,-97.549940,35.628641
31587,-97.549906,35.628641
31584,-97.549873,35.628641
31583,-97.549839,35.628640
31581,-97.549808,35.628502
31579,-97.549774,35.628502
31577,-97.549741,35.628501
31575,-97.549707,35.628501
31573,-97.549674,35.628501
31571,-97.549641,35.628501
31582,-97.549806,35.628640
31580,-97.549772,35.628640
31578,-97.549739,35.628639
31576,-97.549705,35.628639
31574,-97.549672,35.628639
31572,-97.549639,35.628639
31564,-97.550271,35.629411
31565,-97.550086,35.629562
31566,-97.550086,35.629587
31567,-97.550086,35.629613
31568,-97.550086,35.629638
31569,-97.550087,35.630353
31570,-97.550087,35.630378
31366,-97.552776,35.631813
31367,-97.552715,35.631813
31309,-97.551421,35.632373
31308,-97.551360,35.632372
31307,-97.551299,35.632371
31306,-97.550551,35.632362
31305,-97.550356,35.632360
31304,-97.550061,35.632360
31325,-97.557997,35.630376
31324,-97.557995,35.630464
31323,-97.557994,35.630523
31322,-97.557994,35.630553
31321,-97.557993,35.630582
31326,-97.557829,35.630345
31327,-97.557829,35.630374
31328,-97.557828,35.630404
31329,-97.557828,35.630433
31330,-97.557827,35.630462
31331,-97.557827,35.630492
31332,-97.557826,35.630521
31333,-97.557826,35.630551
31334,-97.557825,35.630580
31423,-97.557195,35.629423
31424,-97.557133,35.629425
31425,-97.557101,35.629425
31426,-97.557039,35.629427
31427,-97.557008,35.629428
31422,-97.556978,35.629711
31421,-97.556953,35.629826
31420,-97.556801,35.630143
31418,-97.556812,35.630149
31419,-97.556806,35.630146
31417,-97.556712,35.630259
31416,-97.556706,35.630256
31415,-97.556701,35.630253
31410,-97.556593,35.631021
31411,-97.556528,35.631020
31428,-97.555951,35.629424
31429,-97.555883,35.629423
31442,-97.555949,35.629562
31441,-97.555881,35.629561
31430,-97.555814,35.629423
31431,-97.555745,35.629422
31440,-97.555812,35.629561
31439,-97.555743,35.629560
31432,-97.555677,35.629422
31433,-97.555608,35.629421
31438,-97.555675,35.629560
31437,-97.555606,35.629559
31434,-97.555539,35.629421
31436,-97.555537,35.629559
31435,-97.555469,35.629559
31412,-97.556463,35.631018
31413,-97.556332,35.631015
31414,-97.556202,35.631013
31494,-97.555190,35.630231
31495,-97.555094,35.630231
31496,-97.554999,35.630231
31493,-97.554999,35.630369
31497,-97.554903,35.630231
31498,-97.554807,35.630231
31499,-97.554711,35.630231
31492,-97.554903,35.630369
31491,-97.554807,35.630369
31490,-97.554711,35.630369
31500,-97.554615,35.630231
31501,-97.554519,35.630231
31489,-97.554615,35.630369
31488,-97.554519,35.630369
31443,-97.554740,35.631016
31444,-97.554659,35.631017
31445,-97.554578,35.631017
31446,-97.554497,35.631017
31320,-97.557984,35.631202
31319,-97.557984,35.631245
31318,-97.557984,35.631288
31335,-97.557816,35.631331
31317,-97.557984,35.631546
31316,-97.557984,35.631589
31336,-97.557816,35.631374
31337,-97.557816,35.631417
31338,-97.557816,35.631460
31409,-97.556720,35.631162
31408,-97.556654,35.631161
31407,-97.556589,35.631159
31406,-97.556524,35.631158
31342,-97.556954,35.631972
31341,-97.556954,35.631983
31340,-97.556954,35.631995
31339,-97.556954,35.632006
31343,-97.556786,35.631972
31344,-97.556786,35.631983
31345,-97.556786,35.631995
31346,-97.556786,35.632006
31315,-97.557055,35.632409
29658,-97.557044,35.633222
29657,-97.557044,35.633232
29656,-97.557044,35.633243
29655,-97.557044,35.633254
29659,-97.556876,35.633222
29660,-97.556876,35.633232
29661,-97.556876,35.633243
29662,-97.556876,35.633254
31405,-97.556459,35.631156
31404,-97.556393,35.631155
31403,-97.556328,35.631153
31402,-97.556263,35.631152
31401,-97.556198,35.631151
31350,-97.555922,35.631984
31349,-97.555921,35.631994
31348,-97.555921,35.632004
31347,-97.555921,35.632015
31351,-97.555754,35.631980
31352,-97.555753,35.631990
31353,-97.555753,35.632000
31354,-97.555753,35.632011
31314,-97.556129,35.632400
29666,-97.556110,35.632677
29665,-97.556110,35.632722
29664,-97.556110,35.632766
29663,-97.556109,35.632810
31313,-97.555522,35.632391
29667,-97.555942,35.632677
29668,-97.555942,35.632722
29669,-97.555942,35.632766
31400,-97.554821,35.631154
31399,-97.554740,35.631154
31398,-97.554659,35.631155
31397,-97.554578,35.631155
31396,-97.554497,35.631155
31358,-97.554884,35.631952
31357,-97.554884,35.631964
31356,-97.554884,35.631976
31355,-97.554884,35.631988
31359,-97.554716,35.631952
31360,-97.554716,35.631964
31361,-97.554716,35.631976
31362,-97.554716,35.631988
31312,-97.555108,35.632395
29732,-97.556161,35.633646
29731,-97.556135,35.633646
29730,-97.555919,35.633649
29729,-97.555837,35.633649
29728,-97.555755,35.633649
29727,-97.555674,35.633649
29726,-97.555592,35.633649
29670,-97.555533,35.633511
29671,-97.555474,35.633511
29672,-97.555414,35.633511
29673,-97.555355,35.633511
29702,-97.554763,35.633402
29674,-97.554929,35.633438
29703,-97.554761,35.633432
29704,-97.554760,35.633463
31543,-97.554276,35.629431
31542,-97.554200,35.629569
31502,-97.554423,35.630231
31503,-97.554327,35.630231
31504,-97.554231,35.630231
31487,-97.554423,35.630369
31486,-97.554327,35.630369
31485,-97.554231,35.630369
31505,-97.554135,35.630231
31484,-97.554135,35.630369
31483,-97.554040,35.630369
31447,-97.554415,35.631018
31448,-97.554334,35.631018
31449,-97.554253,35.631018
31450,-97.554172,35.631019
31451,-97.554091,35.631019
31452,-97.554010,35.631020
31395,-97.554415,35.631156
31394,-97.554334,35.631156
31393,-97.554253,35.631156
31392,-97.554172,35.631157
31391,-97.554091,35.631157
31390,-97.554010,35.631158
31365,-97.553980,35.631258
31364,-97.553964,35.631282
31363,-97.553844,35.631972
31311,-97.553676,35.631972
29675,-97.554167,35.633083
29676,-97.554135,35.633081
29677,-97.554103,35.633080
29678,-97.554070,35.633079
29679,-97.554038,35.633077
29680,-97.554006,35.633076
29681,-97.553974,35.633075
29701,-97.553977,35.633339
29700,-97.553980,35.633360
29699,-97.553982,35.633380
29698,-97.553991,35.633740
29697,-97.553991,35.633761
29696,-97.553992,35.633782
29682,-97.553807,35.633332
29683,-97.553809,35.633353
29684,-97.553812,35.633374
29685,-97.553814,35.633394
29686,-97.553823,35.633742
29687,-97.553823,35.633763
29688,-97.553824,35.633784
29690,-97.553825,35.633825
29689,-97.553824,35.633805
29921,-97.553004,35.633290
29920,-97.553004,35.633321
29919,-97.553004,35.633353
29918,-97.553004,35.633385
29917,-97.553004,35.633416
29916,-97.553004,35.633448
29915,-97.553004,35.633480
29922,-97.552836,35.633290
29923,-97.552836,35.633321
29924,-97.552836,35.633353
29925,-97.552836,35.633385
29926,-97.552836,35.633416
29927,-97.552836,35.633448
29694,-97.554497,35.634397
29709,-97.554491,35.635003
29693,-97.554308,35.634399
29692,-97.554124,35.634399
29691,-97.553940,35.634399
29710,-97.554361,35.635000
29715,-97.554357,35.635138
29711,-97.554231,35.634998
29714,-97.554227,35.635136
29712,-97.554101,35.634995
29713,-97.553972,35.634993
29765,-97.553786,35.635142
29914,-97.553002,35.634073
29913,-97.553001,35.634095
29912,-97.553001,35.634117
29899,-97.552834,35.634071
29900,-97.552833,35.634093
29901,-97.552833,35.634115
29911,-97.552992,35.634635
29910,-97.552991,35.634657
29909,-97.552991,35.634680
29902,-97.552824,35.634633
29903,-97.552823,35.634655
29904,-97.552814,35.635195
29942,-97.550748,35.633147
29933,-97.551866,35.633324
29932,-97.551860,35.633354
29931,-97.551853,35.633384
29934,-97.551700,35.633302
29935,-97.551694,35.633332
29936,-97.551687,35.633362
29937,-97.551681,35.633393
29930,-97.551847,35.633415
29929,-97.551841,35.633445
29928,-97.551835,35.633475
29938,-97.551675,35.633423
29898,-97.551780,35.634067
29897,-97.551782,35.634093
29896,-97.551784,35.634122
29953,-97.551612,35.634077
29895,-97.551826,35.634713
29893,-97.551843,35.634790
29894,-97.551837,35.634765
29954,-97.551660,35.634737
29955,-97.551665,35.634763
29956,-97.551671,35.634789
29941,-97.550886,35.633225
29940,-97.550876,35.633237
29939,-97.550866,35.633250
29952,-97.550665,35.633625
29950,-97.550612,35.633592
29951,-97.550638,35.633608
29949,-97.550440,35.633486
29764,-97.553970,35.635731
29788,-97.553970,35.635869
29766,-97.553786,35.635397
29767,-97.553786,35.635525
29768,-97.553786,35.635653
29769,-97.553788,35.635883
29770,-97.553788,35.635912
29771,-97.553789,35.635941
29772,-97.553791,35.636000
29908,-97.552982,35.635220
29907,-97.552981,35.635242
29905,-97.552814,35.635218
29906,-97.552813,35.635240
29957,-97.550378,35.635332
29892,-97.550583,35.635472
29891,-97.550514,35.635471
29890,-97.550445,35.635470
29889,-97.550376,35.635470
29944,-97.549987,35.633040
29947,-97.549887,35.633150
29945,-97.549627,35.632948
29946,-97.549613,35.633084
29943,-97.550263,35.633208
29948,-97.550163,35.633318
29963,-97.550309,35.634622
29962,-97.550295,35.634649
29961,-97.550281,35.634677
29964,-97.550153,35.634570
29965,-97.550139,35.634597
29966,-97.550125,35.634625
29967,-97.550112,35.634653
29968,-97.550098,35.634681
29960,-97.550268,35.634705
29969,-97.550084,35.634728
29970,-97.550080,35.634758
29971,-97.550077,35.634788
29958,-97.550309,35.635331
29959,-97.550241,35.635331
29888,-97.550307,35.635469
29887,-97.550239,35.635469
29886,-97.549896,35.635460
31303,-97.549604,35.635234
29885,-97.549617,35.635452
29650,-97.557954,35.633222
29649,-97.557954,35.633232
29648,-97.557954,35.633243
29647,-97.557954,35.633254
29646,-97.557954,35.633265
29651,-97.557786,35.633222
29652,-97.557786,35.633232
29653,-97.557786,35.633243
29654,-97.557786,35.633254
29645,-97.557952,35.633653
29644,-97.557951,35.633676
29643,-97.557951,35.633699
29642,-97.557951,35.633723
29641,-97.557950,35.633746
29605,-97.558011,35.635143
29604,-97.558010,35.635167
29603,-97.558009,35.635191
29738,-97.557154,35.633639
29737,-97.557123,35.633639
29736,-97.557091,35.633639
29735,-97.557060,35.633639
29734,-97.556786,35.633639
29733,-97.556640,35.633639
29739,-97.556867,35.634248
29640,-97.556915,35.634385
29639,-97.556869,35.634386
29740,-97.556821,35.634248
29741,-97.556776,35.634248
29638,-97.556823,35.634386
29637,-97.556778,35.634386
29742,-97.556730,35.634249
29743,-97.556684,35.634249
29744,-97.556639,35.634250
29636,-97.556732,35.634387
29635,-97.556686,35.634387
29634,-97.556641,35.634388
29606,-97.556915,35.634986
29607,-97.556865,35.634987
29627,-97.556867,35.635125
29608,-97.556816,35.634987
29609,-97.556767,35.634988
29626,-97.556818,35.635125
29625,-97.556769,35.635126
29610,-97.556717,35.634988
29611,-97.556668,35.634989
29612,-97.556619,35.634990
29624,-97.556719,35.635126
29623,-97.556670,35.635127
29622,-97.556621,35.635128
29745,-97.556030,35.634254
29746,-97.556002,35.634256
29747,-97.555974,35.634258
29753,-97.556046,35.634390
29752,-97.556018,35.634392
29751,-97.555990,35.634394
29613,-97.556011,35.634975
29614,-97.555983,35.634975
29621,-97.556005,35.635113
29620,-97.555977,35.635113
29748,-97.555947,35.634260
29749,-97.555919,35.634262
29750,-97.555963,35.634396
29615,-97.555955,35.634974
29616,-97.555927,35.634973
29619,-97.555949,35.635112
29618,-97.555921,35.635111
29705,-97.554779,35.634173
29725,-97.554948,35.634187
29724,-97.554949,35.634219
29723,-97.554951,35.634403
29722,-97.554949,35.634458
29721,-97.554948,35.634486
29720,-97.554948,35.634513
29719,-97.554947,35.634541
29706,-97.554780,35.634206
29707,-97.554782,35.634239
29695,-97.554681,35.634390
29617,-97.554751,35.635008
29718,-97.554747,35.635146
29708,-97.554621,35.635005
29717,-97.554617,35.635143
29716,-97.554487,35.635141
29602,-97.558009,35.635215
29601,-97.558008,35.635240
29600,-97.558007,35.635264
29599,-97.556910,35.635874
29628,-97.556863,35.635735
29629,-97.556815,35.635734
29630,-97.556766,35.635734
29598,-97.556861,35.635873
29597,-97.556813,35.635872
29596,-97.556764,35.635872
29631,-97.556718,35.635733
29632,-97.556669,35.635732
29633,-97.556621,35.635732
29595,-97.556716,35.635871
29594,-97.556667,35.635870
29593,-97.556619,35.635870
29589,-97.557154,35.636499
29590,-97.556910,35.636492
29810,-97.556900,35.636630
29591,-97.556657,35.636481
29809,-97.556647,35.636619
29754,-97.555659,35.635731
29755,-97.555607,35.635731
29797,-97.555659,35.635869
29796,-97.555607,35.635869
29756,-97.555554,35.635731
29757,-97.555502,35.635731
29795,-97.555554,35.635869
29794,-97.555502,35.635869
29592,-97.556428,35.636434
29798,-97.556292,35.636332
29808,-97.556386,35.636566
29799,-97.556194,35.636532
29758,-97.555450,35.635731
29782,-97.555407,35.636010
29781,-97.555404,35.636034
29780,-97.555401,35.636059
29779,-97.555398,35.636083
29759,-97.555132,35.635731
29793,-97.555132,35.635869
29760,-97.554900,35.635731
29792,-97.554900,35.635869
29761,-97.554668,35.635731
29791,-97.554668,35.635869
29762,-97.554435,35.635731
29790,-97.554435,35.635869
29763,-97.554202,35.635731
29789,-97.554202,35.635869
29778,-97.554204,35.636609
29783,-97.554161,35.636471
29784,-97.554118,35.636471
29785,-97.554075,35.636471
29786,-97.554032,35.636471
29787,-97.553990,35.636471
29777,-97.554161,35.636609
29776,-97.554118,35.636609
29775,-97.554075,35.636609
29774,-97.554032,35.636609
29773,-97.553990,35.636609
29584,-97.558073,35.636481
29585,-97.558031,35.636481
29586,-97.557990,35.636481
29865,-97.557974,35.636632
29864,-97.557974,35.636659
29863,-97.557974,35.636686
29862,-97.557974,35.636713
29813,-97.557806,35.636632
29814,-97.557806,35.636659
29815,-97.557806,35.636686
29816,-97.557806,35.636713
29587,-97.557660,35.636486
29861,-97.557974,35.636740
29817,-97.557806,35.636740
29588,-97.557407,35.636492
29812,-97.557413,35.636630
29811,-97.557160,35.636637
29860,-97.557974,35.637307
29859,-97.557974,35.637334
29858,-97.557974,35.637361
29857,-97.557974,35.637388
29856,-97.557974,35.637415
29818,-97.557806,35.637307
29819,-97.557806,35.637334
29820,-97.557806,35.637361
29825,-97.557089,35.637355
29824,-97.557087,35.637379
29823,-97.557086,35.637403
29822,-97.557085,35.637427
29821,-97.557084,35.637452
29855,-97.557314,35.638099
29854,-97.557271,35.638099
29853,-97.557228,35.638099
29852,-97.557185,35.638099
29851,-97.557142,35.638099
29850,-97.557100,35.638099
29849,-97.556800,35.638099
29837,-97.556598,35.637963
29848,-97.556600,35.638101
29826,-97.556059,35.637201
29828,-97.555979,35.637172
29827,-97.556019,35.637186
29800,-97.555857,35.636965
29801,-97.555836,35.636988
29829,-97.555963,35.637163
29830,-97.555930,35.637140
29802,-97.555815,35.637010
29803,-97.555794,35.637033
29831,-97.555822,35.637246
29836,-97.556030,35.637341
29835,-97.555991,35.637327
29838,-97.556398,35.637964
29847,-97.556400,35.638102
29839,-97.556198,35.637965
29840,-97.555998,35.637967
29846,-97.556200,35.638103
29845,-97.556000,35.638105
29833,-97.555911,35.637298
29834,-97.555951,35.637312
29832,-97.555855,35.637269
29841,-97.555798,35.637968
29844,-97.555800,35.638106
29842,-97.555599,35.637970
29843,-97.555601,35.638108
29804,-97.555416,35.637926
29805,-97.555416,35.637958
29806,-97.555416,35.638130
32163,-97.556636,35.626241
32162,-97.556636,35.626379
32164,-97.556507,35.626241
32161,-97.556571,35.626379
32160,-97.556507,35.626379
32186,-97.556072,35.625599
32185,-97.556030,35.625599
32200,-97.555518,35.625461
32184,-97.555809,35.625599
32183,-97.555599,35.625599
32165,-97.556442,35.626241
32166,-97.556378,35.626241
32159,-97.556442,35.626379
32158,-97.556378,35.626379
32167,-97.556313,35.626241
32168,-97.556249,35.626241
32157,-97.556313,35.626379
32156,-97.556249,35.626379
32201,-97.555324,35.625461
32202,-97.555131,35.625461
32182,-97.555389,35.625599
32181,-97.555179,35.625599
32180,-97.554969,35.625599
32203,-97.554937,35.625461
32204,-97.554743,35.625461
32205,-97.554550,35.625461
32179,-97.554759,35.625599
32178,-97.554550,35.625599
32169,-97.555152,35.626241
32170,-97.555088,35.626241
32155,-97.555152,35.626379
32154,-97.555088,35.626379
32171,-97.555023,35.626241
32172,-97.554959,35.626241
32153,-97.555023,35.626379
32152,-97.554959,35.626379
32175,-97.554781,35.626234
32176,-97.554717,35.626225
32173,-97.554894,35.626241
32174,-97.554830,35.626241
32151,-97.554894,35.626379
32150,-97.554830,35.626379
32149,-97.554751,35.626370
32177,-97.554654,35.626216
32148,-97.554687,35.626361
32147,-97.554624,35.626352
32105,-97.554373,35.624827
32106,-97.554373,35.624853
32107,-97.554373,35.624879
32108,-97.554372,35.624906
32109,-97.554364,35.625611
32110,-97.554363,35.625635
32111,-97.554363,35.625659
32112,-97.554362,35.625683
32113,-97.554362,35.625707
32114,-97.554409,35.626291
32115,-97.554360,35.626435
32131,-97.556596,35.627066
32132,-97.556529,35.627066
32130,-97.556596,35.627204
32129,-97.556529,35.627204
32133,-97.556462,35.627066
32134,-97.556396,35.627066
32128,-97.556462,35.627204
32127,-97.556396,35.627204
32135,-97.556329,35.627065
32136,-97.556262,35.627065
32126,-97.556329,35.627203
32125,-97.556262,35.627203
32137,-97.556196,35.627065
32124,-97.556196,35.627203
32138,-97.555063,35.627062
32139,-97.554996,35.627062
32123,-97.554996,35.627200
32140,-97.554929,35.627062
32141,-97.554863,35.627061
32122,-97.554929,35.627200
32142,-97.554796,35.627061
32143,-97.554729,35.627061
32121,-97.554796,35.627199
32120,-97.554729,35.627199
32144,-97.554663,35.627061
32145,-97.554596,35.627061
32119,-97.554663,35.627199
32146,-97.554530,35.627061
32118,-97.554530,35.627199
32116,-97.554350,35.627215
32117,-97.554350,35.627224
32098,-97.554361,35.627450
30250,-97.556850,35.624647
30251,-97.556790,35.624646
30252,-97.556730,35.624646
30253,-97.556670,35.624645
30254,-97.556610,35.624644
30255,-97.556490,35.624643
30249,-97.556728,35.624784
30248,-97.556668,35.624783
30247,-97.556608,35.624782
30246,-97.556548,35.624782
30245,-97.556488,35.624781
32194,-97.557043,35.625471
32195,-97.557000,35.625471
32193,-97.557051,35.625609
32192,-97.557008,35.625609
32196,-97.556957,35.625470
32197,-97.556914,35.625470
32198,-97.556871,35.625469
32199,-97.556828,35.625469
32191,-97.556966,35.625608
32190,-97.556923,35.625608
32189,-97.556880,35.625608
32188,-97.556838,35.625607
32187,-97.556795,35.625607
30256,-97.556430,35.624642
30257,-97.556371,35.624642
30244,-97.556428,35.624780
30229,-97.554960,35.624647
30230,-97.554910,35.624647
30231,-97.554859,35.624647
30232,-97.554809,35.624648
30233,-97.554759,35.624648
30234,-97.554709,35.624648
30243,-97.554811,35.624786
30242,-97.554761,35.624786
30241,-97.554711,35.624786
30235,-97.554659,35.624649
30236,-97.554609,35.624649
30237,-97.554559,35.624650
30240,-97.554661,35.624787
30239,-97.554611,35.624787
30238,-97.554561,35.624788
32104,-97.554374,35.624801
32214,-97.558021,35.625702
32213,-97.558020,35.625725
32212,-97.558014,35.626362
32211,-97.558014,35.626390
32210,-97.558014,35.626418
32209,-97.558014,35.626447
32208,-97.558014,35.626475
32207,-97.558014,35.627222
32206,-97.558014,35.627230
32222,-97.558024,35.624812
32221,-97.558024,35.624838
32220,-97.558024,35.624865
32219,-97.558024,35.624892
32218,-97.558024,35.624918
29398,-97.566641,35.634747
29399,-97.566605,35.634748
29397,-97.566574,35.634902
29396,-97.566574,35.634912
29395,-97.566574,35.634922
29400,-97.566388,35.634752
29391,-97.566406,35.634902
29392,-97.566406,35.634912
29393,-97.566406,35.634922
29394,-97.566406,35.634933
29401,-97.566217,35.634753
29402,-97.566046,35.634755
29403,-97.565875,35.634756
29404,-97.565704,35.634758
29390,-97.565601,35.634913
29389,-97.565600,35.634923
29388,-97.565600,35.634933
29405,-97.565421,35.634759
29406,-97.565352,35.634757
29384,-97.565433,35.634911
29385,-97.565432,35.634921
29386,-97.565432,35.634931
29387,-97.565432,35.634941
29407,-97.565284,35.634756
29408,-97.565216,35.634755
29409,-97.565148,35.634753
29410,-97.565080,35.634752
29383,-97.565144,35.634891
29382,-97.565076,35.634890
29411,-97.565012,35.634751
29381,-97.565008,35.634889
29380,-97.564945,35.634890
29316,-97.564073,35.635048
29315,-97.564016,35.635078
29314,-97.563958,35.635108
29412,-97.563699,35.634838
29413,-97.563694,35.634830
29414,-97.563688,35.634822
29418,-97.563555,35.634908
29415,-97.563539,35.634885
29416,-97.563544,35.634892
29417,-97.563550,35.634900
29376,-97.564490,35.635849
29375,-97.564490,35.635850
29373,-97.564499,35.635892
29374,-97.564492,35.635882
29377,-97.564396,35.635735
29378,-97.564396,35.635735
29379,-97.564396,35.635736
29371,-97.564355,35.635964
29369,-97.564341,35.635945
29370,-97.564348,35.635954
29372,-97.564363,35.635974
29313,-97.563758,35.635211
29317,-97.563708,35.636088
29318,-97.563675,35.636105
29347,-97.563907,35.636567
29346,-97.563941,35.636643
29345,-97.563966,35.636718
29349,-97.563821,35.636442
29351,-97.563724,35.636332
29352,-97.563676,35.636277
29350,-97.563772,35.636387
29348,-97.563868,35.636508
29357,-97.563781,35.636685
29355,-97.563720,35.636574
29354,-97.563685,35.636522
29356,-97.563759,35.636633
29344,-97.563980,35.636785
29343,-97.563984,35.636863
29342,-97.563985,35.636931
29358,-97.563800,35.636740
29359,-97.563814,35.636807
29319,-97.563641,35.636122
29320,-97.563607,35.636139
29312,-97.562948,35.635621
29311,-97.562797,35.635697
29310,-97.562646,35.635773
29353,-97.563636,35.636467
29321,-97.563419,35.636233
29322,-97.563279,35.636302
29368,-97.563367,35.636420
29323,-97.563139,35.636371
29367,-97.563227,35.636489
29324,-97.563000,35.636440
29366,-97.563088,35.636558
29365,-97.562948,35.636627
29325,-97.562860,35.636509
29326,-97.562721,35.636579
29309,-97.562495,35.635849
29363,-97.562897,35.636858
29361,-97.562967,35.636950
29362,-97.562930,35.636898
29360,-97.562992,35.636995
29335,-97.562887,35.637139
29364,-97.562864,35.636817
29331,-97.562790,35.636974
29330,-97.562757,35.636934
29328,-97.562691,35.636853
29327,-97.562658,35.636813
29329,-97.562724,35.636893
29333,-97.562838,35.637051
29334,-97.562862,35.637095
29332,-97.562813,35.637006
29341,-97.563245,35.638079
29340,-97.563218,35.638079
29339,-97.563190,35.638079
29338,-97.563163,35.638079
29337,-97.563135,35.638079
29336,-97.563108,35.638079
29308,-97.562344,35.635925
29307,-97.562099,35.636051
29306,-97.562051,35.636075
29283,-97.561923,35.637205
29282,-97.561945,35.637227
29280,-97.561991,35.637273
29279,-97.562019,35.637316
29278,-97.562032,35.637343
29277,-97.562046,35.637370
29281,-97.561968,35.637250
29491,-97.560918,35.636466
29492,-97.560889,35.636473
29305,-97.560984,35.636592
29304,-97.560907,35.636609
29303,-97.560851,35.636615
29302,-97.560786,35.636619
29301,-97.560730,35.636619
29284,-97.560933,35.637214
29285,-97.560895,35.637214
29286,-97.560856,35.637213
29287,-97.560818,35.637213
29288,-97.560779,35.637212
29289,-97.560741,35.637212
29294,-97.560893,35.637352
29293,-97.560854,35.637351
29292,-97.560816,35.637351
29291,-97.560777,35.637350
29290,-97.560739,35.637350
29295,-97.560975,35.637942
29296,-97.560928,35.637942
29297,-97.560881,35.637942
29298,-97.560834,35.637941
29276,-97.561067,35.638081
29275,-97.561020,35.638081
29274,-97.560973,35.638080
29273,-97.560926,35.638080
29272,-97.560879,35.638080
29299,-97.560787,35.637941
29300,-97.560741,35.637941
29271,-97.560832,35.638079
29270,-97.560785,35.638079
29269,-97.560739,35.638079
29507,-97.560547,35.636633
29508,-97.560547,35.636679
29509,-97.560547,35.636702
29510,-97.560548,35.636725
29522,-97.559834,35.636838
29521,-97.559834,35.636859
29520,-97.559834,35.636881
29519,-97.559834,35.636903
29511,-97.560556,35.637362
29512,-97.560556,35.637550
29513,-97.560556,35.637738
29514,-97.560556,35.637927
29518,-97.559834,35.637383
29517,-97.559834,35.637404
29516,-97.559834,35.637426
29515,-97.559834,35.637448
29541,-97.559666,35.637364
29542,-97.559666,35.637386
29543,-97.559666,35.637409
29544,-97.559666,35.637431
29884,-97.559975,35.638071
29883,-97.559939,35.638070
29882,-97.559903,35.638070
29881,-97.559867,35.638070
29537,-97.559666,35.636799
29538,-97.559666,35.636822
29539,-97.559666,35.636845
29540,-97.559666,35.636867
29552,-97.558944,35.636632
29551,-97.558944,35.636658
29550,-97.558944,35.636684
29549,-97.558944,35.636710
29866,-97.558776,35.636632
29867,-97.558776,35.636658
29868,-97.558776,35.636684
29869,-97.558776,35.636710
29548,-97.558944,35.636736
29870,-97.558776,35.636736
29880,-97.559650,35.638070
29879,-97.559523,35.638071
29878,-97.559397,35.638073
29877,-97.559270,35.638075
29876,-97.559144,35.638077
29547,-97.558949,35.637284
29546,-97.558949,35.637310
29545,-97.558949,35.637336
29871,-97.558781,35.637284
29872,-97.558781,35.637310
29873,-97.558781,35.637336
29874,-97.558781,35.637362
29875,-97.559018,35.638079
29562,-97.560834,35.635183
29563,-97.560800,35.635182
29564,-97.560765,35.635182
29565,-97.560731,35.635182
29483,-97.560385,35.634549
29461,-97.560254,35.634411
29462,-97.560188,35.634411
29463,-97.560122,35.634411
29482,-97.560319,35.634549
29481,-97.560254,35.634549
29480,-97.560188,35.634549
29479,-97.560122,35.634549
29464,-97.560057,35.634411
29465,-97.559991,35.634411
29466,-97.559925,35.634411
29467,-97.559860,35.634411
29478,-97.560057,35.634549
29477,-97.559991,35.634549
29476,-97.559860,35.634549
29566,-97.559996,35.635181
29567,-97.559960,35.635181
29568,-97.559923,35.635181
29569,-97.559886,35.635181
29570,-97.559850,35.635181
29571,-97.559610,35.635181
29468,-97.559431,35.634411
29469,-97.559420,35.634411
29475,-97.559442,35.634549
29474,-97.559431,35.634549
29470,-97.559158,35.634414
29473,-97.559164,35.634552
29472,-97.559059,35.634555
29572,-97.559534,35.635181
29573,-97.559219,35.635181
29574,-97.559107,35.635181
29471,-97.558954,35.634558
29575,-97.558996,35.635181
29561,-97.560832,35.635321
29560,-97.560798,35.635320
29499,-97.560714,35.635470
29498,-97.560714,35.635517
29497,-97.560714,35.635563
29496,-97.560714,35.635609
29495,-97.560714,35.635656
29494,-97.560714,35.635702
29493,-97.560714,35.635748
29500,-97.560546,35.635470
29501,-97.560546,35.635517
29502,-97.560546,35.635563
29503,-97.560546,35.635609
29504,-97.560546,35.635656
29505,-97.560546,35.635702
29506,-97.560546,35.635748
29529,-97.559834,35.635553
29528,-97.559834,35.635627
29527,-97.559834,35.635701
29530,-97.559666,35.635528
29531,-97.559666,35.635593
29532,-97.559666,35.635659
29526,-97.559834,35.635775
29525,-97.559834,35.635849
29524,-97.559834,35.635922
29523,-97.559834,35.635996
29533,-97.559666,35.635724
29534,-97.559666,35.635790
29535,-97.559666,35.635855
29536,-97.559666,35.635920
29559,-97.558944,35.635476
29558,-97.558944,35.635522
29557,-97.558944,35.635568
29556,-97.558944,35.635614
29555,-97.558944,35.635660
29554,-97.558944,35.635706
29576,-97.558776,35.635476
29577,-97.558776,35.635522
29578,-97.558776,35.635568
29579,-97.558776,35.635614
29580,-97.558776,35.635660
29581,-97.558776,35.635706
29553,-97.558944,35.635752
29582,-97.558776,35.635752
29583,-97.558776,35.635798
29430,-97.561694,35.633749
29429,-97.561682,35.633749
29428,-97.561670,35.633749
29419,-97.562304,35.634524
29420,-97.562226,35.634479
29421,-97.562157,35.634452
29422,-97.562088,35.634424
29423,-97.561976,35.634401
29424,-97.561899,35.634403
29489,-97.562014,35.634548
29490,-97.562083,35.634576
29488,-97.561980,35.634539
29487,-97.561903,35.634541
29425,-97.561822,35.634404
29426,-97.561745,35.634406
29427,-97.561668,35.634408
29486,-97.561826,35.634542
29485,-97.561749,35.634544
29484,-97.561672,35.634546
29431,-97.561694,35.633611
29432,-97.561682,35.633611
29433,-97.561670,35.633611
29451,-97.560992,35.633611
29452,-97.560969,35.633611
29453,-97.560946,35.633611
29454,-97.560923,35.633611
29455,-97.560900,35.633611
29460,-97.560992,35.633749
29459,-97.560969,35.633749
29458,-97.560946,35.633749
29457,-97.560923,35.633749
29456,-97.560900,35.633749
29437,-97.561682,35.632811
29438,-97.561670,35.632811
29436,-97.561695,35.632949
29435,-97.561682,35.632949
29434,-97.561670,35.632949
29439,-97.560238,35.632811
29440,-97.560172,35.632811
29441,-97.560105,35.632811
29450,-97.560238,35.632949
29449,-97.560172,35.632949
29448,-97.560105,35.632949
29442,-97.560039,35.632811
29443,-97.559972,35.632811
29447,-97.560039,35.632949
29446,-97.559972,35.632949
29444,-97.559906,35.632811
29445,-97.559906,35.632949
25396,-97.561687,35.634841
25395,-97.561737,35.635118
25394,-97.561793,35.635274
25393,-97.561807,35.635302
25392,-97.561821,35.635330
25389,-97.561630,35.635312
25390,-97.561645,35.635342
25391,-97.561660,35.635372
25346,-97.559825,35.632961
25345,-97.559825,35.633019
25344,-97.559826,35.633078
25343,-97.559827,35.633136
25338,-97.559657,35.632963
25339,-97.559657,35.633021
25340,-97.559658,35.633080
25323,-97.558954,35.632904
25322,-97.558954,35.632964
25321,-97.558954,35.633023
25320,-97.558954,35.633082
25319,-97.558954,35.633142
25309,-97.558786,35.632904
25310,-97.558786,35.632964
25311,-97.558786,35.633023
25312,-97.558786,35.633082
25313,-97.558786,35.633142
25342,-97.559827,35.633195
25341,-97.559660,35.633255
25318,-97.558954,35.633201
25314,-97.558786,35.633201
25315,-97.558786,35.633260
25316,-97.558786,35.633320
25317,-97.558786,35.633379
25348,-97.559850,35.631399
25331,-97.559666,35.631412
25359,-97.559999,35.632039
25360,-97.559924,35.632039
25361,-97.559849,35.632040
25332,-97.559666,35.631658
25333,-97.559666,35.631904
25364,-97.560001,35.632177
25363,-97.559926,35.632177
25362,-97.559851,35.632178
25347,-97.559831,35.632249
25334,-97.559664,35.632191
25335,-97.559663,35.632219
25336,-97.559663,35.632247
25337,-97.559663,35.632275
25297,-97.559052,35.631268
25298,-97.559024,35.631268
25299,-97.558996,35.631268
25300,-97.558969,35.631269
25330,-97.558954,35.631422
25329,-97.558954,35.631481
25328,-97.558954,35.631540
25327,-97.558954,35.631599
25301,-97.558786,35.631422
25302,-97.558786,35.631481
25303,-97.558786,35.631540
25304,-97.558786,35.631599
25326,-97.558954,35.631659
25325,-97.558954,35.631718
25324,-97.558954,35.631777
25305,-97.558786,35.631659
25306,-97.558786,35.631718
25307,-97.558786,35.631777
25308,-97.558786,35.631837
25289,-97.560375,35.631261
25290,-97.560300,35.631261
25291,-97.560225,35.631261
25292,-97.560150,35.631261
25293,-97.560075,35.631261
25354,-97.560300,35.631399
25353,-97.560225,35.631399
25352,-97.560150,35.631399
25351,-97.560075,35.631399
25355,-97.560301,35.632037
25356,-97.560226,35.632038
25357,-97.560150,35.632038
25358,-97.560075,35.632038
25294,-97.560000,35.631261
25295,-97.559925,35.631261
25296,-97.559850,35.631261
25350,-97.560000,35.631399
25349,-97.559925,35.631399
25368,-97.560303,35.632175
25367,-97.560228,35.632176
25366,-97.560152,35.632176
25365,-97.560077,35.632176
25524,-97.562309,35.631261
25525,-97.562239,35.631261
25526,-97.562169,35.631261
25402,-97.562239,35.631399
25401,-97.562169,35.631399
25382,-97.562291,35.632056
25383,-97.562227,35.632052
25384,-97.562162,35.632049
25527,-97.562099,35.631261
25528,-97.562029,35.631261
25529,-97.561959,35.631261
25530,-97.561890,35.631261
25400,-97.562099,35.631399
25399,-97.562029,35.631399
25398,-97.561959,35.631399
25397,-97.561890,35.631399
25385,-97.562098,35.632046
25386,-97.562033,35.632042
25387,-97.561969,35.632039
25388,-97.561905,35.632036
25377,-97.562410,35.632200
25376,-97.562345,35.632197
25375,-97.562281,35.632194
25374,-97.562217,35.632190
25373,-97.562152,35.632187
25372,-97.562088,35.632184
25371,-97.562023,35.632180
25370,-97.561959,35.632177
25369,-97.561895,35.632174
25519,-97.564175,35.631259
25408,-97.564324,35.631389
25407,-97.564197,35.631395
25520,-97.564036,35.631274
25406,-97.564058,35.631410
25405,-97.563969,35.631439
25521,-97.563873,35.631327
25404,-97.563854,35.631504
25522,-97.563758,35.631392
25403,-97.563740,35.631569
25381,-97.563688,35.631662
25380,-97.563687,35.631680
25379,-97.563686,35.631698
25378,-97.563685,35.631716
25523,-97.563644,35.631457
25515,-97.564743,35.631253
25412,-97.564882,35.631391
25411,-97.564743,35.631391
25516,-97.564603,35.631252
25517,-97.564464,35.631251
25410,-97.564603,35.631390
25409,-97.564464,35.631389
25518,-97.564324,35.631251
25511,-97.565230,35.631255
25512,-97.565161,35.631255
25513,-97.565021,35.631254
25414,-97.565161,35.631393
25413,-97.565021,35.631392
25514,-97.564882,35.631253
