3680,-97.513527,35.657353
3679,-97.513523,35.657491
3684,-97.513394,35.655665
3688,-97.512498,35.655041
3689,-97.512468,35.655041
3733,-97.512461,35.655179
3690,-97.512438,35.655041
3732,-97.512430,35.655179
3691,-97.511831,35.655041
3692,-97.511801,35.655041
3693,-97.511770,35.655041
3694,-97.511740,35.655041
3731,-97.511817,35.655179
3730,-97.511787,35.655179
3729,-97.511756,35.655179
3728,-97.511725,35.655179
3727,-97.511695,35.655179
3726,-97.511479,35.655179
3714,-97.511192,35.654409
3695,-97.511135,35.654271
3696,-97.511079,35.654271
3697,-97.511022,35.654271
3698,-97.510966,35.654271
3713,-97.511135,35.654409
3712,-97.511079,35.654409
3711,-97.511022,35.654409
3710,-97.510966,35.654409
3699,-97.510909,35.654271
3700,-97.510853,35.654271
3701,-97.510796,35.654271
3709,-97.510909,35.654409
3708,-97.510853,35.654409
3707,-97.510796,35.654409
3715,-97.510948,35.655041
3716,-97.510920,35.655041
3717,-97.510893,35.655041
3718,-97.510680,35.655039
3719,-97.510648,35.655038
3720,-97.510616,35.655038
3725,-97.510906,35.655179
3724,-97.510880,35.655179
3702,-97.510146,35.654271
3706,-97.510203,35.654409
3705,-97.510146,35.654409
3703,-97.510090,35.654271
3704,-97.510090,35.654409
3721,-97.510011,35.655032
3903,-97.509994,35.655205
3904,-97.509994,35.655228
3902,-97.509994,35.655252
3905,-97.509994,35.655275
3901,-97.509994,35.655299
3906,-97.509994,35.655322
3900,-97.509994,35.655369
3722,-97.509784,35.655033
3723,-97.509739,35.655034
3910,-97.509826,35.655182
3909,-97.509826,35.655205
3911,-97.509826,35.655229
3908,-97.509826,35.655253
3912,-97.509826,35.655276
3907,-97.509826,35.655300
3913,-97.509826,35.655348
3914,-97.509826,35.655442
3685,-97.513394,35.655688
3686,-97.513394,35.655711
3687,-97.513394,35.655733
3683,-97.513395,35.656671
3847,-97.513227,35.656673
3734,-97.512474,35.655781
3753,-97.512474,35.655919
3754,-97.512875,35.656521
3755,-97.512861,35.656521
3756,-97.512577,35.656521
3846,-97.512554,35.656672
3845,-97.512554,35.656703
3682,-97.513401,35.656937
3848,-97.513232,35.656894
3681,-97.513408,35.657203
3849,-97.513238,35.657116
3850,-97.513244,35.657338
3851,-97.513244,35.657516
3844,-97.512554,35.656735
3843,-97.512554,35.656766
3842,-97.512554,35.656798
3841,-97.512554,35.657462
3840,-97.512554,35.657493
3839,-97.512554,35.657525
3838,-97.512554,35.657557
3837,-97.512554,35.657588
3735,-97.512443,35.655781
3752,-97.512443,35.655919
3757,-97.512369,35.656521
3821,-97.512386,35.656672
3822,-97.512386,35.656703
3758,-97.512186,35.656521
3759,-97.512003,35.656521
3736,-97.511817,35.655781
3751,-97.511817,35.655919
3737,-97.511786,35.655781
3738,-97.511755,35.655781
3739,-97.511724,35.655781
3740,-97.511692,35.655781
3750,-97.511786,35.655919
3749,-97.511755,35.655919
3748,-97.511724,35.655919
3747,-97.511692,35.655919
3741,-97.511661,35.655781
3746,-97.511661,35.655919
3760,-97.511821,35.656521
3820,-97.511714,35.656672
3819,-97.511714,35.656703
3761,-97.511529,35.656521
3795,-97.511546,35.656672
3796,-97.511546,35.656703
3823,-97.512386,35.656735
3824,-97.512386,35.656766
3825,-97.512386,35.656798
3826,-97.512386,35.657462
3827,-97.512386,35.657493
3828,-97.512386,35.657525
3829,-97.512386,35.657557
3830,-97.512386,35.657588
3818,-97.511714,35.656735
3817,-97.511714,35.656766
3816,-97.511714,35.656798
3797,-97.511546,35.656735
3798,-97.511546,35.656766
3799,-97.511546,35.656798
3815,-97.511714,35.657462
3814,-97.511714,35.657493
3813,-97.511714,35.657525
3812,-97.511714,35.657557
3811,-97.511714,35.657588
3800,-97.511546,35.657462
3801,-97.511546,35.657493
3802,-97.511546,35.657525
3803,-97.511546,35.657557
3804,-97.511546,35.657588
3678,-97.513404,35.658204
3677,-97.513403,35.658235
3852,-97.513236,35.658163
3853,-97.513236,35.658194
3854,-97.513235,35.658224
3676,-97.513403,35.658265
3675,-97.513403,35.658296
3855,-97.513235,35.658255
3856,-97.513235,35.658286
3836,-97.512554,35.658252
3835,-97.512554,35.658284
3834,-97.512554,35.658315
3871,-97.512570,35.659179
3831,-97.512386,35.658252
3832,-97.512386,35.658284
3833,-97.512386,35.658315
3810,-97.511714,35.658252
3809,-97.511714,35.658284
3808,-97.511714,35.658315
3805,-97.511546,35.658252
3806,-97.511546,35.658284
3807,-97.511546,35.658315
3870,-97.512277,35.659179
3869,-97.512095,35.659179
3868,-97.511912,35.659179
3867,-97.511730,35.659179
3866,-97.511515,35.659180
3742,-97.510973,35.655781
3743,-97.510942,35.655781
3745,-97.510973,35.655919
3744,-97.510942,35.655919
3762,-97.510922,35.656521
3763,-97.510696,35.655731
3764,-97.510696,35.655755
3765,-97.510696,35.655767
3766,-97.510693,35.655954
3767,-97.510693,35.655978
3768,-97.510693,35.656002
3769,-97.510692,35.656026
3794,-97.510854,35.656672
3770,-97.510686,35.656672
3793,-97.510854,35.656706
3792,-97.510854,35.656740
3791,-97.510854,35.656775
3790,-97.510854,35.656809
3771,-97.510686,35.656706
3772,-97.510686,35.656740
3773,-97.510686,35.656775
3774,-97.510686,35.656809
3789,-97.510854,35.657682
3788,-97.510854,35.657709
3775,-97.510686,35.657682
3776,-97.510686,35.657709
3899,-97.509994,35.656356
3898,-97.509994,35.656450
3897,-97.509994,35.656544
3896,-97.509994,35.656638
3915,-97.509826,35.656344
3916,-97.509826,35.656439
3917,-97.509826,35.656534
3918,-97.509826,35.656629
3895,-97.509994,35.656732
3894,-97.509992,35.657722
3919,-97.509824,35.657722
3787,-97.510854,35.657736
3786,-97.510854,35.657764
3785,-97.510854,35.657791
3777,-97.510686,35.657736
3778,-97.510686,35.657764
3784,-97.510858,35.658366
3783,-97.510858,35.658393
3782,-97.510858,35.658421
3779,-97.510690,35.658366
3780,-97.510690,35.658393
3781,-97.510690,35.658421
3865,-97.510938,35.659186
3864,-97.510909,35.659186
3863,-97.510881,35.659187
3862,-97.510543,35.659189
3893,-97.509992,35.657773
3892,-97.509992,35.657823
3891,-97.509991,35.657874
3920,-97.509824,35.657773
3921,-97.509824,35.657823
3922,-97.509823,35.657874
3861,-97.510271,35.659189
3890,-97.509984,35.658935
3889,-97.509984,35.658986
3888,-97.509984,35.659037
3860,-97.510000,35.659189
3887,-97.509988,35.659488
3923,-97.509816,35.658935
3924,-97.509816,35.658986
3925,-97.509816,35.659037
3926,-97.509817,35.659209
3927,-97.509820,35.659478
3928,-97.509820,35.659490
3929,-97.509820,35.659502
3879,-97.511708,35.659791
3880,-97.511645,35.659791
3881,-97.511583,35.659791
3936,-97.511109,35.659929
3935,-97.511064,35.659929
3934,-97.511019,35.659929
3933,-97.510974,35.659929
3882,-97.510324,35.659791
3883,-97.510261,35.659791
3884,-97.510198,35.659791
3885,-97.510135,35.659791
3886,-97.510072,35.659791
3932,-97.510032,35.659929
3931,-97.509811,35.659931
3930,-97.509785,35.659931
3635,-97.508071,35.655280
3636,-97.508011,35.655340
3637,-97.507951,35.655400
3638,-97.507891,35.655460
3654,-97.507896,35.655669
3639,-97.507831,35.655520
3640,-97.507772,35.655575
3641,-97.507726,35.655615
3634,-97.508964,35.655724
3633,-97.508964,35.655800
3632,-97.508964,35.655877
3631,-97.508964,35.655953
3630,-97.508964,35.656030
3629,-97.508964,35.656107
3628,-97.508964,35.656183
3627,-97.508964,35.656260
3626,-97.508964,35.656337
3625,-97.508964,35.656413
3624,-97.508964,35.656490
3655,-97.508796,35.655903
3656,-97.508796,35.655977
3657,-97.508796,35.656051
3658,-97.508796,35.656124
3659,-97.508796,35.656198
3660,-97.508796,35.656271
3661,-97.508796,35.656345
3623,-97.508966,35.656711
3622,-97.508967,35.656778
3581,-97.508474,35.657356
3582,-97.508435,35.657357
3583,-97.508396,35.657357
3584,-97.508357,35.657358
3586,-97.508400,35.657495
3585,-97.508361,35.657496
3662,-97.507875,35.656568
3653,-97.507808,35.655735
3663,-97.507787,35.656569
3664,-97.507699,35.656570
3580,-97.508053,35.656705
3579,-97.507965,35.656706
3578,-97.507877,35.656706
3577,-97.507789,35.656707
3576,-97.507701,35.656708
3621,-97.508996,35.659100
3620,-97.509005,35.659363
3619,-97.509006,35.659399
3616,-97.508830,35.659160
3617,-97.508832,35.659217
3618,-97.508834,35.659274
3587,-97.508037,35.658157
3588,-97.507931,35.658158
3609,-97.508039,35.658295
3608,-97.507933,35.658296
3589,-97.507824,35.658159
3590,-97.507718,35.658159
3591,-97.507611,35.658160
3592,-97.507505,35.658161
3607,-97.507826,35.658297
3606,-97.507720,35.658297
3605,-97.507613,35.658298
3604,-97.507507,35.658299
3610,-97.508275,35.658956
3615,-97.508204,35.659095
3614,-97.508131,35.659095
3611,-97.508055,35.658958
3612,-97.507909,35.658960
3613,-97.507911,35.659098
3652,-97.507180,35.655861
3651,-97.507086,35.655868
3642,-97.507072,35.655732
3643,-97.506977,35.655739
3650,-97.506991,35.655875
3644,-97.506883,35.655746
3649,-97.506897,35.655882
3648,-97.506822,35.655888
3665,-97.506951,35.656576
3645,-97.506770,35.655758
3647,-97.506732,35.655912
3646,-97.506680,35.655782
3666,-97.506775,35.656578
3667,-97.506687,35.656579
3537,-97.506400,35.656365
3538,-97.506406,35.656482
3575,-97.506953,35.656714
3574,-97.506865,35.656715
3568,-97.506833,35.657508
3573,-97.506777,35.656716
3572,-97.506689,35.656717
3571,-97.506601,35.656718
3539,-97.506408,35.656727
3540,-97.506332,35.657163
3569,-97.506605,35.657363
3567,-97.506750,35.657507
3566,-97.506674,35.657504
3565,-97.506597,35.657501
3570,-97.506540,35.657359
3541,-97.506308,35.657243
3564,-97.506508,35.657493
3563,-97.506433,35.657481
3542,-97.506242,35.657461
3543,-97.506220,35.657523
3544,-97.506199,35.657586
3593,-97.506707,35.658168
3594,-97.506600,35.658169
3595,-97.506494,35.658170
3596,-97.506388,35.658170
3603,-97.506709,35.658306
3602,-97.506602,35.658307
3601,-97.506496,35.658308
3600,-97.506390,35.658308
3562,-97.506562,35.658956
3597,-97.506290,35.658165
3598,-97.506197,35.658151
3599,-97.506276,35.658301
3674,-97.513395,35.658936
3673,-97.513394,35.658967
3672,-97.513394,35.658997
3857,-97.513227,35.658933
3858,-97.513226,35.658964
3859,-97.513226,35.658995
3671,-97.513394,35.659028
3670,-97.513395,35.659197
3669,-97.513398,35.659464
3668,-97.513398,35.659477
3873,-97.512871,35.659179
3872,-97.512857,35.659179
3946,-97.513443,35.659929
3874,-97.513219,35.659791
3945,-97.513219,35.659929
3875,-97.513156,35.659791
3944,-97.513174,35.659929
3943,-97.513129,35.659929
3942,-97.512231,35.659929
3941,-97.512186,35.659929
3940,-97.512141,35.659929
3939,-97.512096,35.659929
3938,-97.512052,35.659929
3937,-97.512007,35.659929
3876,-97.511897,35.659791
3877,-97.511834,35.659791
3878,-97.511771,35.659791
5338,-97.511041,35.660517
5337,-97.511014,35.660567
5336,-97.510961,35.660651
5335,-97.510923,35.660696
5339,-97.510821,35.660573
5340,-97.510783,35.660618
5343,-97.510341,35.660858
5341,-97.510370,35.660892
5342,-97.510353,35.660872
5344,-97.510228,35.661003
5334,-97.510340,35.661105
5333,-97.510259,35.661163
5345,-97.510147,35.661061
5332,-97.510176,35.661256
5346,-97.510097,35.661105
5347,-97.510067,35.661142
5348,-97.510036,35.661178
5349,-97.509998,35.661232
5331,-97.510221,35.662029
5351,-97.510183,35.662190
5350,-97.510105,35.662129
3553,-97.507204,35.659753
3554,-97.507157,35.659753
3561,-97.506560,35.659094
3560,-97.506520,35.659094
3559,-97.506479,35.659093
3558,-97.506438,35.659093
3555,-97.506711,35.659756
3556,-97.506664,35.659756
3557,-97.506092,35.659090
4205,-97.509021,35.660797
4204,-97.509027,35.660822
4203,-97.509034,35.660861
4202,-97.509034,35.660886
4201,-97.509034,35.661447
4200,-97.509034,35.661472
4199,-97.509034,35.661498
4198,-97.509035,35.661674
4206,-97.507975,35.660651
4207,-97.507930,35.660657
4208,-97.507870,35.660669
4158,-97.507958,35.660793
4157,-97.507930,35.660797
4209,-97.507827,35.660682
4210,-97.507784,35.660695
4211,-97.507741,35.660709
4212,-97.507698,35.660722
4156,-97.507887,35.660810
4155,-97.507844,35.660823
4129,-97.507976,35.661647
4128,-97.508024,35.661779
4127,-97.507982,35.661789
4130,-97.507934,35.661657
4131,-97.507891,35.661668
4132,-97.507848,35.661678
4126,-97.507939,35.661800
4125,-97.507896,35.661810
4124,-97.507853,35.661820
4154,-97.507801,35.660837
4153,-97.507758,35.660850
4133,-97.507805,35.661688
4134,-97.507763,35.661698
3552,-97.507206,35.659891
4213,-97.506886,35.660976
4214,-97.506843,35.660990
4152,-97.506903,35.661118
4151,-97.506860,35.661131
4215,-97.506800,35.661003
4216,-97.506757,35.661017
3551,-97.506125,35.659897
3550,-97.506078,35.659897
3547,-97.505749,35.659340
3548,-97.505750,35.659371
4197,-97.509041,35.662265
4196,-97.509041,35.662292
4195,-97.509044,35.662472
4194,-97.509044,35.662500
4100,-97.507987,35.662478
4101,-97.507944,35.662488
4102,-97.507901,35.662498
4103,-97.507858,35.662508
4099,-97.508033,35.662610
4098,-97.507990,35.662620
4097,-97.507947,35.662630
4096,-97.507904,35.662640
4123,-97.507811,35.661830
4104,-97.507815,35.662518
4105,-97.507772,35.662528
4095,-97.507818,35.662660
4071,-97.507992,35.663308
4072,-97.507949,35.663318
4073,-97.507907,35.663329
4074,-97.507864,35.663339
4070,-97.507997,35.663450
4069,-97.507955,35.663461
4068,-97.507912,35.663471
4067,-97.507869,35.663482
4075,-97.507821,35.663350
4076,-97.507779,35.663360
4066,-97.507827,35.663492
4150,-97.506817,35.661145
4217,-97.506715,35.661030
4218,-97.506672,35.661043
4149,-97.506775,35.661158
4148,-97.506732,35.661171
4147,-97.506689,35.661185
4219,-97.506629,35.661057
3549,-97.506031,35.659897
4146,-97.505795,35.661466
4220,-97.505727,35.661340
4221,-97.505686,35.661356
4145,-97.505754,35.661482
4144,-97.505730,35.661491
4222,-97.505628,35.661381
4223,-97.505592,35.661404
4224,-97.505542,35.661440
4225,-97.505456,35.661631
4226,-97.505456,35.661651
4227,-97.505456,35.661671
4228,-97.505456,35.661691
4122,-97.506957,35.662036
4135,-97.506909,35.661904
4136,-97.506866,35.661914
4137,-97.506823,35.661924
4121,-97.506914,35.662046
4120,-97.506871,35.662056
4119,-97.506829,35.662067
4106,-97.506914,35.662732
4107,-97.506828,35.662752
4138,-97.506781,35.661935
4139,-97.506738,35.661945
4118,-97.506786,35.662077
4140,-97.506695,35.661955
4117,-97.506743,35.662087
4108,-97.506785,35.662762
4109,-97.506742,35.662772
4110,-97.506699,35.662782
4094,-97.506960,35.662864
4093,-97.506917,35.662874
4092,-97.506874,35.662884
4091,-97.506831,35.662894
4077,-97.506969,35.663557
4078,-97.506927,35.663567
4079,-97.506884,35.663577
4080,-97.506841,35.663588
4065,-97.507017,35.663689
4064,-97.506975,35.663699
4063,-97.506932,35.663709
4062,-97.506889,35.663720
4061,-97.506847,35.663730
4090,-97.506788,35.662904
4089,-97.506745,35.662914
4081,-97.506799,35.663598
4082,-97.506756,35.663609
4060,-97.506804,35.663741
4083,-97.506714,35.663619
4059,-97.506762,35.663751
4141,-97.505815,35.662152
4116,-97.505821,35.662290
4142,-97.505771,35.662153
4143,-97.505726,35.662155
4115,-97.505777,35.662291
4114,-97.505732,35.662293
4229,-97.505456,35.662135
4230,-97.505456,35.662312
4231,-97.505456,35.662338
4232,-97.505456,35.662365
4233,-97.505456,35.662392
4111,-97.505844,35.662976
4112,-97.505801,35.662983
4088,-97.505878,35.663110
4087,-97.505835,35.663117
4113,-97.505757,35.662990
4086,-97.505791,35.663124
4234,-97.505456,35.662953
4235,-97.505457,35.663133
4236,-97.505457,35.663161
4237,-97.505458,35.663189
4238,-97.505459,35.663217
4239,-97.505459,35.663246
5325,-97.512463,35.661810
5326,-97.512421,35.661822
5358,-97.512505,35.661944
5410,-97.512452,35.663385
5327,-97.512361,35.661830
5357,-97.512447,35.661958
5356,-97.512357,35.661969
5328,-97.512179,35.661852
5329,-97.512119,35.661861
5355,-97.512179,35.661993
5363,-97.512444,35.662722
5362,-97.512444,35.662742
5361,-97.512444,35.662762
5364,-97.512276,35.662722
5365,-97.512276,35.662742
5366,-97.512276,35.662762
5330,-97.511505,35.662076
5354,-97.511663,35.662142
5353,-97.511619,35.662176
5352,-97.511574,35.662210
5372,-97.511554,35.662792
5371,-97.511559,35.662815
5360,-97.512444,35.662977
5367,-97.512276,35.662977
5368,-97.512276,35.662997
5409,-97.512138,35.663408
5408,-97.511964,35.663433
5369,-97.511617,35.663080
5370,-97.511612,35.663057
5374,-97.511446,35.663081
5407,-97.511787,35.663468
5375,-97.511495,35.663395
5406,-97.511549,35.663525
5373,-97.511393,35.662839
5405,-97.511132,35.663671
5404,-97.511069,35.663700
5379,-97.510881,35.663375
5376,-97.510902,35.663423
5378,-97.510888,35.663392
5377,-97.510895,35.663409
5380,-97.510723,35.663421
5382,-97.510737,35.663455
5381,-97.510730,35.663438
5383,-97.510746,35.663475
5403,-97.510843,35.663835
5384,-97.510542,35.663862
5402,-97.510747,35.663902
5401,-97.510650,35.663968
5400,-97.510555,35.664034
5399,-97.510460,35.664102
5398,-97.510083,35.664604
5385,-97.509915,35.664600
5397,-97.510080,35.664707
5396,-97.510076,35.664810
5386,-97.509912,35.664703
5387,-97.509908,35.664806
5395,-97.510075,35.664909
5394,-97.510079,35.665013
5393,-97.510083,35.665116
5388,-97.509907,35.664913
5389,-97.509911,35.665017
5390,-97.509915,35.665120
5392,-97.510117,35.665188
5391,-97.509963,35.665242
4193,-97.509044,35.663118
4192,-97.509044,35.663147
4191,-97.509044,35.663334
4159,-97.508876,35.663312
4190,-97.509044,35.663378
4160,-97.508876,35.663472
4161,-97.508876,35.663553
4162,-97.508876,35.663633
4163,-97.508877,35.663695
4084,-97.505824,35.663815
4085,-97.505780,35.663821
4189,-97.508515,35.664236
4188,-97.508477,35.664267
4187,-97.508439,35.664298
4186,-97.508401,35.664330
4185,-97.508377,35.664354
4184,-97.508359,35.664371
4181,-97.508591,35.665386
4182,-97.508436,35.665255
4183,-97.508389,35.665193
4179,-97.508656,35.665436
4180,-97.508623,35.665411
4168,-97.508486,35.665494
4046,-97.507444,35.664574
4045,-97.507444,35.664592
4044,-97.507445,35.664611
4164,-97.508193,35.665108
4167,-97.508331,35.665366
4166,-97.508261,35.665289
4165,-97.508215,35.665198
4022,-97.507963,35.665589
4021,-97.507941,35.665589
4020,-97.507920,35.665589
4019,-97.507898,35.665589
4043,-97.507448,35.664972
4042,-97.507449,35.664991
4041,-97.507449,35.665010
4040,-97.507449,35.665029
4018,-97.507470,35.665589
4178,-97.509171,35.666069
4177,-97.509170,35.666106
4176,-97.509168,35.666143
4175,-97.509167,35.666180
4174,-97.509164,35.666353
3994,-97.508157,35.666187
3995,-97.508112,35.666187
3993,-97.508157,35.666325
3992,-97.508112,35.666325
3996,-97.508068,35.666187
3997,-97.508024,35.666187
3998,-97.507979,35.666187
3991,-97.508068,35.666325
3990,-97.508024,35.666325
3989,-97.507979,35.666325
3999,-97.507935,35.666187
4000,-97.507890,35.666187
3988,-97.507935,35.666325
3987,-97.507890,35.666325
4035,-97.507277,35.664613
4047,-97.506598,35.664515
4048,-97.506566,35.664522
4049,-97.506534,35.664529
4050,-97.506503,35.664536
4051,-97.506471,35.664544
4052,-97.506439,35.664551
4034,-97.506549,35.664668
4033,-97.506517,35.664676
4032,-97.506485,35.664683
4036,-97.507280,35.664974
4037,-97.507281,35.664993
4038,-97.507281,35.665012
4039,-97.507281,35.665031
4017,-97.507240,35.665586
4023,-97.507133,35.665447
4024,-97.507079,35.665446
4016,-97.507186,35.665586
4015,-97.507131,35.665585
4014,-97.507077,35.665584
4025,-97.507024,35.665446
4013,-97.507022,35.665584
4058,-97.505850,35.663951
4057,-97.505806,35.663957
4173,-97.509164,35.666857
4172,-97.509164,35.666881
4171,-97.509164,35.666905
4170,-97.509165,35.667081
4169,-97.509165,35.667097
3962,-97.508157,35.666927
3963,-97.508112,35.666927
3964,-97.508068,35.666927
3965,-97.508024,35.666927
3966,-97.507979,35.666927
3967,-97.507935,35.666927
3968,-97.507890,35.666927
3961,-97.508157,35.667065
3960,-97.508112,35.667065
3959,-97.508068,35.667065
3958,-97.508024,35.667065
3957,-97.507979,35.667065
3956,-97.507935,35.667065
3955,-97.507890,35.667065
4053,-97.505806,35.664682
4031,-97.505807,35.664821
4056,-97.505744,35.663957
4240,-97.505476,35.663962
4241,-97.505476,35.663990
4242,-97.505476,35.664019
4054,-97.505773,35.664687
4055,-97.505748,35.664692
4030,-97.505768,35.664828
4029,-97.505735,35.664831
4243,-97.505476,35.664682
4244,-97.505476,35.664862
4026,-97.505933,35.665434
4012,-97.505931,35.665572
4027,-97.505879,35.665434
4028,-97.505824,35.665433
4011,-97.505877,35.665572
4010,-97.505822,35.665571
4245,-97.505476,35.665084
4246,-97.505476,35.665306
4247,-97.505477,35.665583
4001,-97.507002,35.666184
4002,-97.506958,35.666184
3986,-97.507002,35.666322
3985,-97.506958,35.666322
4003,-97.506913,35.666184
4004,-97.506869,35.666184
4005,-97.506824,35.666184
3984,-97.506913,35.666322
3983,-97.506869,35.666322
3982,-97.506824,35.666322
3969,-97.507002,35.666924
3970,-97.506958,35.666924
3971,-97.506913,35.666924
3972,-97.506869,35.666924
3973,-97.506824,35.666924
4006,-97.506780,35.666184
3981,-97.506780,35.666322
3974,-97.506780,35.666924
3954,-97.507002,35.667062
3953,-97.506958,35.667062
3952,-97.506869,35.667062
3951,-97.506824,35.667062
3950,-97.506780,35.667062
4007,-97.505892,35.666181
4008,-97.505847,35.666181
4009,-97.505803,35.666181
3980,-97.505892,35.666319
3979,-97.505847,35.666319
3978,-97.505803,35.666319
3975,-97.505892,35.666921
3976,-97.505847,35.666921
3977,-97.505803,35.666921
4248,-97.505483,35.666084
4249,-97.505483,35.666108
4250,-97.505483,35.666132
4251,-97.505483,35.666156
4252,-97.505486,35.666332
4253,-97.505486,35.666824
4254,-97.505486,35.666848
4255,-97.505486,35.666871
3949,-97.505892,35.667059
3948,-97.505847,35.667059
3947,-97.505803,35.667059
4256,-97.505489,35.667074
1438,-97.502240,35.660834
1437,-97.502264,35.660898
1436,-97.502273,35.660951
1435,-97.502281,35.661004
1434,-97.502283,35.661119
1433,-97.502283,35.661172
1432,-97.502283,35.661225
1440,-97.502161,35.660723
1439,-97.502202,35.660764
1441,-97.502101,35.660676
1409,-97.501997,35.660784
1442,-97.501456,35.660546
1443,-97.501432,35.660546
1444,-97.501409,35.660547
1445,-97.501386,35.660547
1446,-97.501362,35.660548
1447,-97.501339,35.660548
1408,-97.501390,35.660685
1374,-97.501314,35.660702
1373,-97.501314,35.660738
1372,-97.501314,35.660774
1412,-97.502098,35.660916
1413,-97.502107,35.660969
1414,-97.502115,35.661022
1411,-97.502072,35.660850
1410,-97.502031,35.660809
1415,-97.502115,35.661066
1416,-97.502115,35.661119
1371,-97.501314,35.660810
1370,-97.501314,35.660847
1369,-97.501315,35.660883
1368,-97.501315,35.660919
1367,-97.501315,35.660956
1366,-97.501315,35.660992
1365,-97.501319,35.661609
1364,-97.501319,35.661645
1363,-97.501319,35.661682
1362,-97.501319,35.661718
1431,-97.502279,35.662022
1430,-97.502279,35.662075
1429,-97.502279,35.662128
1428,-97.502278,35.662181
1427,-97.502278,35.662234
1426,-97.502278,35.662288
1425,-97.502278,35.662341
1424,-97.502278,35.662394
1423,-97.502277,35.662500
1417,-97.502111,35.662022
1418,-97.502111,35.662075
1419,-97.502111,35.662128
1420,-97.502110,35.662181
1421,-97.502110,35.662234
1422,-97.502110,35.662288
1288,-97.501362,35.663367
1289,-97.501327,35.663366
1287,-97.501429,35.663505
1286,-97.501394,35.663505
1285,-97.501360,35.663505
1284,-97.501325,35.663504
1290,-97.501293,35.663366
1291,-97.501258,35.663366
1292,-97.501224,35.663366
1283,-97.501291,35.663504
1282,-97.501256,35.663504
1281,-97.501222,35.663504
1448,-97.501130,35.660549
1375,-97.501146,35.660702
1376,-97.501146,35.660738
1377,-97.501146,35.660774
1449,-97.500422,35.660542
1450,-97.500391,35.660542
1451,-97.500361,35.660542
1407,-97.500344,35.660692
1378,-97.501146,35.660810
1379,-97.501146,35.660847
1380,-97.501147,35.660883
1381,-97.501147,35.660919
1382,-97.501147,35.660956
1383,-97.501147,35.660992
1384,-97.501151,35.661609
1385,-97.501151,35.661645
1406,-97.500344,35.660870
1405,-97.500344,35.661049
1339,-97.500176,35.660870
1340,-97.500176,35.661049
1404,-97.500344,35.661227
1403,-97.500344,35.661482
1402,-97.500344,35.661527
1392,-97.500176,35.661482
1393,-97.500176,35.661526
1401,-97.500344,35.661572
1400,-97.500344,35.661618
1399,-97.500344,35.661663
1394,-97.500176,35.661570
1395,-97.500176,35.661615
1452,-97.499258,35.660534
1453,-97.499209,35.660534
1454,-97.499160,35.660534
1338,-97.499207,35.660672
1337,-97.499158,35.660672
1341,-97.499527,35.661331
1342,-97.499498,35.661331
1343,-97.499468,35.661331
1391,-97.499442,35.661549
1390,-97.499439,35.661569
1389,-97.499436,35.661589
1388,-97.499433,35.661609
1344,-97.499374,35.661358
1345,-97.499274,35.661533
1346,-97.499271,35.661553
1347,-97.499265,35.661593
1348,-97.499262,35.661613
1361,-97.500490,35.662676
1360,-97.500459,35.662676
1359,-97.500428,35.662677
1398,-97.500344,35.662436
1397,-97.500344,35.662481
1396,-97.500176,35.662460
1358,-97.500397,35.662677
1357,-97.500367,35.662678
1293,-97.500430,35.663361
1280,-97.500428,35.663499
1294,-97.500395,35.663361
1295,-97.500361,35.663361
1279,-97.500393,35.663499
1278,-97.500359,35.663499
1387,-97.499373,35.662047
1386,-97.499371,35.662067
1349,-97.499205,35.662041
1350,-97.499203,35.662061
1351,-97.499202,35.662081
1356,-97.499508,35.662685
1355,-97.499476,35.662686
1354,-97.499444,35.662686
1353,-97.499412,35.662686
1352,-97.499381,35.662687
1296,-97.499536,35.663361
1277,-97.499602,35.663499
1276,-97.499569,35.663499
1275,-97.499553,35.663499
1274,-97.499536,35.663499
1297,-97.499520,35.663361
1298,-97.499504,35.663361
1299,-97.499487,35.663361
1300,-97.499471,35.663361
1301,-97.499454,35.663361
1302,-97.499438,35.663361
1303,-97.499422,35.663361
1304,-97.499405,35.663361
1273,-97.499520,35.663499
1272,-97.499504,35.663499
1271,-97.499487,35.663499
1270,-97.499471,35.663499
1269,-97.499454,35.663499
1268,-97.499438,35.663499
1267,-97.499422,35.663499
1266,-97.499405,35.663499
1305,-97.499389,35.663361
1306,-97.499372,35.663361
1307,-97.499356,35.663361
1265,-97.499389,35.663499
1264,-97.499372,35.663499
1263,-97.499356,35.663499
1336,-97.499109,35.660671
1335,-97.499061,35.660671
1334,-97.499012,35.660671
1333,-97.498963,35.660671
1322,-97.498261,35.661359
1320,-97.498283,35.661395
1319,-97.498293,35.661413
1318,-97.498304,35.661431
1321,-97.498272,35.661377
1317,-97.498378,35.662192
1316,-97.498378,35.662212
1315,-97.498378,35.662232
1314,-97.498379,35.662252
1313,-97.498379,35.662272
1312,-97.498379,35.662292
1311,-97.498379,35.662312
1310,-97.498379,35.662332
1233,-97.498210,35.662192
1234,-97.498210,35.662212
1235,-97.498210,35.662232
1236,-97.498211,35.662252
1237,-97.498211,35.662272
1238,-97.498211,35.662292
1239,-97.498211,35.662312
1240,-97.498211,35.662332
1309,-97.498379,35.662352
1308,-97.498380,35.662372
1463,-97.498641,35.663211
1241,-97.497932,35.663341
1242,-97.497918,35.663341
1243,-97.497905,35.663341
1244,-97.497891,35.663341
1245,-97.497878,35.663341
1246,-97.497864,35.663341
1247,-97.497851,35.663341
1248,-97.497838,35.663341
1262,-97.497959,35.663479
1261,-97.497945,35.663479
1260,-97.497932,35.663479
1259,-97.497918,35.663479
1258,-97.497905,35.663479
1257,-97.497891,35.663479
1256,-97.497878,35.663479
1255,-97.497864,35.663479
1254,-97.497851,35.663479
1253,-97.497838,35.663479
1455,-97.499111,35.660533
1456,-97.499063,35.660533
1457,-97.499014,35.660533
1458,-97.498965,35.660533
1459,-97.498131,35.660940
1332,-97.498199,35.661088
1331,-97.498168,35.661119
1330,-97.498138,35.661150
1328,-97.498179,35.661245
1325,-97.498229,35.661305
1327,-97.498193,35.661262
1326,-97.498207,35.661278
1329,-97.498164,35.661229
1323,-97.498250,35.661341
1324,-97.498239,35.661323
1468,-97.497201,35.660418
1467,-97.497200,35.660463
1466,-97.497200,35.660507
1465,-97.497199,35.660552
1464,-97.497199,35.660596
1460,-97.498100,35.660971
1461,-97.498069,35.661002
1462,-97.498038,35.661033
1225,-97.498028,35.661309
1223,-97.498000,35.661277
1224,-97.498014,35.661293
1227,-97.498057,35.661342
1228,-97.498071,35.661358
1229,-97.498077,35.661365
1231,-97.498098,35.661401
1230,-97.498087,35.661383
1232,-97.498109,35.661419
1226,-97.498043,35.661325
1252,-97.497367,35.663479
1251,-97.497353,35.663479
1250,-97.497340,35.663479
1249,-97.497326,35.663479
1469,-97.497033,35.660416
1470,-97.497032,35.660461
1471,-97.497032,35.660505
1472,-97.497031,35.660550
1473,-97.497031,35.660594
3303,-97.495524,35.660528
3304,-97.495502,35.660528
3305,-97.495480,35.660528
3265,-97.495454,35.660775
3306,-97.495270,35.660530
3307,-97.495218,35.660529
3308,-97.495166,35.660529
3302,-97.495268,35.660668
3301,-97.495216,35.660667
3300,-97.495164,35.660667
3264,-97.495454,35.660806
3263,-97.495454,35.660837
3262,-97.495454,35.660868
3282,-97.495170,35.661271
3281,-97.495132,35.661271
3280,-97.495094,35.661271
3279,-97.495056,35.661271
3245,-97.495170,35.661409
3246,-97.495132,35.661409
3247,-97.495094,35.661409
3248,-97.495056,35.661409
3429,-97.495498,35.662018
3430,-97.495474,35.662018
3431,-97.495450,35.662018
3428,-97.495497,35.662156
3427,-97.495475,35.662156
3432,-97.495240,35.662019
3433,-97.495114,35.662017
3434,-97.495051,35.662017
3426,-97.495238,35.662157
3425,-97.495169,35.662156
3424,-97.495100,35.662155
3278,-97.495018,35.661271
3277,-97.494980,35.661271
3276,-97.494941,35.661271
3275,-97.494903,35.661271
3249,-97.495018,35.661409
3389,-97.494721,35.662961
3388,-97.494681,35.662988
3387,-97.494626,35.663031
3386,-97.494570,35.663073
3390,-97.494399,35.663016
3391,-97.494342,35.663069
3385,-97.494515,35.663116
3384,-97.494472,35.663155
3383,-97.494423,35.663204
3392,-97.494293,35.663118
3360,-97.495069,35.664090
3359,-97.495105,35.664228
3358,-97.495066,35.664245
3361,-97.495029,35.664106
3362,-97.494990,35.664123
3363,-97.494950,35.664139
3357,-97.495026,35.664261
3356,-97.494986,35.664278
3355,-97.494947,35.664294
3364,-97.494910,35.664156
3365,-97.494871,35.664172
3309,-97.494129,35.660521
3310,-97.494077,35.660521
3311,-97.494026,35.660520
3299,-97.494127,35.660659
3298,-97.494075,35.660659
3297,-97.494024,35.660658
3274,-97.494219,35.661271
3273,-97.494181,35.661271
3272,-97.494143,35.661271
3271,-97.494105,35.661271
3270,-97.494067,35.661271
3269,-97.494029,35.661271
3250,-97.494219,35.661409
3251,-97.494181,35.661409
3252,-97.494143,35.661409
3253,-97.494105,35.661409
3254,-97.494067,35.661409
3255,-97.494029,35.661409
3312,-97.493974,35.660520
3313,-97.493922,35.660519
3314,-97.493870,35.660519
3296,-97.493972,35.660658
3295,-97.493920,35.660657
3294,-97.493868,35.660657
3268,-97.493991,35.661271
3256,-97.493991,35.661409
3267,-97.493251,35.661298
3266,-97.493214,35.661306
3257,-97.493291,35.661432
3258,-97.493254,35.661440
3259,-97.493243,35.661439
3260,-97.493210,35.661455
3261,-97.493178,35.661472
3435,-97.493904,35.662178
3423,-97.493969,35.662314
3436,-97.493857,35.662211
3437,-97.493809,35.662244
3438,-97.493758,35.662297
3422,-97.493916,35.662350
3421,-97.493888,35.662384
3420,-97.493848,35.662429
3419,-97.493807,35.662475
3418,-97.493767,35.662521
3439,-97.493721,35.662339
3440,-97.493684,35.662380
3441,-97.493647,35.662422
3417,-97.493635,35.662676
3416,-97.493615,35.662700
3393,-97.493778,35.663741
3394,-97.493736,35.663796
3395,-97.493696,35.663849
3415,-97.493314,35.663078
3414,-97.493295,35.663102
3413,-97.493276,35.663127
3442,-97.493223,35.662940
3443,-97.493203,35.662965
3444,-97.493183,35.662990
3412,-97.493166,35.663266
3464,-97.493024,35.663192
3411,-97.493029,35.663439
3347,-97.495180,35.665140
3348,-97.495143,35.665138
3349,-97.495105,35.665137
3350,-97.495068,35.665136
3346,-97.495180,35.665278
3345,-97.495143,35.665277
3344,-97.495106,35.665275
3343,-97.495069,35.665274
3354,-97.494290,35.664866
3366,-97.494191,35.664734
3367,-97.494168,35.664765
3368,-97.494146,35.664796
3369,-97.494123,35.664828
3370,-97.494100,35.664859
3351,-97.495030,35.665134
3342,-97.495032,35.665273
3352,-97.494304,35.664981
3341,-97.494280,35.665124
3353,-97.494270,35.664967
3340,-97.494246,35.665111
3339,-97.494213,35.665098
3338,-97.494179,35.665084
3382,-97.493840,35.663921
3381,-97.493800,35.663974
3380,-97.493761,35.664027
3396,-97.493656,35.663902
3379,-97.493721,35.664080
3397,-97.493617,35.663955
3398,-97.493577,35.664008
3399,-97.493537,35.664062
3378,-97.493681,35.664134
3377,-97.493642,35.664187
3376,-97.493602,35.664240
3375,-97.493562,35.664293
3374,-97.493523,35.664346
3400,-97.493498,35.664115
3401,-97.493458,35.664168
3402,-97.493418,35.664221
3403,-97.493379,35.664274
3404,-97.493339,35.664327
3405,-97.493299,35.664380
3373,-97.493483,35.664399
3372,-97.493443,35.664452
3371,-97.493404,35.664506
3406,-97.493260,35.664434
3335,-97.493385,35.664682
3334,-97.493357,35.664666
3333,-97.493329,35.664650
3332,-97.493150,35.664554
3337,-97.493980,35.664996
3336,-97.493950,35.664981
3315,-97.492937,35.660512
3316,-97.492885,35.660512
3317,-97.492834,35.660511
3318,-97.492782,35.660511
3293,-97.492883,35.660650
3292,-97.492832,35.660649
3291,-97.492780,35.660649
3319,-97.492730,35.660511
3320,-97.492654,35.660521
3290,-97.492728,35.660649
3289,-97.492704,35.660653
3288,-97.492684,35.660652
3287,-97.492645,35.660680
3321,-97.492574,35.660548
3322,-97.492535,35.660576
3286,-97.492045,35.661307
3285,-97.492022,35.661345
3284,-97.492000,35.661383
3283,-97.491977,35.661421
3159,-97.491542,35.660468
3158,-97.491460,35.660587
3157,-97.491341,35.660672
3162,-97.491237,35.660564
3156,-97.491231,35.660742
3163,-97.491072,35.660670
3323,-97.491965,35.661149
3324,-97.491938,35.661185
3325,-97.491910,35.661221
3326,-97.491882,35.661266
3327,-97.491859,35.661304
3328,-97.491836,35.661342
3235,-97.491906,35.661682
3234,-97.491878,35.661670
3233,-97.491850,35.661659
3232,-97.491506,35.661558
3155,-97.491121,35.660813
3154,-97.491011,35.660884
3231,-97.491162,35.661496
3242,-97.492865,35.662037
3243,-97.492826,35.662014
3244,-97.492787,35.661991
3241,-97.492743,35.662135
3238,-97.492629,35.662067
3237,-97.492591,35.662045
3240,-97.492705,35.662113
3239,-97.492667,35.662090
3236,-97.492409,35.661941
3448,-97.492232,35.662575
3445,-97.492355,35.662642
3446,-97.492314,35.662620
3447,-97.492273,35.662597
3463,-97.492302,35.662778
3462,-97.492261,35.662756
3449,-97.492191,35.662552
3451,-97.492110,35.662508
3450,-97.492150,35.662530
3460,-97.492179,35.662711
3459,-97.492138,35.662689
3461,-97.492220,35.662734
3410,-97.492892,35.663613
3409,-97.492755,35.663787
3465,-97.492613,35.663713
3452,-97.491850,35.662442
3453,-97.491816,35.662453
3454,-97.491758,35.662493
3455,-97.491735,35.662516
3456,-97.491700,35.662557
3457,-97.491686,35.662584
3458,-97.491673,35.662612
3466,-97.491812,35.663306
3467,-97.491774,35.663286
3468,-97.491736,35.663266
3470,-97.491660,35.663226
3469,-97.491698,35.663246
3471,-97.491568,35.663342
3475,-97.491720,35.663422
3474,-97.491682,35.663402
3473,-97.491644,35.663382
3472,-97.491606,35.663362
3153,-97.490865,35.660985
3152,-97.490855,35.660992
3229,-97.490846,35.661299
3230,-97.490810,35.661433
3058,-97.490061,35.662879
3059,-97.490059,35.662919
3060,-97.490055,35.663001
3408,-97.492630,35.663946
3407,-97.492598,35.663986
3330,-97.492684,35.664318
3331,-97.492917,35.664436
3476,-97.492442,35.663930
3477,-97.492417,35.663961
3329,-97.492451,35.664201
33,-97.492101,35.664763
30,-97.492178,35.664803
31,-97.492152,35.664790
32,-97.492127,35.664776
34,-97.492050,35.664736
29,-97.492051,35.665875
28,-97.491997,35.665904
27,-97.491970,35.665918
3478,-97.491540,35.664051
3479,-97.491509,35.664034
3480,-97.491477,35.664017
3511,-97.491901,35.664639
3531,-97.491932,35.664856
3512,-97.491792,35.664778
3481,-97.491446,35.663999
3482,-97.491414,35.663982
3483,-97.491383,35.663965
3484,-97.491351,35.663947
3508,-97.491365,35.664121
3510,-97.491426,35.664155
3509,-97.491396,35.664138
3485,-97.491051,35.663970
3530,-97.491800,35.665014
3513,-97.491660,35.664936
3514,-97.491512,35.665070
3529,-97.491634,35.665164
3528,-97.491461,35.665310
35,-97.491851,35.665816
36,-97.491823,35.665831
37,-97.491796,35.665845
38,-97.491769,35.665859
39,-97.491742,35.665874
40,-97.491715,35.665888
41,-97.491688,35.665902
42,-97.491660,35.665917
3515,-97.491361,35.665200
3516,-97.491172,35.665313
3527,-97.491272,35.665423
3517,-97.490990,35.665417
3526,-97.491070,35.665537
26,-97.491943,35.665932
25,-97.491915,35.665947
24,-97.491888,35.665961
23,-97.491861,35.665975
22,-97.491834,35.665990
21,-97.491807,35.666004
20,-97.491780,35.666018
19,-97.491752,35.666033
18,-97.491725,35.666047
43,-97.491633,35.665931
44,-97.491606,35.665945
17,-97.491698,35.666061
16,-97.491671,35.666076
15,-97.491644,35.666090
14,-97.491616,35.666104
13,-97.491589,35.666119
45,-97.491579,35.665960
46,-97.491552,35.665974
47,-97.491524,35.665988
48,-97.491497,35.666003
49,-97.491470,35.666017
12,-97.491562,35.666133
11,-97.491535,35.666147
50,-97.491443,35.666031
3486,-97.490746,35.664223
3487,-97.490721,35.664238
3488,-97.490549,35.664335
3489,-97.490481,35.664369
3506,-97.490898,35.664507
3507,-97.490891,35.664498
3505,-97.490905,35.664516
3504,-97.490912,35.664526
3503,-97.490774,35.664605
3502,-97.490760,35.664586
3501,-97.490746,35.664568
3490,-97.490345,35.664438
3491,-97.490278,35.664473
3498,-97.490156,35.664866
3499,-97.490133,35.664834
3500,-97.490110,35.664802
3493,-97.489964,35.664872
3492,-97.489942,35.664840
3525,-97.490864,35.665629
3518,-97.490784,35.665509
3519,-97.490578,35.665601
3524,-97.490658,35.665721
3497,-97.490179,35.664898
3494,-97.489987,35.664904
3495,-97.490010,35.664936
3496,-97.490033,35.664968
3160,-97.491587,35.660360
3161,-97.491374,35.660457
3166,-97.490749,35.660887
3164,-97.489816,35.660504
3219,-97.489421,35.660506
3218,-97.489245,35.660507
3217,-97.489201,35.660508
3216,-97.489157,35.660508
3165,-97.489159,35.660646
3215,-97.489113,35.660508
3214,-97.489069,35.660509
3213,-97.489025,35.660509
3212,-97.488981,35.660509
3211,-97.488937,35.660509
3220,-97.489115,35.660646
3221,-97.489071,35.660647
3222,-97.489027,35.660647
3223,-97.488983,35.660647
3224,-97.488939,35.660647
3194,-97.488999,35.661252
3195,-97.488968,35.661252
3196,-97.488937,35.661252
3197,-97.488906,35.661251
3193,-97.488966,35.661390
3192,-97.488935,35.661390
3191,-97.488904,35.661389
3135,-97.489510,35.661991
3136,-97.489464,35.661991
3137,-97.489434,35.661991
3134,-97.489510,35.662129
3133,-97.489464,35.662129
3132,-97.489434,35.662129
3111,-97.489464,35.662736
3112,-97.489434,35.662736
3138,-97.489403,35.661991
3139,-97.489373,35.661991
3140,-97.489342,35.661991
3131,-97.489403,35.662129
3130,-97.489373,35.662129
3129,-97.489342,35.662129
3113,-97.489404,35.662736
3114,-97.489374,35.662737
3115,-97.489344,35.662737
3057,-97.489451,35.662874
3110,-97.489421,35.662874
3109,-97.489391,35.662874
3108,-97.489361,35.662875
3107,-97.489332,35.662875
3056,-97.489132,35.664282
3055,-97.489092,35.664299
3054,-97.489051,35.664316
3089,-97.488904,35.664224
3053,-97.489010,35.664334
3052,-97.488970,35.664351
3051,-97.488929,35.664368
76,-97.488925,35.664894
70,-97.489372,35.665144
71,-97.489319,35.665091
73,-97.489166,35.664995
72,-97.489237,35.665032
74,-97.489096,35.664959
75,-97.489025,35.664922
64,-97.488932,35.665641
69,-97.489006,35.665779
68,-97.488969,35.665779
67,-97.488932,35.665779
51,-97.490453,35.666398
10,-97.490507,35.666530
9,-97.490475,35.666534
8,-97.490443,35.666537
52,-97.490421,35.666401
53,-97.490389,35.666404
54,-97.490357,35.666408
55,-97.490325,35.666411
56,-97.490304,35.666411
57,-97.490271,35.666411
58,-97.490239,35.666411
3523,-97.489972,35.666178
3522,-97.489970,35.666213
3521,-97.489968,35.666249
7,-97.490411,35.666540
6,-97.490379,35.666544
5,-97.490347,35.666547
4,-97.490304,35.666549
3,-97.490271,35.666549
2,-97.490239,35.666549
1,-97.490206,35.666549
3520,-97.489802,35.666207
59,-97.489261,35.666391
60,-97.489189,35.666391
61,-97.489118,35.666391
62,-97.488975,35.666391
92,-97.489255,35.666529
91,-97.489183,35.666529
90,-97.489111,35.666529
89,-97.489039,35.666529
88,-97.488967,35.666529
3210,-97.488893,35.660510
3209,-97.488849,35.660510
3208,-97.488805,35.660510
3225,-97.488895,35.660648
3226,-97.488851,35.660648
3227,-97.488807,35.660648
3228,-97.488775,35.660649
3207,-97.488566,35.660701
3206,-97.488566,35.660712
3205,-97.488566,35.660723
3204,-97.488566,35.660734
3203,-97.488566,35.660745
3202,-97.488566,35.660756
3198,-97.488875,35.661251
3199,-97.488844,35.661251
3200,-97.488813,35.661251
3201,-97.488782,35.661251
3190,-97.488873,35.661389
3189,-97.488842,35.661389
3188,-97.488811,35.661389
3187,-97.488780,35.661389
3186,-97.488749,35.661389
3185,-97.487909,35.661380
3184,-97.487894,35.661380
3183,-97.487879,35.661380
3172,-97.487834,35.660692
3171,-97.487834,35.660702
3170,-97.487834,35.660713
3169,-97.487834,35.660724
3168,-97.487834,35.660735
3167,-97.487834,35.660746
3173,-97.487666,35.660702
3174,-97.487666,35.660724
3175,-97.487666,35.660735
3176,-97.487666,35.660746
3177,-97.487666,35.660757
3034,-97.487016,35.660516
3182,-97.487864,35.661380
3181,-97.487849,35.661380
3180,-97.487651,35.661380
3179,-97.487426,35.661383
3035,-97.487016,35.660957
3178,-97.487202,35.661387
3036,-97.487016,35.661402
3037,-97.487016,35.661418
3141,-97.488718,35.661991
3142,-97.488688,35.661991
3143,-97.488657,35.661991
3128,-97.488703,35.662129
3127,-97.488672,35.662129
3126,-97.488657,35.662129
3144,-97.488627,35.661991
3145,-97.488596,35.661991
3125,-97.488627,35.662129
3124,-97.488596,35.662129
3116,-97.488701,35.662743
3117,-97.488671,35.662743
3118,-97.488641,35.662743
3119,-97.488612,35.662743
3120,-97.488582,35.662744
3146,-97.487987,35.661991
3147,-97.487957,35.661991
3148,-97.487926,35.661991
3149,-97.487911,35.661991
3123,-97.487972,35.662129
3121,-97.487968,35.662749
3106,-97.488733,35.662880
3105,-97.488703,35.662881
3104,-97.488673,35.662881
3103,-97.488643,35.662881
3102,-97.488599,35.662882
3061,-97.488551,35.663506
3062,-97.488523,35.663506
3063,-97.488495,35.663506
3088,-97.488497,35.663644
3101,-97.487970,35.662887
3100,-97.487940,35.662888
3099,-97.487926,35.662888
3064,-97.488050,35.663509
3065,-97.488022,35.663509
3066,-97.487994,35.663509
3067,-97.487966,35.663510
3068,-97.487938,35.663510
3069,-97.487910,35.663510
3070,-97.487882,35.663510
3087,-97.488024,35.663647
3086,-97.487996,35.663647
3085,-97.487968,35.663648
3084,-97.487940,35.663648
3122,-97.487784,35.662209
3150,-97.487616,35.662161
3151,-97.487616,35.662185
3095,-97.487616,35.662209
3096,-97.487616,35.662232
3097,-97.487616,35.662244
3098,-97.487616,35.662279
3038,-97.487020,35.662244
3071,-97.487855,35.663510
3072,-97.487827,35.663510
3083,-97.487784,35.663768
3082,-97.487784,35.663800
3081,-97.487784,35.663832
3080,-97.487784,35.663864
3073,-97.487616,35.663704
3074,-97.487616,35.663768
3075,-97.487616,35.663800
3076,-97.487616,35.663832
3077,-97.487616,35.663864
3090,-97.488866,35.664240
3050,-97.488888,35.664386
3049,-97.488848,35.664403
3048,-97.488807,35.664420
3091,-97.488143,35.664461
3092,-97.488099,35.664462
3093,-97.488056,35.664463
3094,-97.488013,35.664464
3047,-97.488077,35.664601
3046,-97.488031,35.664602
3045,-97.487985,35.664603
3044,-97.487893,35.664605
63,-97.488881,35.665090
77,-97.488714,35.665041
78,-97.488713,35.665087
79,-97.488712,35.665134
80,-97.488712,35.665181
65,-97.488896,35.665641
81,-97.488707,35.665626
66,-97.488896,35.665779
82,-97.488706,35.665836
83,-97.488706,35.665895
3079,-97.487784,35.663896
3078,-97.487616,35.663896
3043,-97.487847,35.664606
3042,-97.487802,35.664607
3041,-97.487525,35.664611
3040,-97.487373,35.664614
3039,-97.487222,35.664617
84,-97.488706,35.665954
85,-97.488706,35.666013
86,-97.488706,35.666072
87,-97.488894,35.666529
93,-97.485677,35.664132
94,-97.485625,35.664131
95,-97.485573,35.664130
96,-97.485522,35.664129
97,-97.485470,35.664128
199,-97.485923,35.665175
198,-97.485881,35.665174
197,-97.485839,35.665173
98,-97.485418,35.664127
99,-97.485366,35.664126
100,-97.485315,35.664125
175,-97.485466,35.664266
174,-97.485362,35.664264
101,-97.485263,35.664124
102,-97.485211,35.664123
103,-97.485160,35.664122
104,-97.485108,35.664121
173,-97.485311,35.664263
172,-97.485259,35.664262
171,-97.485207,35.664261
170,-97.485156,35.664260
169,-97.485104,35.664259
105,-97.485056,35.664120
106,-97.485005,35.664119
107,-97.484953,35.664118
108,-97.484901,35.664117
109,-97.484850,35.664116
168,-97.485052,35.664258
167,-97.485001,35.664257
166,-97.484949,35.664256
165,-97.484897,35.664255
164,-97.484846,35.664254
176,-97.485761,35.665032
177,-97.485719,35.665031
178,-97.485677,35.665030
179,-97.485634,35.665029
180,-97.485592,35.665027
196,-97.485797,35.665171
195,-97.485755,35.665170
194,-97.485713,35.665169
193,-97.485671,35.665168
192,-97.485628,35.665167
191,-97.485586,35.665165
181,-97.485550,35.665026
182,-97.485508,35.665025
183,-97.485466,35.665024
184,-97.485424,35.665023
185,-97.485382,35.665021
190,-97.485544,35.665164
189,-97.485502,35.665163
188,-97.485460,35.665162
187,-97.485418,35.665161
186,-97.485376,35.665159
110,-97.484798,35.664115
111,-97.484746,35.664114
112,-97.484694,35.664113
113,-97.484643,35.664112
114,-97.484591,35.664111
163,-97.484794,35.664253
162,-97.484742,35.664252
161,-97.484690,35.664251
160,-97.484639,35.664250
159,-97.484587,35.664249
115,-97.484539,35.664110
116,-97.484488,35.664109
158,-97.484535,35.664248
157,-97.484484,35.664247
117,-97.483509,35.664089
118,-97.483457,35.664087
119,-97.483405,35.664084
120,-97.483354,35.664082
121,-97.483302,35.664079
156,-97.483499,35.664227
155,-97.483447,35.664225
154,-97.483395,35.664222
153,-97.483344,35.664220
122,-97.483251,35.664077
123,-97.483199,35.664074
124,-97.483147,35.664072
125,-97.483096,35.664069
126,-97.483044,35.664067
152,-97.483241,35.664215
151,-97.483189,35.664212
150,-97.483137,35.664210
149,-97.483086,35.664207
148,-97.483034,35.664205
127,-97.482941,35.664062
128,-97.482833,35.664094
129,-97.482796,35.664123
147,-97.482983,35.664202
145,-97.482949,35.664194
146,-97.482931,35.664200
144,-97.482912,35.664223
143,-97.482894,35.664233
142,-97.482871,35.664271
130,-97.482742,35.664173
131,-97.482719,35.664211
132,-97.482703,35.664277
133,-97.482699,35.664319
134,-97.482695,35.664361
135,-97.482691,35.664403
136,-97.482687,35.664445
137,-97.482683,35.664487
138,-97.482679,35.664529
139,-97.482675,35.664571
140,-97.482671,35.664613
141,-97.482668,35.664655
3545,-97.505766,35.658810
3546,-97.505747,35.659103
2936,-97.487180,35.659570
3033,-97.487181,35.659684
2963,-97.485799,35.660053
2964,-97.485757,35.660052
2965,-97.485674,35.660051
2966,-97.485592,35.660050
2967,-97.485550,35.660049
2962,-97.485548,35.660187
2961,-97.485465,35.660186
2960,-97.485424,35.660186
2959,-97.485383,35.660185
2958,-97.485341,35.660184
2957,-97.485300,35.660184
2956,-97.485258,35.660183
2955,-97.485093,35.660181
2968,-97.484971,35.660042
2954,-97.484969,35.660180
3005,-97.485729,35.660957
3006,-97.485647,35.660957
3007,-97.485565,35.660956
3008,-97.485483,35.660955
3009,-97.485401,35.660954
3004,-97.485563,35.661094
3003,-97.485481,35.661093
3002,-97.485317,35.661092
3010,-97.485155,35.660952
3011,-97.485073,35.660951
3001,-97.485235,35.661091
3000,-97.485153,35.661090
2999,-97.485071,35.661089
3012,-97.484991,35.660951
2998,-97.484989,35.661089
2978,-97.484787,35.660193
2977,-97.484173,35.660171
2969,-97.484127,35.660032
2976,-97.484134,35.660170
2975,-97.484096,35.660170
2974,-97.484058,35.660170
2973,-97.483838,35.660168
2979,-97.483635,35.660944
2946,-97.484204,35.658674
2945,-97.484199,35.658737
2944,-97.484193,35.658797
2943,-97.484190,35.658827
2942,-97.484187,35.658857
2941,-97.484144,35.659304
2940,-97.484082,35.659436
2939,-97.484064,35.659486
2938,-97.484053,35.659515
2937,-97.484043,35.659543
2948,-97.483976,35.659294
2949,-97.483926,35.659384
2950,-97.483902,35.659448
2951,-97.483881,35.659505
2972,-97.483656,35.660166
2971,-97.483474,35.660164
2970,-97.483292,35.660162
2952,-97.482929,35.660159
2989,-97.482849,35.660747
2980,-97.483476,35.660943
2981,-97.483317,35.660943
2997,-97.483396,35.661081
2996,-97.483357,35.661081
2995,-97.483317,35.661081
2994,-97.483277,35.661081
3013,-97.483690,35.661791
3014,-97.483610,35.661791
3015,-97.483530,35.661791
3016,-97.483450,35.661791
3017,-97.483370,35.661791
3018,-97.483290,35.661791
2982,-97.483158,35.660942
2983,-97.483078,35.660942
2993,-97.483237,35.661080
2992,-97.483197,35.661080
2991,-97.483158,35.661080
2990,-97.483118,35.661080
2984,-97.482999,35.660941
2985,-97.482919,35.660941
2986,-97.482879,35.660941
2987,-97.482840,35.660941
2988,-97.482815,35.661098
3019,-97.483210,35.661791
3020,-97.483130,35.661791
3021,-97.482930,35.661791
3022,-97.482890,35.661791
3023,-97.482810,35.661791
3032,-97.483450,35.661929
3031,-97.483370,35.661929
3030,-97.483290,35.661929
3029,-97.483210,35.661929
3028,-97.483170,35.661929
3027,-97.483130,35.661929
3026,-97.483050,35.661929
3025,-97.482970,35.661929
3024,-97.482890,35.661929
2451,-97.481837,35.661066
2449,-97.481826,35.661253
2450,-97.481826,35.661253
2448,-97.481804,35.661424
2447,-97.481783,35.661594
2446,-97.481761,35.661764
2495,-97.481226,35.660032
2496,-97.481121,35.659893
2493,-97.481149,35.660031
2492,-97.481110,35.660031
2497,-97.481004,35.659892
2498,-97.480965,35.659892
2491,-97.481072,35.660031
2490,-97.481034,35.660031
2489,-97.480995,35.660030
2494,-97.481187,35.660032
2499,-97.480886,35.659892
2488,-97.480957,35.660030
2487,-97.480880,35.660030
2452,-97.481716,35.660898
2453,-97.481483,35.660830
2454,-97.481305,35.660828
2461,-97.481646,35.661332
2462,-97.481624,35.661507
2463,-97.481602,35.661682
2455,-97.481126,35.660826
2460,-97.481035,35.660963
2456,-97.480948,35.660824
2459,-97.480856,35.660961
2457,-97.480769,35.660822
2445,-97.481739,35.661935
2464,-97.481579,35.661858
2465,-97.481557,35.662033
2444,-97.481717,35.662105
2443,-97.481696,35.662276
2466,-97.481534,35.662208
2442,-97.481674,35.662446
2467,-97.481512,35.662383
2468,-97.481490,35.662559
2486,-97.481652,35.662616
2485,-97.481630,35.662787
2469,-97.481467,35.662734
2484,-97.481609,35.662957
2458,-97.480678,35.660959
38634,-97.480552,35.661069
38633,-97.480530,35.661215
2483,-97.481574,35.663137
2470,-97.481445,35.662909
2471,-97.481421,35.663073
2482,-97.481365,35.663300
2472,-97.481328,35.663170
2481,-97.481138,35.663316
38632,-97.480509,35.661362
38631,-97.480488,35.661509
38630,-97.480466,35.661655
38629,-97.480445,35.661802
38628,-97.480414,35.662039
2480,-97.480928,35.663312
2473,-97.480734,35.663170
2479,-97.480823,35.663310
2478,-97.480718,35.663308
38625,-97.480358,35.662489
38624,-97.480340,35.662639
38623,-97.480322,35.662789
2477,-97.480613,35.663306
2474,-97.480518,35.663166
2476,-97.480508,35.663304
38622,-97.480298,35.663026
2475,-97.480403,35.663302
2439,-97.480612,35.663857
2440,-97.480547,35.663855
2438,-97.480634,35.663995
2421,-97.480867,35.664854
2422,-97.480819,35.664853
2423,-97.480770,35.664853
2424,-97.480722,35.664852
2441,-97.480515,35.663855
2437,-97.480570,35.663994
2436,-97.480539,35.663993
2435,-97.480476,35.663992
2434,-97.480444,35.663992
2433,-97.480412,35.663991
2432,-97.480381,35.663991
2430,-97.480804,35.665853
2425,-97.480674,35.664852
2426,-97.480625,35.664852
2427,-97.480577,35.664851
2428,-97.480529,35.664851
2429,-97.480481,35.664851
2420,-97.480668,35.664990
2419,-97.480644,35.664990
2418,-97.480597,35.664989
2417,-97.480573,35.664989
2416,-97.480549,35.664989
2415,-97.480526,35.664989
2431,-97.480768,35.665853
2953,-97.481718,35.658558
2511,-97.481092,35.658364
2512,-97.481092,35.658364
2509,-97.481173,35.658371
2510,-97.481157,35.658370
2513,-97.481059,35.658361
2514,-97.481026,35.658358
2508,-97.481185,35.658510
2504,-97.481137,35.658506
2503,-97.481120,35.658504
2502,-97.481088,35.658501
2501,-97.481072,35.658500
2500,-97.481056,35.658499
2520,-97.481503,35.657506
2521,-97.481328,35.657353
2519,-97.481470,35.657503
2518,-97.481437,35.657501
2517,-97.481404,35.657498
2516,-97.481371,35.657495
2515,-97.481272,35.657486
2947,-97.484207,35.658614
38465,-97.480724,35.659528
38464,-97.480723,35.659535
38635,-97.480651,35.660172
38627,-97.480395,35.662189
38626,-97.480377,35.662339
39649,-97.480284,35.663494
372,-97.493165,35.667534
371,-97.493228,35.667863
373,-97.492149,35.667871
374,-97.492129,35.667871
375,-97.492108,35.667871
376,-97.492088,35.667870
377,-97.492067,35.667870
378,-97.492047,35.667870
379,-97.491249,35.667862
380,-97.491228,35.667862
381,-97.491208,35.667862
382,-97.491187,35.667862
383,-97.491146,35.667861
384,-97.491126,35.667861
385,-97.491106,35.667861
386,-97.491085,35.667861
387,-97.491065,35.667861
388,-97.491044,35.667860
389,-97.491024,35.667860
390,-97.490103,35.667851
391,-97.490082,35.667851
392,-97.490062,35.667851
393,-97.490041,35.667851
394,-97.490001,35.667851
410,-97.488683,35.667843
409,-97.488650,35.667843
408,-97.488617,35.667843
407,-97.488585,35.667843
406,-97.488552,35.667843
405,-97.488519,35.667842
404,-97.488486,35.667842
403,-97.488453,35.667842
402,-97.488420,35.667842
401,-97.488388,35.667842
400,-97.488355,35.667841
399,-97.488322,35.667841
398,-97.488289,35.667841
397,-97.488256,35.667841
396,-97.488223,35.667841
395,-97.488191,35.667841
370,-97.493234,35.668049
369,-97.493234,35.668087
368,-97.493234,35.668124
450,-97.493066,35.668033
451,-97.493066,35.668069
367,-97.493242,35.668908
366,-97.493243,35.668946
452,-97.493074,35.668911
453,-97.493075,35.668948
365,-97.493239,35.669129
348,-97.493229,35.671147
349,-97.493193,35.671124
350,-97.493157,35.671101
351,-97.493122,35.671078
352,-97.493086,35.671055
345,-97.493018,35.671186
449,-97.492065,35.668008
448,-97.492045,35.668008
454,-97.492348,35.668703
455,-97.492315,35.668683
456,-97.492283,35.668663
457,-97.492251,35.668644
462,-97.492313,35.668852
461,-97.492248,35.668813
463,-97.492345,35.668872
460,-97.492215,35.668793
459,-97.492183,35.668773
458,-97.492151,35.668754
364,-97.492822,35.669789
363,-97.492798,35.669813
362,-97.492773,35.669837
361,-97.492749,35.669861
360,-97.492616,35.669997
447,-97.491247,35.668000
446,-97.491226,35.668000
445,-97.491206,35.668000
444,-97.491185,35.668000
442,-97.491144,35.667999
443,-97.491165,35.668000
441,-97.491124,35.667999
440,-97.491104,35.667999
439,-97.491083,35.667999
438,-97.491063,35.667999
437,-97.491042,35.667998
436,-97.491022,35.667998
466,-97.491221,35.668895
474,-97.491011,35.668730
468,-97.491155,35.668852
469,-97.491122,35.668831
470,-97.491089,35.668810
467,-97.491188,35.668874
482,-97.491084,35.668982
471,-97.491057,35.668789
473,-97.491028,35.668761
472,-97.491024,35.668768
481,-97.491051,35.668960
480,-97.491018,35.668939
479,-97.490985,35.668918
478,-97.490951,35.668895
464,-97.491816,35.669277
465,-97.491783,35.669256
484,-97.491679,35.669364
485,-97.491712,35.669385
483,-97.491117,35.669003
486,-97.491134,35.669753
487,-97.491086,35.669722
488,-97.491039,35.669691
489,-97.490991,35.669660
526,-97.491030,35.669861
525,-97.490982,35.669830
359,-97.492596,35.670019
356,-97.492265,35.670527
357,-97.492240,35.670511
358,-97.492209,35.670484
353,-97.492372,35.670596
354,-97.492337,35.670573
355,-97.492301,35.670550
343,-97.492340,35.670750
342,-97.492304,35.670727
341,-97.492268,35.670704
340,-97.492233,35.670681
338,-97.492161,35.670635
337,-97.492116,35.670605
339,-97.492197,35.670658
336,-97.492085,35.670578
344,-97.492982,35.671163
292,-97.492158,35.671665
293,-97.492103,35.671683
294,-97.492048,35.671702
295,-97.491993,35.671720
302,-97.492029,35.671857
301,-97.491974,35.671875
335,-97.491886,35.670786
334,-97.491688,35.670996
333,-97.491497,35.671198
296,-97.491910,35.671747
297,-97.491855,35.671765
298,-97.491801,35.671784
300,-97.491919,35.671893
299,-97.491865,35.671912
557,-97.491431,35.671043
558,-97.491295,35.671186
332,-97.491361,35.671341
331,-97.491225,35.671484
330,-97.491027,35.671687
475,-97.490859,35.668788
476,-97.490876,35.668819
477,-97.490918,35.668874
435,-97.490101,35.667989
434,-97.490080,35.667989
433,-97.490060,35.667989
432,-97.490039,35.667989
431,-97.490019,35.667989
430,-97.489999,35.667989
429,-97.489984,35.668072
428,-97.489984,35.668089
427,-97.489984,35.668107
426,-97.489984,35.668124
490,-97.490943,35.669630
491,-97.490895,35.669599
522,-97.490839,35.669738
521,-97.490791,35.669707
524,-97.490935,35.669799
523,-97.490887,35.669768
492,-97.489974,35.669021
493,-97.489923,35.668993
494,-97.489873,35.668966
495,-97.489764,35.668913
496,-97.489711,35.668887
497,-97.489659,35.668862
519,-97.489829,35.669107
520,-97.489880,35.669135
518,-97.489779,35.669080
517,-97.489730,35.669056
516,-97.489678,35.669031
515,-97.489625,35.669005
531,-97.489602,35.669698
532,-97.489557,35.669669
534,-97.489454,35.669615
533,-97.489503,35.669640
552,-97.489413,35.669756
554,-97.489500,35.669806
553,-97.489455,35.669777
536,-97.489357,35.669565
535,-97.489405,35.669590
537,-97.489308,35.669540
551,-97.489364,35.669731
550,-97.489315,35.669706
538,-97.489260,35.669515
548,-97.489170,35.669631
549,-97.489267,35.669681
528,-97.490510,35.670271
529,-97.490465,35.670242
527,-97.490556,35.670300
530,-97.490419,35.670214
556,-97.490408,35.670379
555,-97.490317,35.670322
559,-97.490051,35.670882
560,-97.490009,35.670855
561,-97.489966,35.670829
591,-97.489949,35.670992
592,-97.490465,35.672028
593,-97.490443,35.672052
590,-97.489907,35.670965
589,-97.489864,35.670939
566,-97.488952,35.670257
567,-97.488905,35.670237
563,-97.489093,35.670318
562,-97.489140,35.670338
564,-97.489046,35.670297
565,-97.488999,35.670277
586,-97.488921,35.670399
588,-97.489015,35.670440
587,-97.488968,35.670419
619,-97.489675,35.671640
618,-97.489665,35.671817
620,-97.488998,35.671165
621,-97.488971,35.671153
622,-97.488944,35.671140
623,-97.488900,35.671123
329,-97.490590,35.672121
328,-97.490568,35.672145
594,-97.490420,35.672075
595,-97.490398,35.672099
596,-97.490376,35.672123
425,-97.488681,35.667981
424,-97.488648,35.667981
423,-97.488583,35.667981
422,-97.488550,35.667981
421,-97.488517,35.667980
420,-97.488484,35.667980
419,-97.488451,35.667980
418,-97.488418,35.667980
417,-97.488386,35.667980
498,-97.488629,35.668567
499,-97.488576,35.668567
500,-97.488524,35.668566
514,-97.488574,35.668705
513,-97.488522,35.668704
501,-97.488472,35.668565
502,-97.488420,35.668564
512,-97.488470,35.668703
511,-97.488418,35.668702
416,-97.488353,35.667979
415,-97.488320,35.667979
414,-97.488287,35.667979
413,-97.488254,35.667979
412,-97.488221,35.667979
411,-97.488189,35.667979
503,-97.488367,35.668564
504,-97.488315,35.668563
505,-97.488263,35.668562
510,-97.488365,35.668702
509,-97.488313,35.668701
508,-97.488261,35.668700
506,-97.488211,35.668562
507,-97.488209,35.668700
539,-97.488499,35.669323
540,-97.488471,35.669316
541,-97.488444,35.669310
542,-97.488417,35.669303
543,-97.488390,35.669297
547,-97.488423,35.669448
546,-97.488396,35.669442
545,-97.488369,35.669435
544,-97.488342,35.669429
569,-97.488018,35.669926
570,-97.487984,35.669916
571,-97.487950,35.669906
210,-97.487224,35.668227
209,-97.487224,35.668242
208,-97.487224,35.668256
207,-97.487224,35.668271
206,-97.487224,35.668285
205,-97.487224,35.668300
204,-97.487225,35.668314
203,-97.487225,35.668329
202,-97.487225,35.668343
201,-97.487225,35.668358
200,-97.487233,35.668968
572,-97.487743,35.669847
573,-97.487706,35.670005
568,-97.488858,35.670217
585,-97.488874,35.670379
584,-97.488827,35.670359
583,-97.488780,35.670339
625,-97.488626,35.670341
582,-97.487960,35.670056
581,-97.487926,35.670046
580,-97.487892,35.670036
624,-97.488871,35.671116
660,-97.488889,35.671273
659,-97.488862,35.671260
658,-97.488852,35.671255
657,-97.488823,35.671248
579,-97.487865,35.670050
578,-97.487861,35.670065
577,-97.487857,35.670080
574,-97.487701,35.670020
575,-97.487697,35.670035
576,-97.487693,35.670050
218,-97.487215,35.667501
217,-97.487215,35.667515
216,-97.487215,35.667530
215,-97.487215,35.667544
214,-97.487215,35.667559
213,-97.487215,35.667573
212,-97.487216,35.667588
211,-97.487216,35.667602
626,-97.487772,35.671195
627,-97.487735,35.671210
628,-97.487698,35.671225
629,-97.487661,35.671241
656,-97.487811,35.671332
655,-97.487774,35.671347
654,-97.487737,35.671363
630,-97.487595,35.671295
272,-97.491714,35.672736
253,-97.491622,35.672618
271,-97.491630,35.672758
254,-97.491580,35.672625
255,-97.491514,35.672630
256,-97.491463,35.672628
270,-97.491565,35.672764
257,-97.491397,35.672625
258,-97.491332,35.672622
269,-97.491453,35.672766
268,-97.491387,35.672763
267,-97.491322,35.672760
266,-97.490959,35.673553
265,-97.490982,35.673603
327,-97.490546,35.672169
326,-97.490512,35.672204
325,-97.490490,35.672228
324,-97.490468,35.672252
597,-97.490353,35.672147
598,-97.490331,35.672171
323,-97.490036,35.672714
322,-97.490013,35.672737
321,-97.489991,35.672761
320,-97.489958,35.672797
319,-97.489936,35.672820
259,-97.490766,35.673525
260,-97.490789,35.673576
263,-97.490859,35.673726
262,-97.490836,35.673676
264,-97.490882,35.673776
261,-97.490812,35.673626
312,-97.490693,35.673918
682,-97.490774,35.674039
681,-97.490744,35.674050
680,-97.490697,35.674066
313,-97.490662,35.673929
314,-97.490631,35.673940
315,-97.490601,35.673951
316,-97.490570,35.673961
679,-97.490667,35.674077
678,-97.490636,35.674087
617,-97.489451,35.672070
599,-97.489907,35.672623
600,-97.489885,35.672647
601,-97.489863,35.672671
602,-97.489841,35.672695
603,-97.489818,35.672719
604,-97.489796,35.672742
605,-97.489774,35.672766
318,-97.489914,35.672844
616,-97.489342,35.672187
615,-97.489169,35.672376
667,-97.489033,35.672296
614,-97.489147,35.672400
668,-97.489011,35.672320
317,-97.489481,35.673306
606,-97.489350,35.673219
607,-97.489328,35.673243
677,-97.489973,35.674318
676,-97.489926,35.674334
661,-97.488733,35.671925
662,-97.488687,35.671911
663,-97.488665,35.671908
664,-97.488643,35.671905
666,-97.488637,35.672044
665,-97.488615,35.672041
653,-97.487708,35.671486
652,-97.487705,35.671527
631,-97.487540,35.671478
632,-97.487537,35.671519
651,-97.487704,35.671563
650,-97.487704,35.671604
649,-97.487704,35.671645
648,-97.487704,35.671686
647,-97.487704,35.671727
633,-97.487536,35.671563
634,-97.487536,35.671604
635,-97.487536,35.671645
636,-97.487536,35.671686
637,-97.487536,35.671727
638,-97.487536,35.671768
613,-97.488737,35.672853
612,-97.488715,35.672876
611,-97.488693,35.672900
610,-97.488671,35.672923
609,-97.488649,35.672947
669,-97.488603,35.672769
670,-97.488581,35.672792
671,-97.488559,35.672816
608,-97.488627,35.672970
675,-97.488099,35.673554
674,-97.488076,35.673556
673,-97.488065,35.673567
672,-97.487931,35.673485
646,-97.487704,35.672504
645,-97.487704,35.672545
639,-97.487536,35.672504
640,-97.487536,35.672545
644,-97.487704,35.672586
641,-97.487536,35.672586
642,-97.487536,35.672627
643,-97.487536,35.672667
1222,-97.496127,35.671040
221,-97.495474,35.671006
222,-97.495445,35.670977
223,-97.495377,35.670942
220,-97.495508,35.671067
219,-97.495519,35.671103
226,-97.495344,35.671099
225,-97.495315,35.671063
224,-97.495301,35.671064
227,-97.495355,35.671135
228,-97.495356,35.671157
229,-97.495357,35.671195
230,-97.495358,35.671232
240,-97.495548,35.672049
231,-97.495380,35.672055
244,-97.494613,35.671839
245,-97.494602,35.671814
243,-97.494644,35.671927
242,-97.494644,35.671954
241,-97.494644,35.671981
347,-97.494307,35.671091
346,-97.494310,35.671100
278,-97.494466,35.671911
279,-97.494478,35.671937
280,-97.494476,35.671968
3536,-97.496280,35.672990
238,-97.495554,35.672161
237,-97.495556,35.672198
236,-97.495558,35.672235
239,-97.495552,35.672123
232,-97.495382,35.672092
233,-97.495384,35.672129
234,-97.495386,35.672167
235,-97.495388,35.672204
281,-97.494487,35.673343
282,-97.494487,35.673370
283,-97.494487,35.673398
284,-97.494488,35.673426
246,-97.493334,35.672065
247,-97.493279,35.672083
277,-97.493315,35.672220
276,-97.493259,35.672238
248,-97.493223,35.672101
249,-97.493167,35.672120
275,-97.493176,35.672266
250,-97.493112,35.672138
251,-97.493056,35.672156
252,-97.493001,35.672175
274,-97.493120,35.672284
273,-97.493065,35.672303
291,-97.493082,35.672377
290,-97.493102,35.672419
285,-97.493541,35.673323
286,-97.493524,35.673287
288,-97.493481,35.673197
289,-97.493464,35.673161
287,-97.493498,35.673233
699,-97.493308,35.673211
700,-97.493325,35.673247
702,-97.493359,35.673319
701,-97.493342,35.673283
703,-97.493377,35.673355
707,-97.493837,35.674251
706,-97.493791,35.674250
705,-97.493760,35.674250
704,-97.493729,35.674250
303,-97.492576,35.673304
304,-97.492547,35.673314
305,-97.492519,35.673324
695,-97.492609,35.673558
694,-97.492619,35.673582
697,-97.492582,35.673498
696,-97.492593,35.673522
698,-97.492572,35.673474
691,-97.492424,35.673544
692,-97.492435,35.673568
693,-97.492445,35.673592
690,-97.492414,35.673520
306,-97.491737,35.673588
307,-97.491707,35.673599
308,-97.491676,35.673609
309,-97.491646,35.673619
689,-97.491673,35.673785
686,-97.491686,35.673832
688,-97.491676,35.673798
687,-97.491680,35.673812
683,-97.491509,35.673815
684,-97.491512,35.673828
685,-97.491516,35.673842
310,-97.491446,35.673682
311,-97.491422,35.673689
3532,-97.498896,35.672431
3533,-97.498043,35.672515
3534,-97.497274,35.672805
3535,-97.497088,35.672807
