5949,-97.509209,35.667564
5948,-97.509244,35.667948
5462,-97.508123,35.667966
5463,-97.508083,35.667966
5464,-97.508043,35.667965
5465,-97.508002,35.667965
5466,-97.507922,35.667965
5891,-97.511934,35.670371
5892,-97.511902,35.670371
5893,-97.511871,35.670371
5894,-97.511840,35.670371
5915,-97.511902,35.670509
5914,-97.511871,35.670509
5913,-97.511840,35.670509
5922,-97.511859,35.671129
5923,-97.511829,35.671130
5658,-97.511603,35.671269
5895,-97.510663,35.670362
5912,-97.510661,35.670500
5896,-97.510615,35.670361
5897,-97.510567,35.670361
5911,-97.510613,35.670499
5910,-97.510589,35.670499
5909,-97.510565,35.670499
5908,-97.510541,35.670499
5898,-97.510520,35.670360
5899,-97.510472,35.670360
5907,-97.510518,35.670498
5906,-97.510494,35.670498
5905,-97.510470,35.670498
5924,-97.510583,35.671131
5925,-97.510534,35.671131
5657,-97.510542,35.671269
5926,-97.510485,35.671131
5927,-97.510437,35.671131
5656,-97.510491,35.671269
5655,-97.510441,35.671269
5900,-97.509519,35.670352
5904,-97.509541,35.670491
5903,-97.509517,35.670490
5901,-97.509471,35.670352
5902,-97.509469,35.670490
5928,-97.510388,35.671131
5929,-97.510340,35.671131
5654,-97.510390,35.671269
5653,-97.510340,35.671269
5678,-97.510330,35.671941
5930,-97.509492,35.671116
5931,-97.509457,35.671115
5652,-97.509446,35.671253
5651,-97.509408,35.671252
5679,-97.509424,35.671925
5680,-97.509386,35.671924
5694,-97.509420,35.672063
5693,-97.509382,35.672062
5947,-97.509247,35.668151
5946,-97.509249,35.668233
5945,-97.509255,35.668441
5944,-97.509261,35.668741
5943,-97.509262,35.668756
5942,-97.509264,35.668936
5941,-97.509264,35.668964
5940,-97.509264,35.668992
5939,-97.509264,35.669020
5938,-97.509264,35.669732
5937,-97.509264,35.669781
5936,-97.509264,35.669880
5935,-97.509264,35.669892
5635,-97.509096,35.669880
5636,-97.509096,35.669904
5574,-97.508392,35.669564
5575,-97.508355,35.669563
5634,-97.508388,35.669702
5483,-97.508123,35.668104
5482,-97.508083,35.668104
5481,-97.508043,35.668103
5480,-97.508002,35.668103
5479,-97.507962,35.668103
5478,-97.507922,35.668103
5484,-97.508178,35.668767
5485,-97.508129,35.668766
5573,-97.508187,35.668905
5572,-97.508139,35.668904
5486,-97.508080,35.668766
5487,-97.508031,35.668766
5488,-97.507983,35.668766
5571,-97.508091,35.668904
5570,-97.508042,35.668904
5569,-97.507994,35.668904
5489,-97.507934,35.668766
5490,-97.507885,35.668765
5568,-97.507946,35.668904
5567,-97.507898,35.668903
5576,-97.508317,35.669563
5577,-97.508280,35.669562
5633,-97.508351,35.669701
5632,-97.508276,35.669700
5631,-97.508239,35.669750
5630,-97.508238,35.669786
5629,-97.508236,35.669859
5578,-97.508059,35.669561
5579,-97.508019,35.669561
5601,-97.508071,35.669746
5600,-97.508019,35.669699
5599,-97.507980,35.669699
5602,-97.508070,35.669782
5603,-97.508069,35.669818
5604,-97.508068,35.669855
5934,-97.509264,35.670502
5933,-97.509264,35.670526
5637,-97.509096,35.670502
5638,-97.509096,35.670526
5932,-97.509264,35.670550
5639,-97.509096,35.670550
5650,-97.509371,35.671251
5649,-97.509334,35.671251
5648,-97.509081,35.671251
5647,-97.509021,35.671252
5681,-97.509348,35.671923
5692,-97.509344,35.672061
5691,-97.509306,35.672060
5690,-97.509268,35.672060
5682,-97.509046,35.671920
5683,-97.508997,35.671920
5689,-97.509044,35.672058
5688,-97.508995,35.672058
5605,-97.507684,35.670476
5606,-97.507657,35.670505
5628,-97.507818,35.670560
5627,-97.507791,35.670589
5626,-97.507764,35.670618
5625,-97.507737,35.670647
5607,-97.507630,35.670534
5608,-97.507603,35.670563
5624,-97.507710,35.670676
5646,-97.508056,35.671532
5640,-97.507933,35.671438
5641,-97.507895,35.671479
5642,-97.507857,35.671520
5643,-97.507819,35.671561
5644,-97.507781,35.671602
5645,-97.507743,35.671644
5491,-97.506960,35.668761
5566,-97.506982,35.668899
5492,-97.506911,35.668761
5493,-97.506863,35.668761
5565,-97.506934,35.668899
5564,-97.506886,35.668899
5563,-97.506838,35.668899
5494,-97.506814,35.668761
5562,-97.506790,35.668899
5580,-97.507229,35.669561
5598,-97.507229,35.669699
5581,-97.507190,35.669561
5597,-97.507190,35.669699
5545,-97.507168,35.669755
5544,-97.507166,35.669796
5543,-97.507165,35.669837
5542,-97.507162,35.669881
5582,-97.506966,35.669559
5546,-97.507000,35.669751
5583,-97.506919,35.669559
5584,-97.506873,35.669559
5585,-97.506826,35.669558
5596,-97.506917,35.669697
5595,-97.506871,35.669697
5594,-97.506824,35.669696
5547,-97.506998,35.669792
5548,-97.506997,35.669833
5549,-97.506994,35.669871
5586,-97.506779,35.669558
5593,-97.506777,35.669696
5467,-97.507116,35.667961
5468,-97.507017,35.667963
5684,-97.508002,35.671807
5687,-97.507906,35.671921
5686,-97.507866,35.671898
5762,-97.507622,35.671774
5685,-97.507825,35.671875
5761,-97.507756,35.671856
5760,-97.507732,35.671881
5759,-97.507709,35.671906
5758,-97.507686,35.671931
5763,-97.507495,35.671911
5764,-97.507369,35.672048
5477,-97.507157,35.668099
5476,-97.507116,35.668099
5475,-97.507076,35.668099
5469,-97.506977,35.667971
5474,-97.507055,35.668097
5470,-97.506646,35.668169
5471,-97.506630,35.668191
5472,-97.506615,35.668250
5473,-97.506615,35.668276
5561,-97.506570,35.668899
5560,-97.506532,35.668899
5559,-97.505804,35.668902
5558,-97.505768,35.668909
5557,-97.505732,35.668916
5587,-97.505844,35.669552
5588,-97.505797,35.669552
5592,-97.505842,35.669690
5591,-97.505795,35.669690
2505,-97.505617,35.669065
2506,-97.505617,35.669065
2507,-97.505453,35.669033
5495,-97.505435,35.669107
5496,-97.505435,35.669127
5497,-97.505435,35.669147
5589,-97.505751,35.669551
5590,-97.505749,35.669689
5556,-97.505592,35.669811
5555,-97.505591,35.669865
5554,-97.505591,35.669920
5498,-97.505425,35.669702
5499,-97.505424,35.669752
5500,-97.505424,35.669803
5501,-97.505424,35.669853
5502,-97.505423,35.669904
5541,-97.506596,35.670635
5540,-97.506566,35.670668
5550,-97.506462,35.670553
5539,-97.506536,35.670700
5538,-97.506506,35.670733
5537,-97.506476,35.670766
5551,-97.506432,35.670586
5552,-97.506402,35.670618
5536,-97.506445,35.670799
5535,-97.506415,35.670832
5623,-97.507038,35.671396
5622,-97.506987,35.671452
5609,-97.506902,35.671316
5610,-97.506851,35.671372
5621,-97.506937,35.671509
5620,-97.506887,35.671566
5619,-97.506837,35.671622
5611,-97.506801,35.671429
5612,-97.506701,35.671542
5618,-97.506787,35.671679
5617,-97.506737,35.671736
5613,-97.506651,35.671599
5616,-97.506687,35.671792
5615,-97.506637,35.671849
5614,-97.506612,35.671877
5503,-97.505416,35.670965
5504,-97.505416,35.671016
5553,-97.505584,35.671067
5534,-97.505584,35.671384
5505,-97.505416,35.671067
5506,-97.505416,35.671255
5507,-97.505416,35.671302
5508,-97.505416,35.671349
5765,-97.507248,35.672196
5766,-97.507137,35.672342
5417,-97.504215,35.668601
5419,-97.504209,35.669349
5418,-97.504041,35.669266
5447,-97.504226,35.670272
5415,-97.504222,35.667655
5414,-97.503160,35.667562
5416,-97.504048,35.668468
5422,-97.503159,35.670193
5413,-97.502147,35.667566
5412,-97.501945,35.667567
5461,-97.501927,35.668546
5459,-97.501771,35.668580
5454,-97.501770,35.668692
5460,-97.501604,35.668551
5458,-97.501602,35.668690
5457,-97.501762,35.669280
5423,-97.501760,35.669420
5456,-97.501593,35.669320
5455,-97.501592,35.669418
5411,-97.500866,35.667564
5420,-97.503325,35.670288
5421,-97.503201,35.670327
5449,-97.503230,35.671776
5450,-97.503113,35.671775
5452,-97.503093,35.671913
5425,-97.502018,35.670818
5424,-97.501591,35.670024
5453,-97.502092,35.671763
5451,-97.502197,35.671909
5427,-97.501914,35.671998
5426,-97.501418,35.671900
5443,-97.504070,35.672658
5440,-97.504074,35.672781
5429,-97.501908,35.672441
5428,-97.502075,35.672609
5430,-97.502068,35.673205
5433,-97.502118,35.674052
5432,-97.501985,35.674017
5431,-97.501003,35.673525
5533,-97.505584,35.672296
5532,-97.505584,35.672340
5531,-97.505584,35.672383
5530,-97.505584,35.672427
5509,-97.505416,35.672286
5510,-97.505416,35.672333
5511,-97.505416,35.672380
5512,-97.505416,35.672427
5513,-97.505416,35.672603
5529,-97.505584,35.673125
5528,-97.505584,35.673149
5527,-97.505584,35.673173
5526,-97.505584,35.673196
5525,-97.505584,35.673220
5514,-97.505416,35.673102
5515,-97.505416,35.673125
5516,-97.505416,35.673149
5517,-97.505416,35.673173
5518,-97.505416,35.673196
5519,-97.505416,35.673220
5524,-97.505584,35.673695
5523,-97.505584,35.673718
5522,-97.505584,35.673742
5521,-97.505584,35.673766
5520,-97.505416,35.673695
5446,-97.504216,35.671957
5448,-97.504048,35.671934
5445,-97.504220,35.672066
5444,-97.504052,35.672070
5442,-97.504238,35.672667
5441,-97.504241,35.672763
5439,-97.504239,35.673366
5438,-97.504071,35.673366
5437,-97.504329,35.674119
5436,-97.503327,35.674113
5434,-97.503082,35.673974
5435,-97.503162,35.674112
5696,-97.509313,35.672749
5697,-97.509272,35.672749
5698,-97.509231,35.672748
5699,-97.509190,35.672748
5700,-97.509149,35.672747
5717,-97.509311,35.672887
5716,-97.509270,35.672887
5715,-97.509229,35.672886
5714,-97.509188,35.672886
5713,-97.509147,35.672885
5719,-97.508902,35.673535
5720,-97.508875,35.673536
5810,-97.508935,35.673672
5809,-97.508908,35.673673
5808,-97.508881,35.673674
5721,-97.508848,35.673536
5722,-97.508821,35.673537
5723,-97.508794,35.673538
5724,-97.508767,35.673539
5807,-97.508854,35.673674
5806,-97.508827,35.673675
5805,-97.508800,35.673676
5804,-97.508773,35.673677
5701,-97.508291,35.672737
5702,-97.508250,35.672737
5703,-97.508209,35.672736
5704,-97.508168,35.672736
5705,-97.508127,35.672735
5712,-97.508289,35.672875
5711,-97.508248,35.672875
5710,-97.508207,35.672874
5709,-97.508166,35.672874
5708,-97.508125,35.672873
5707,-97.507362,35.672761
5706,-97.507329,35.672742
5725,-97.507711,35.673522
5726,-97.507669,35.673521
5727,-97.507627,35.673521
5728,-97.507585,35.673520
5729,-97.507543,35.673519
5739,-97.507665,35.673659
5738,-97.507623,35.673659
5737,-97.507581,35.673658
5736,-97.507539,35.673657
5740,-97.507502,35.674326
5741,-97.507453,35.674326
5742,-97.507403,35.674325
5743,-97.507354,35.674325
5785,-97.507502,35.674464
5784,-97.507453,35.674464
5783,-97.507403,35.674463
5782,-97.507354,35.674463
5767,-97.506974,35.672552
5757,-97.507116,35.672626
5756,-97.507004,35.672766
5755,-97.506893,35.672906
5754,-97.506782,35.673046
5730,-97.506725,35.673333
5731,-97.506690,35.673314
5735,-97.506668,35.673467
5734,-97.506633,35.673449
5733,-97.506598,35.673430
5732,-97.506563,35.673411
5768,-97.506547,35.673089
5769,-97.506526,35.673115
5770,-97.506504,35.673142
5771,-97.506483,35.673169
5772,-97.506364,35.673322
5773,-97.506349,35.673340
5753,-97.506506,35.673396
5752,-97.506491,35.673414
5751,-97.506217,35.673766
5744,-97.506412,35.674321
5745,-97.506362,35.674321
5746,-97.506312,35.674321
5781,-97.506461,35.674459
5780,-97.506412,35.674459
5779,-97.506362,35.674459
5778,-97.506312,35.674459
5747,-97.506274,35.674317
5749,-97.506210,35.674302
5748,-97.506225,35.674312
5750,-97.506167,35.674283
5777,-97.506252,35.674453
5776,-97.506203,35.674448
5775,-97.506130,35.674422
5774,-97.506087,35.674403
5676,-97.510896,35.671941
5677,-97.510613,35.671941
5820,-97.511196,35.672092
5821,-97.511196,35.672111
5822,-97.511196,35.672130
5823,-97.511196,35.672149
5847,-97.511376,35.672568
5824,-97.511208,35.672570
5846,-97.511376,35.672587
5825,-97.511208,35.672589
5826,-97.511208,35.672608
5819,-97.510316,35.672091
5818,-97.510316,35.672117
5817,-97.510317,35.672144
5816,-97.510317,35.672171
5815,-97.510334,35.672912
5814,-97.510334,35.672935
5813,-97.510334,35.672959
5812,-97.510334,35.672982
5811,-97.510334,35.673006
5795,-97.509905,35.674341
5794,-97.509903,35.674479
5796,-97.509863,35.674340
5797,-97.509821,35.674340
5793,-97.509861,35.674478
5792,-97.509819,35.674478
5695,-97.509353,35.672750
5718,-97.509351,35.672888
5798,-97.508981,35.674332
5799,-97.508939,35.674332
5800,-97.508897,35.674332
5791,-97.508979,35.674470
5790,-97.508937,35.674470
5789,-97.508895,35.674470
5801,-97.508855,35.674331
5802,-97.508813,35.674331
5803,-97.508771,35.674331
5788,-97.508853,35.674469
5787,-97.508811,35.674469
5786,-97.508769,35.674469
5666,-97.513280,35.671950
5667,-97.513242,35.671949
5668,-97.512496,35.671941
5669,-97.512459,35.671941
5670,-97.512239,35.671941
5671,-97.512203,35.671941
5672,-97.512168,35.671941
5673,-97.512133,35.671941
5674,-97.511397,35.671941
5675,-97.511179,35.671941
5878,-97.513462,35.672132
5877,-97.513462,35.672162
5876,-97.513462,35.672192
5852,-97.513295,35.672102
5853,-97.513294,35.672132
5854,-97.513294,35.672162
5855,-97.513294,35.672192
5875,-97.513456,35.672852
5874,-97.513456,35.672882
5873,-97.513456,35.672912
5872,-97.513455,35.672942
5871,-97.513455,35.672972
5856,-97.513288,35.672852
5857,-97.513288,35.672882
5858,-97.513288,35.672912
5859,-97.513287,35.672942
5860,-97.513287,35.672972
5870,-97.513450,35.673602
5869,-97.513449,35.673632
5868,-97.513449,35.673662
5867,-97.513449,35.673692
5866,-97.513449,35.673722
5861,-97.513282,35.673602
5862,-97.513281,35.673632
5863,-97.513281,35.673662
5864,-97.513281,35.673692
5865,-97.513281,35.673722
5839,-97.512423,35.672093
5838,-97.512422,35.672132
5837,-97.512422,35.672172
5836,-97.512421,35.672212
5840,-97.512255,35.672091
5841,-97.512254,35.672130
5842,-97.512254,35.672170
5843,-97.512253,35.672210
5844,-97.512244,35.673084
5835,-97.512412,35.673096
5834,-97.512408,35.673136
5833,-97.512393,35.673203
5832,-97.512370,35.673238
5831,-97.512323,35.673289
5845,-97.512240,35.673124
5830,-97.512286,35.673316
5829,-97.512210,35.673350
5828,-97.512163,35.673360
5827,-97.512095,35.673369
5851,-97.511364,35.672092
5850,-97.511364,35.672111
5849,-97.511364,35.672130
5848,-97.511364,35.672149
5887,-97.513464,35.670702
5886,-97.513464,35.670904
5885,-97.513464,35.670972
5888,-97.512689,35.670371
5889,-97.512657,35.670371
5890,-97.512626,35.670371
5917,-97.512657,35.670509
5916,-97.512626,35.670509
5884,-97.513464,35.671107
5883,-97.513464,35.671287
5882,-97.513464,35.671319
5881,-97.513464,35.671351
5880,-97.513464,35.671382
5665,-97.512577,35.671263
5918,-97.512561,35.671125
5919,-97.512530,35.671125
5664,-97.512548,35.671263
5663,-97.511950,35.671267
5920,-97.511920,35.671129
5921,-97.511890,35.671129
5662,-97.511920,35.671267
5661,-97.511890,35.671267
5660,-97.511860,35.671267
5659,-97.511831,35.671268
5879,-97.513463,35.672102
11271,-97.518668,35.668754
11272,-97.518584,35.668756
11273,-97.518499,35.668758
11274,-97.518415,35.668760
11275,-97.518333,35.668761
11268,-97.519564,35.668789
11269,-97.519481,35.668778
11270,-97.519398,35.668767
11267,-97.519670,35.668829
11266,-97.519742,35.668865
11276,-97.517612,35.668763
11277,-97.517528,35.668768
11278,-97.517269,35.668761
11279,-97.517159,35.668761
11280,-97.517049,35.668761
11281,-97.516135,35.669001
11282,-97.516048,35.669056
11283,-97.515961,35.669111
11284,-97.515874,35.669166
11285,-97.515788,35.669221
11286,-97.515609,35.669997
11287,-97.515678,35.670066
15148,-97.515788,35.670250
11288,-97.515748,35.670136
15149,-97.515717,35.670323
15150,-97.515620,35.671143
15151,-97.515617,35.671219
15152,-97.515620,35.671303
6584,-97.507042,35.675131
6585,-97.507012,35.675131
6586,-97.506484,35.675131
6587,-97.506468,35.675129
6588,-97.506439,35.675126
6589,-97.506410,35.675122
6590,-97.506381,35.675118
6591,-97.506352,35.675114
6598,-97.506484,35.675269
6597,-97.506440,35.675265
6596,-97.506411,35.675262
6595,-97.506382,35.675258
6594,-97.506324,35.675250
6610,-97.506437,35.675516
6608,-97.506525,35.675637
6609,-97.506480,35.675586
6606,-97.506643,35.675708
6620,-97.506666,35.675866
6619,-97.506577,35.675834
6607,-97.506555,35.675677
6618,-97.506489,35.675803
6617,-97.506395,35.675723
6616,-97.506330,35.675648
6592,-97.506301,35.675112
6593,-97.506272,35.675115
6611,-97.506116,35.675269
6612,-97.506145,35.675379
6614,-97.506244,35.675513
6613,-97.506195,35.675446
6615,-97.506287,35.675578
6528,-97.510887,35.675874
6529,-97.510841,35.675874
6530,-97.510794,35.675873
6531,-97.510748,35.675873
6532,-97.510702,35.675873
6555,-97.510885,35.676012
6554,-97.510839,35.676012
6553,-97.510792,35.676011
6552,-97.510746,35.676011
6551,-97.510700,35.676011
6533,-97.510655,35.675872
6534,-97.510609,35.675872
6550,-97.510653,35.676010
6549,-97.510607,35.676010
6507,-97.509980,35.675122
6508,-97.509944,35.675121
6509,-97.509908,35.675121
6510,-97.509871,35.675121
6511,-97.509835,35.675121
6512,-97.509797,35.675121
6519,-97.509997,35.675260
6518,-97.509960,35.675259
6517,-97.509924,35.675259
6516,-97.509869,35.675259
6515,-97.509833,35.675259
6535,-97.509672,35.675862
6548,-97.509690,35.675998
6547,-97.509643,35.676003
6536,-97.509625,35.675867
6537,-97.509579,35.675871
6546,-97.509597,35.676007
6545,-97.509551,35.676011
6544,-97.509505,35.676015
6565,-97.510438,35.676641
6637,-97.510485,35.676779
6636,-97.510438,35.676779
6660,-97.510681,35.677452
6661,-97.510637,35.677451
6662,-97.510594,35.677451
6663,-97.510551,35.677451
6690,-97.510637,35.677589
6689,-97.510594,35.677589
6664,-97.510507,35.677451
6665,-97.510464,35.677451
6666,-97.510421,35.677451
6566,-97.510390,35.676641
6567,-97.510343,35.676641
6568,-97.510295,35.676641
6569,-97.510248,35.676641
6635,-97.510390,35.676779
6634,-97.510343,35.676779
6633,-97.510295,35.676779
6632,-97.510248,35.676779
6667,-97.510320,35.677520
6668,-97.510320,35.677520
6669,-97.510320,35.677520
6670,-97.510320,35.677520
6671,-97.510320,35.677520
6672,-97.510320,35.677520
6673,-97.510320,35.677520
6674,-97.510320,35.677520
6675,-97.510320,35.677520
6676,-97.510320,35.677520
6677,-97.510320,35.677520
6678,-97.510320,35.677520
6679,-97.510320,35.677520
6680,-97.510320,35.677520
6681,-97.510320,35.677520
6682,-97.510320,35.677520
6683,-97.510320,35.677520
6684,-97.510320,35.677520
6685,-97.510320,35.677520
6686,-97.510320,35.677520
6687,-97.510320,35.677520
6688,-97.510320,35.677520
6705,-97.509717,35.678129
6706,-97.509623,35.678041
6728,-97.509544,35.678175
6727,-97.509497,35.678131
6729,-97.509591,35.678219
6513,-97.509068,35.675121
6514,-97.509032,35.675121
6538,-97.509040,35.675368
6543,-97.508936,35.675487
6541,-97.508902,35.675446
6539,-97.508868,35.675406
6540,-97.508885,35.675426
6542,-97.508919,35.675467
6577,-97.508357,35.675923
6576,-97.508376,35.675948
6583,-97.507925,35.675243
6582,-97.507929,35.675272
6581,-97.507933,35.675302
6580,-97.507937,35.675332
6578,-97.508338,35.675897
6579,-97.508317,35.675868
6603,-97.508194,35.675967
6602,-97.508177,35.675944
6604,-97.508213,35.675993
6599,-97.507761,35.675288
6600,-97.507765,35.675318
6601,-97.507769,35.675348
6570,-97.509298,35.676641
6571,-97.509250,35.676641
6572,-97.509203,35.676641
6573,-97.509155,35.676641
6574,-97.509108,35.676641
6575,-97.509061,35.676641
6631,-97.509298,35.676779
6630,-97.509250,35.676779
6629,-97.509203,35.676779
6628,-97.509155,35.676779
6627,-97.509108,35.676779
6716,-97.509044,35.676792
6715,-97.509044,35.676879
6717,-97.508876,35.676792
6718,-97.508876,35.676850
6719,-97.508876,35.676879
6714,-97.509044,35.676967
6713,-97.509044,35.677025
6712,-97.509044,35.677083
6711,-97.509044,35.677142
6720,-97.508876,35.676967
6721,-97.508876,35.677025
6722,-97.508876,35.677083
6723,-97.508876,35.677142
6710,-97.509044,35.677200
6709,-97.509044,35.677258
6708,-97.509047,35.677311
6707,-97.509053,35.677369
6724,-97.508876,35.677200
6725,-97.508876,35.677258
6726,-97.508879,35.677323
6623,-97.508027,35.676667
6605,-97.507910,35.676481
6622,-97.507938,35.676637
6621,-97.507850,35.676609
6626,-97.508309,35.676748
6625,-97.508215,35.676727
6624,-97.508116,35.676696
6559,-97.512121,35.676006
6558,-97.512062,35.676009
6557,-97.512004,35.676012
6495,-97.511798,35.675232
6496,-97.511771,35.675212
6497,-97.511716,35.675187
6498,-97.511682,35.675175
6499,-97.511649,35.675163
6526,-97.511581,35.675289
6527,-97.511769,35.675880
6556,-97.511767,35.676018
6500,-97.510928,35.675128
6501,-97.510892,35.675128
6502,-97.510855,35.675127
6503,-97.510819,35.675127
6504,-97.510782,35.675127
6505,-97.510746,35.675127
6506,-97.510709,35.675126
6525,-97.510890,35.675266
6524,-97.510853,35.675265
6523,-97.510817,35.675265
6522,-97.510780,35.675265
6521,-97.510744,35.675265
6520,-97.510707,35.675264
6560,-97.511626,35.676648
6561,-97.511579,35.676648
6562,-97.511531,35.676647
6563,-97.511484,35.676646
6564,-97.511436,35.676646
6642,-97.511624,35.676786
6641,-97.511577,35.676786
6640,-97.511529,35.676785
6639,-97.511482,35.676784
6638,-97.511434,35.676784
6655,-97.511678,35.677456
6656,-97.511635,35.677456
6657,-97.511592,35.677455
6696,-97.511678,35.677594
6695,-97.511635,35.677594
6694,-97.511592,35.677593
6658,-97.511548,35.677455
6659,-97.511505,35.677455
6693,-97.511548,35.677593
6692,-97.511505,35.677593
6691,-97.510681,35.677590
6702,-97.509905,35.678305
6703,-97.509858,35.678261
6704,-97.509811,35.678217
6730,-97.509638,35.678263
6494,-97.513956,35.676654
6651,-97.513398,35.677431
6650,-97.513398,35.677449
6649,-97.513394,35.677617
6648,-97.513394,35.677629
6647,-97.513394,35.677647
6646,-97.513394,35.677658
6654,-97.513230,35.677445
6643,-97.513226,35.677617
6653,-97.513226,35.677623
6652,-97.513226,35.677635
6644,-97.513226,35.677647
6645,-97.513226,35.677658
6739,-97.511958,35.679811
6753,-97.511958,35.679949
6740,-97.511928,35.679811
6741,-97.511899,35.679811
6742,-97.511869,35.679811
6743,-97.511839,35.679811
6752,-97.511928,35.679949
6751,-97.511899,35.679949
6750,-97.511869,35.679949
6749,-97.511839,35.679949
6697,-97.511104,35.678991
6738,-97.511104,35.679129
6698,-97.511033,35.678991
6699,-97.510961,35.678991
6737,-97.511033,35.679129
6736,-97.510961,35.679129
6700,-97.510894,35.678990
6701,-97.510822,35.678987
6735,-97.510886,35.679128
6734,-97.510814,35.679125
6744,-97.511268,35.679818
6745,-97.511233,35.679822
6746,-97.511204,35.679816
6748,-97.511280,35.679954
6747,-97.511250,35.679956
6758,-97.512964,35.679928
6759,-97.512942,35.679792
6760,-97.512896,35.679797
6761,-97.512850,35.679802
6757,-97.512918,35.679933
6756,-97.512872,35.679938
6762,-97.512804,35.679807
6755,-97.512826,35.679943
6754,-97.512781,35.679948
6763,-97.513969,35.679039
6733,-97.509779,35.678395
6731,-97.509685,35.678307
6732,-97.509732,35.678351
1207,-97.501433,35.676836
1205,-97.501080,35.675892
1182,-97.499220,35.675133
1183,-97.499143,35.675132
1209,-97.500032,35.675348
1210,-97.499864,35.675348
1211,-97.499864,35.675404
1208,-97.500027,35.675992
1212,-97.499859,35.675992
1184,-97.499067,35.675131
1185,-97.498991,35.675131
1186,-97.498741,35.675131
1187,-97.498217,35.675131
1188,-97.498155,35.675131
1204,-97.498972,35.675333
1203,-97.498972,35.675385
1202,-97.498971,35.675436
1191,-97.498804,35.675333
1192,-97.498804,35.675385
1193,-97.498803,35.675436
1201,-97.498968,35.675925
1200,-97.498968,35.675977
1199,-97.498967,35.676028
1198,-97.498967,35.676080
1194,-97.498800,35.675925
1195,-97.498800,35.675977
1196,-97.498799,35.676028
1197,-97.498799,35.676080
1189,-97.498094,35.675131
1190,-97.498032,35.675131
1217,-97.497952,35.675329
1216,-97.497951,35.675425
1218,-97.497784,35.675377
1219,-97.497783,35.675425
1215,-97.497948,35.675878
1214,-97.497947,35.675925
1213,-97.497947,35.675973
1220,-97.497779,35.675973
1221,-97.497779,35.676021
6786,-97.506223,35.677389
6787,-97.506128,35.677338
6808,-97.506207,35.677554
6788,-97.506034,35.677286
6789,-97.505899,35.677252
6809,-97.506282,35.678151
6810,-97.505841,35.678147
6790,-97.505578,35.677355
6791,-97.505537,35.677405
6807,-97.505652,35.677505
6792,-97.505486,35.677485
6811,-97.505788,35.678146
6812,-97.505736,35.678145
6793,-97.505446,35.678067
6794,-97.505446,35.678128
6817,-97.506334,35.678289
6820,-97.506733,35.678955
6821,-97.506653,35.678953
6828,-97.506729,35.679093
6827,-97.506649,35.679091
6837,-97.506562,35.679761
6816,-97.506282,35.678289
6815,-97.505837,35.678285
6822,-97.505970,35.678941
6823,-97.505890,35.678941
6824,-97.505810,35.678941
6826,-97.505970,35.679079
6825,-97.505810,35.679079
6814,-97.505784,35.678284
6813,-97.505732,35.678283
6795,-97.505449,35.678334
6796,-97.505450,35.678390
6797,-97.505451,35.678446
6798,-97.505466,35.679072
6799,-97.505466,35.679125
6800,-97.505466,35.679178
6838,-97.505947,35.679733
6839,-97.505866,35.679731
6840,-97.505793,35.679733
6843,-97.505937,35.679871
6842,-97.505872,35.679869
6841,-97.505799,35.679871
6801,-97.505466,35.679232
6802,-97.505466,35.679285
6803,-97.505464,35.679891
6804,-97.505463,35.679942
6805,-97.505462,35.679993
6806,-97.505462,35.680044
6862,-97.505980,35.680536
6863,-97.505895,35.680535
6864,-97.505810,35.680534
6867,-97.505876,35.680673
6866,-97.505797,35.680672
6865,-97.505718,35.680671
1181,-97.504258,35.676434
1169,-97.504574,35.678191
1180,-97.504148,35.676494
1170,-97.503669,35.678195
1168,-97.504574,35.678251
1167,-97.504575,35.678312
1166,-97.504576,35.678434
1165,-97.504584,35.679101
1164,-97.504584,35.679165
1163,-97.504585,35.679229
1162,-97.504586,35.679293
1161,-97.504586,35.679357
1160,-97.504047,35.679138
1149,-97.503985,35.679010
1150,-97.503949,35.679021
1151,-97.503914,35.679033
1159,-97.503976,35.679161
1148,-97.503663,35.678343
1171,-97.503603,35.678215
1172,-97.503537,35.678236
1152,-97.503544,35.679151
1153,-97.503509,35.679163
1154,-97.503473,35.679174
1135,-97.503761,35.679989
1134,-97.503873,35.680100
1133,-97.503768,35.680134
1158,-97.503606,35.679279
1157,-97.503571,35.679291
1156,-97.503535,35.679302
1136,-97.503708,35.680006
1137,-97.503253,35.680165
1179,-97.503146,35.676781
1206,-97.502383,35.676684
1173,-97.502913,35.678432
1174,-97.502848,35.678452
1147,-97.502973,35.678560
1146,-97.502908,35.678580
1175,-97.502782,35.678473
1145,-97.502776,35.678621
1144,-97.502209,35.678783
1155,-97.503095,35.679444
1138,-97.503206,35.680191
1139,-97.503159,35.680216
1140,-97.503112,35.680242
1176,-97.502153,35.678653
1177,-97.502086,35.678672
1178,-97.502020,35.678691
1143,-97.502142,35.678802
1142,-97.502076,35.678821
1141,-97.502009,35.678840
1132,-97.503347,35.680279
1131,-97.503300,35.680305
1130,-97.503206,35.680356
6774,-97.508353,35.679573
6772,-97.508649,35.679900
6773,-97.508597,35.679844
6776,-97.508022,35.679201
6777,-97.507857,35.679016
6778,-97.507365,35.678456
6775,-97.508188,35.679387
6851,-97.507620,35.679899
6832,-97.507474,35.679761
6850,-97.507547,35.679899
6849,-97.507474,35.679899
6782,-97.506986,35.678038
6783,-97.506487,35.677580
6784,-97.506404,35.677517
6785,-97.506321,35.677454
6780,-97.507210,35.678280
6779,-97.507262,35.678339
6781,-97.507158,35.678221
6818,-97.506893,35.678958
6831,-97.506970,35.679098
6830,-97.506889,35.679096
6819,-97.506813,35.678957
6829,-97.506809,35.679095
6833,-97.506854,35.679761
6848,-97.506854,35.679899
6834,-97.506781,35.679761
6835,-97.506708,35.679761
6847,-97.506781,35.679899
6846,-97.506708,35.679899
6836,-97.506635,35.679761
6845,-97.506635,35.679899
6844,-97.506562,35.679899
6852,-97.507902,35.680563
6853,-97.507843,35.680562
6877,-97.507864,35.680700
6854,-97.507784,35.680561
6855,-97.507725,35.680560
6876,-97.507804,35.680699
6875,-97.507743,35.680699
6856,-97.507667,35.680560
6874,-97.507683,35.680698
6873,-97.507622,35.680697
6857,-97.507168,35.680553
6858,-97.507109,35.680552
6872,-97.507109,35.680690
6859,-97.507051,35.680552
6871,-97.507049,35.680690
6860,-97.506786,35.680548
6861,-97.506701,35.680546
6870,-97.506709,35.680685
6869,-97.506629,35.680683
6868,-97.505956,35.680674
6767,-97.509388,35.680758
6769,-97.509190,35.680500
6770,-97.509140,35.680443
6768,-97.509342,35.680689
6771,-97.509089,35.680386
6878,-97.508377,35.680707
1570,-97.486724,35.675102
1571,-97.486173,35.674951
1572,-97.486100,35.674951
1573,-97.486027,35.674951
1574,-97.485954,35.674951
1575,-97.485881,35.674951
1569,-97.486724,35.675136
1568,-97.486724,35.675171
1567,-97.486724,35.675206
1566,-97.486724,35.675547
1565,-97.486724,35.675582
1626,-97.486556,35.675582
1627,-97.485847,35.675658
1576,-97.485629,35.674946
1577,-97.485561,35.674945
1578,-97.485493,35.674943
1579,-97.485033,35.674934
1628,-97.485690,35.675183
1629,-97.485689,35.675224
1630,-97.485688,35.675265
1631,-97.485680,35.675614
1632,-97.485679,35.675656
1633,-97.485678,35.675697
1639,-97.484957,35.675189
1638,-97.484955,35.675260
1637,-97.484953,35.675331
1636,-97.484931,35.676020
1635,-97.484928,35.676090
1525,-97.486714,35.677063
1524,-97.486714,35.677114
1523,-97.486714,35.677165
1549,-97.486391,35.676861
1564,-97.486152,35.676204
1563,-97.486067,35.676219
1562,-97.485981,35.676234
1561,-97.485896,35.676249
1550,-97.486198,35.676865
1548,-97.486218,35.677001
1551,-97.486007,35.676885
1552,-97.485828,35.676918
1547,-97.486045,35.677019
1546,-97.485866,35.677052
1522,-97.486714,35.677216
1521,-97.486715,35.677813
1520,-97.486715,35.677865
1519,-97.486716,35.677917
1518,-97.486716,35.677969
1517,-97.486717,35.678021
1560,-97.485570,35.676305
1559,-97.485379,35.676329
1553,-97.485649,35.676951
1545,-97.485687,35.677085
1554,-97.485470,35.676984
1544,-97.485508,35.677118
1543,-97.485330,35.677151
1558,-97.485204,35.676329
1557,-97.485028,35.676329
1634,-97.484926,35.676161
1555,-97.485292,35.677017
1556,-97.485113,35.677050
1536,-97.485723,35.677733
1535,-97.485761,35.677867
1537,-97.485616,35.677753
1534,-97.485654,35.677887
1538,-97.485509,35.677774
1533,-97.485547,35.677908
1539,-97.485402,35.677794
1532,-97.485440,35.677928
1531,-97.485333,35.677948
1542,-97.485151,35.677184
1540,-97.485295,35.677814
1541,-97.485189,35.677835
1530,-97.485227,35.677969
1526,-97.485910,35.678501
1516,-97.485946,35.678635
1491,-97.486716,35.679381
1490,-97.486717,35.679430
1489,-97.486718,35.679479
1488,-97.486719,35.679529
1487,-97.486740,35.680147
1486,-97.486741,35.680165
1485,-97.486743,35.680183
1484,-97.486744,35.680201
1483,-97.486746,35.680219
1478,-97.486578,35.680233
1527,-97.485596,35.678559
1528,-97.485491,35.678578
1529,-97.485386,35.678597
1515,-97.485422,35.678731
1514,-97.485318,35.678750
1502,-97.485796,35.679319
1501,-97.485797,35.679461
1500,-97.485720,35.679476
1499,-97.485686,35.679484
1503,-97.485601,35.679362
1498,-97.485649,35.679494
1497,-97.485611,35.679503
1504,-97.485563,35.679371
1492,-97.485685,35.680139
1493,-97.485641,35.680147
1494,-97.485598,35.680154
1495,-97.485555,35.680162
1496,-97.485512,35.680170
1505,-97.485094,35.679456
1669,-97.485126,35.679592
1506,-97.484886,35.679488
1668,-97.484918,35.679622
1670,-97.485283,35.680210
1482,-97.486749,35.680382
1481,-97.486747,35.680400
1479,-97.486581,35.680372
1480,-97.486579,35.680390
1477,-97.485721,35.680273
1476,-97.485677,35.680281
1475,-97.485634,35.680288
1703,-97.485319,35.680344
1580,-97.484780,35.674930
1581,-97.484612,35.674928
1582,-97.484444,35.674926
1583,-97.484276,35.674924
1584,-97.484108,35.674922
1640,-97.484789,35.675184
1641,-97.484787,35.675253
1642,-97.484785,35.675323
1643,-97.484763,35.676001
1644,-97.484761,35.676070
1645,-97.484759,35.676140
1625,-97.483924,35.675163
1624,-97.483924,35.675235
1623,-97.483925,35.675308
1622,-97.483928,35.676018
1621,-97.483928,35.676091
1585,-97.483756,35.675090
1586,-97.483756,35.675163
1587,-97.483756,35.675235
1588,-97.483757,35.675308
1589,-97.483760,35.676018
1590,-97.483760,35.676091
1646,-97.484756,35.676358
1647,-97.484756,35.676424
1648,-97.484756,35.676489
1649,-97.484785,35.676973
1650,-97.484796,35.677039
1620,-97.483928,35.676164
1619,-97.483929,35.676236
1618,-97.483929,35.676309
1617,-97.483932,35.676946
1616,-97.483932,35.677019
1615,-97.483932,35.677092
1607,-97.484456,35.677952
1606,-97.484460,35.678090
1608,-97.484370,35.677953
1605,-97.484374,35.678091
1614,-97.484215,35.677293
1613,-97.484127,35.677295
1612,-97.484039,35.677296
1611,-97.483952,35.677298
1609,-97.484283,35.677955
1610,-97.484196,35.677956
1604,-97.484287,35.678093
1603,-97.484200,35.678094
1602,-97.484113,35.678095
1601,-97.484027,35.678097
1591,-97.483760,35.676164
1592,-97.483761,35.676236
1593,-97.483764,35.676946
1594,-97.483764,35.677019
1595,-97.483764,35.677092
1596,-97.483767,35.677313
1597,-97.483767,35.677343
1598,-97.483769,35.677577
1599,-97.483770,35.677607
1600,-97.483770,35.677638
1651,-97.484478,35.678752
1513,-97.484490,35.678890
1652,-97.484389,35.678756
1653,-97.484310,35.678760
1512,-97.484401,35.678894
1511,-97.484300,35.678898
1654,-97.484221,35.678756
1655,-97.484131,35.678752
1656,-97.484042,35.678748
1510,-97.484121,35.678890
1657,-97.483789,35.678894
1658,-97.483791,35.678950
1659,-97.483793,35.679006
1660,-97.483795,35.679062
1661,-97.483794,35.679114
1662,-97.483792,35.679170
1507,-97.484679,35.679520
1667,-97.484711,35.679654
1508,-97.484476,35.679538
1666,-97.484494,35.679674
1509,-97.484266,35.679556
1665,-97.484284,35.679692
1664,-97.484126,35.679706
1663,-97.483969,35.679720
1671,-97.484512,35.680335
1702,-97.484524,35.680473
1701,-97.484418,35.680480
1672,-97.484406,35.680342
1673,-97.484300,35.680348
1700,-97.484312,35.680486
1674,-97.484204,35.680347
1699,-97.484194,35.680485
1675,-97.484098,35.680342
1698,-97.484088,35.680480
1676,-97.483991,35.680337
1677,-97.483778,35.680484
1678,-97.483779,35.680537
1679,-97.483781,35.680591
1680,-97.483782,35.680644
1681,-97.483784,35.680698
1682,-97.483786,35.680751
1692,-97.484689,35.681151
1693,-97.484592,35.681151
1694,-97.484225,35.681151
1695,-97.484176,35.681151
1696,-97.484127,35.681151
1697,-97.484078,35.681151
1691,-97.484689,35.681289
1690,-97.484640,35.681289
1689,-97.484592,35.681289
1688,-97.484225,35.681289
1687,-97.484176,35.681289
1686,-97.484127,35.681289
1685,-97.484078,35.681289
1684,-97.484029,35.681289
1683,-97.483981,35.681289
1704,-97.483080,35.673049
6887,-97.507220,35.681333
6900,-97.507151,35.681470
6888,-97.506862,35.681331
6899,-97.506878,35.681469
6889,-97.506800,35.681331
6898,-97.506554,35.681469
6890,-97.506277,35.681331
6897,-97.506231,35.681469
6891,-97.506031,35.681329
6892,-97.505924,35.681326
6893,-97.505818,35.681324
6896,-97.505786,35.681461
6895,-97.505734,35.681460
6894,-97.505708,35.681460
6880,-97.508571,35.681350
6907,-97.508546,35.681488
6881,-97.508478,35.681349
6882,-97.508385,35.681348
6906,-97.508450,35.681486
6905,-97.508353,35.681485
6883,-97.508291,35.681346
6904,-97.508257,35.681484
6884,-97.508198,35.681345
6885,-97.508105,35.681344
6903,-97.508161,35.681483
6902,-97.508065,35.681482
6886,-97.507313,35.681334
6901,-97.507247,35.681472
6764,-97.509986,35.681386
6765,-97.509947,35.681385
6766,-97.509581,35.681370
6879,-97.509270,35.681359
6908,-97.509268,35.681497
1474,-97.496028,35.679425
5976,-97.483641,35.682480
5977,-97.483541,35.682481
5975,-97.483645,35.682618
5974,-97.483541,35.682619
5978,-97.483465,35.682481
5979,-97.483363,35.682481
5973,-97.483465,35.682619
5972,-97.483363,35.682619
5971,-97.483268,35.682619
5980,-97.483254,35.682483
5981,-97.483153,35.682490
5982,-97.483050,35.682499
5970,-97.483167,35.682626
5969,-97.483068,35.682635
5983,-97.482927,35.682535
5968,-97.482920,35.682695
5984,-97.482832,35.682577
6081,-97.482866,35.683002
6082,-97.482931,35.683138
6083,-97.482978,35.683295
5961,-97.483635,35.683395
5962,-97.483568,35.683397
5960,-97.483574,35.683535
5963,-97.483502,35.683399
5964,-97.483439,35.683401
5959,-97.483508,35.683537
5958,-97.483439,35.683539
5965,-97.483373,35.683401
5966,-97.483291,35.683409
5957,-97.483373,35.683539
5956,-97.483323,35.683543
6089,-97.483289,35.684097
5967,-97.483226,35.683419
5955,-97.483258,35.683553
6084,-97.483018,35.683463
6085,-97.483063,35.683655
6087,-97.483224,35.684028
6088,-97.483256,35.684063
6086,-97.483191,35.683993
5985,-97.482746,35.682621
6080,-97.482741,35.682869
5986,-97.482229,35.682461
5987,-97.482007,35.682469
5988,-97.481811,35.682508
6079,-97.481778,35.682661
6078,-97.481757,35.682672
5989,-97.481605,35.682590
6077,-97.481674,35.682717
5990,-97.481473,35.682656
5992,-97.481365,35.682514
5991,-97.481447,35.682612
6074,-97.481676,35.682902
6073,-97.481690,35.682932
6075,-97.481643,35.682855
6076,-97.481618,35.682830
6070,-97.481513,35.682941
6069,-97.481488,35.682916
6071,-97.481518,35.682950
6072,-97.481532,35.682980
6068,-97.481463,35.682891
5995,-97.481123,35.682780
5993,-97.481066,35.682588
5994,-97.481085,35.682702
6067,-97.480862,35.683032
6037,-97.481310,35.684335
6038,-97.481223,35.684295
6042,-97.481163,35.684053
6041,-97.481159,35.684067
6040,-97.481156,35.684082
6043,-97.480993,35.684041
6044,-97.480990,35.684056
6045,-97.480986,35.684070
6039,-97.481152,35.684096
6066,-97.480600,35.683084
6065,-97.480536,35.683095
6000,-97.480244,35.682872
5999,-97.480244,35.682875
5998,-97.480244,35.682882
5997,-97.480244,35.682885
5996,-97.480244,35.682914
6064,-97.480256,35.683113
6001,-97.480076,35.682872
6002,-97.480076,35.682875
6003,-97.480076,35.682878
6004,-97.480076,35.682882
6005,-97.480076,35.682914
6063,-97.480056,35.683105
6062,-97.479970,35.683102
6061,-97.479949,35.683101
6060,-97.479864,35.683099
6049,-97.480138,35.683869
6048,-97.480140,35.683904
6047,-97.480142,35.683940
6046,-97.480144,35.683976
6050,-97.479970,35.683875
6051,-97.479972,35.683910
6052,-97.479974,35.683946
6053,-97.479976,35.683982
6059,-97.479264,35.683296
6009,-97.479144,35.682643
6008,-97.479134,35.682686
6010,-97.478973,35.682640
6011,-97.478968,35.682662
6012,-97.478963,35.682683
6007,-97.479133,35.682872
6006,-97.479143,35.682892
6013,-97.478975,35.682920
6015,-97.479009,35.682986
6014,-97.478998,35.682966
6016,-97.479080,35.683248
6017,-97.479010,35.683324
6058,-97.479196,35.683348
6057,-97.479156,35.683392
6056,-97.479085,35.683514
6018,-97.478964,35.683391
6019,-97.478923,35.683478
6055,-97.479139,35.684114
6020,-97.478977,35.684150
6021,-97.478938,35.684264
6022,-97.478913,35.684294
6470,-97.484608,35.684641
5950,-97.484451,35.684472
6403,-97.484442,35.684621
6469,-97.484557,35.684989
6468,-97.484559,35.685336
6404,-97.484389,35.684981
6405,-97.484391,35.685346
5951,-97.484268,35.684451
5952,-97.484084,35.684431
5953,-97.483901,35.684415
6467,-97.484649,35.685674
6406,-97.484485,35.685706
5954,-97.483719,35.684400
6411,-97.483324,35.685114
6410,-97.483330,35.685162
6409,-97.483335,35.685210
6412,-97.483156,35.685128
6413,-97.483162,35.685176
6414,-97.483167,35.685222
6415,-97.483172,35.685270
6407,-97.483690,35.685781
6408,-97.483598,35.685760
6416,-97.483518,35.685880
6419,-97.483706,35.685926
6418,-97.483650,35.685915
6417,-97.483593,35.685903
6036,-97.481400,35.684386
6034,-97.481226,35.684453
6035,-97.481298,35.684496
6033,-97.481139,35.684413
6032,-97.480934,35.684380
6031,-97.480852,35.684389
6120,-97.481307,35.685868
6121,-97.481284,35.685998
6122,-97.481278,35.686119
6123,-97.481276,35.686244
6124,-97.481276,35.686366
6092,-97.480976,35.685468
6091,-97.480974,35.685479
6090,-97.480973,35.685491
6093,-97.480808,35.685456
6094,-97.480806,35.685467
6095,-97.480805,35.685479
6030,-97.480353,35.684439
6029,-97.480275,35.684445
6028,-97.480018,35.684467
6027,-97.479852,35.684486
6097,-97.479851,35.685347
6098,-97.479712,35.685265
6119,-97.480297,35.685746
6118,-97.480284,35.685788
6117,-97.480272,35.685830
6116,-97.480257,35.685878
6115,-97.480240,35.685919
6114,-97.480223,35.685960
6096,-97.479970,35.685445
6110,-97.480133,35.685714
6111,-97.480120,35.685756
6112,-97.480108,35.685798
6113,-97.480097,35.685834
6026,-97.479665,35.684510
6054,-97.479471,35.684380
6025,-97.479490,35.684517
6024,-97.479291,35.684480
6099,-97.479526,35.685224
6100,-97.479494,35.685222
6101,-97.479428,35.685218
6102,-97.479365,35.685215
6109,-97.479418,35.685356
6023,-97.479020,35.684524
6103,-97.479087,35.685321
6108,-97.479188,35.685454
6401,-97.482894,35.687626
6402,-97.481751,35.687351
6381,-97.482361,35.687919
6372,-97.482205,35.687867
6380,-97.482174,35.688285
6379,-97.482145,35.688324
6373,-97.482030,35.688213
6378,-97.482112,35.688366
6377,-97.482080,35.688403
6374,-97.481974,35.688288
6125,-97.481566,35.687502
6126,-97.481566,35.687588
6127,-97.481548,35.687655
6128,-97.481016,35.688404
6376,-97.482035,35.688450
6375,-97.481994,35.688481
6107,-97.479154,35.685726
6131,-97.480272,35.687893
6130,-97.480267,35.687913
6129,-97.480279,35.688132
6132,-97.480106,35.687867
6133,-97.480101,35.687887
6134,-97.480096,35.687908
6135,-97.480111,35.688148
6136,-97.480114,35.688169
6143,-97.478972,35.686915
6144,-97.478956,35.686954
6142,-97.479064,35.687404
6145,-97.478896,35.687404
6141,-97.479064,35.687435
6140,-97.479064,35.687487
6139,-97.479064,35.687528
6138,-97.479066,35.687928
6146,-97.478896,35.687445
6147,-97.478896,35.687487
6148,-97.478896,35.687528
6149,-97.478896,35.687559
6150,-97.478898,35.687921
6137,-97.479067,35.687959
6151,-97.478899,35.687963
6152,-97.478901,35.688004
6158,-97.480474,35.688507
6157,-97.480232,35.688562
6156,-97.479953,35.688603
6155,-97.479687,35.688606
6154,-97.479420,35.688597
6153,-97.479161,35.688576
6458,-97.485875,35.685350
6455,-97.485957,35.685535
6457,-97.485906,35.685406
6456,-97.485942,35.685476
6454,-97.486017,35.686140
6462,-97.485853,35.686106
6453,-97.485999,35.686199
6452,-97.485976,35.686268
6463,-97.485835,35.686165
6459,-97.485721,35.685406
6460,-97.485752,35.685462
6461,-97.485778,35.685504
6464,-97.485822,35.686214
6466,-97.484966,35.686278
6465,-97.484990,35.686311
6425,-97.485674,35.687017
6423,-97.485572,35.686971
6424,-97.485623,35.686994
6422,-97.485517,35.686942
6421,-97.484932,35.686490
6420,-97.484887,35.686437
6394,-97.484205,35.687834
6395,-97.484138,35.687807
6396,-97.484094,35.687795
6391,-97.484042,35.687925
6397,-97.483796,35.687719
6393,-97.484101,35.687942
6392,-97.484086,35.687937
6398,-97.483750,35.687711
6399,-97.483659,35.687695
6390,-97.483716,35.687845
6400,-97.483420,35.687663
6389,-97.483524,35.688000
6382,-97.483364,35.687960
6388,-97.483363,35.688332
6387,-97.483341,35.688369
6386,-97.483324,35.688403
6383,-97.483211,35.688272
6384,-97.483189,35.688309
6385,-97.483168,35.688351
6487,-97.490936,35.684557
6488,-97.490867,35.684553
6489,-97.490799,35.684549
6490,-97.490730,35.684545
6491,-97.490559,35.684562
6492,-97.490495,35.684583
6482,-97.490468,35.684771
6480,-97.490571,35.685303
6479,-97.490581,35.685354
6481,-97.490560,35.685253
6476,-97.490805,35.685866
6477,-97.490773,35.685831
6478,-97.490602,35.685456
6472,-97.490436,35.685478
6473,-97.490599,35.685867
6474,-97.490762,35.686034
6475,-97.490918,35.686178
6471,-97.490415,35.685376
1705,-97.489542,35.685057
1706,-97.489448,35.685083
1747,-97.489596,35.685187
1746,-97.489502,35.685213
1707,-97.489351,35.685110
1741,-97.489315,35.685969
1740,-97.489355,35.686103
1739,-97.489317,35.686111
1742,-97.489277,35.685977
7004,-97.490882,35.686936
7005,-97.490853,35.686987
7006,-97.490824,35.687037
1731,-97.489449,35.686928
1732,-97.489420,35.686935
1730,-97.489495,35.687060
1729,-97.489466,35.687067
1728,-97.489436,35.687074
1733,-97.489390,35.686942
1734,-97.489082,35.687007
1735,-97.489052,35.687012
1727,-97.489116,35.687141
1726,-97.489086,35.687146
1725,-97.489098,35.687258
1724,-97.489116,35.687309
1718,-97.488900,35.687202
1719,-97.488918,35.687245
1722,-97.488972,35.687398
1720,-97.488936,35.687296
1721,-97.488954,35.687347
1723,-97.489123,35.687830
1745,-97.488825,35.685647
1708,-97.488657,35.685637
1709,-97.488650,35.685719
1710,-97.488643,35.685801
1711,-97.488636,35.685882
1743,-97.488895,35.685973
1744,-97.488856,35.685970
1738,-97.488881,35.686109
1712,-97.488615,35.686104
6443,-97.486885,35.684685
6442,-97.486919,35.684746
6441,-97.486954,35.684807
6440,-97.486988,35.684868
6439,-97.487022,35.684931
6447,-97.486868,35.684985
6438,-97.487193,35.685499
6437,-97.487188,35.685578
6436,-97.487183,35.685645
6435,-97.487178,35.685712
6448,-97.487025,35.685515
6449,-97.487020,35.685570
6450,-97.487015,35.685637
6451,-97.487010,35.685704
6434,-97.487004,35.686394
1737,-97.488832,35.686471
1736,-97.488859,35.686558
1713,-97.488668,35.686503
1716,-97.488708,35.686634
1714,-97.488681,35.686546
1715,-97.488695,35.686590
1717,-97.488721,35.686678
6433,-97.486883,35.687912
6432,-97.486904,35.687997
6431,-97.486919,35.688073
6430,-97.486928,35.688156
6444,-97.486733,35.684743
6445,-97.486767,35.684804
6446,-97.486802,35.684865
6426,-97.486409,35.687448
6427,-97.486723,35.687956
6428,-97.486738,35.688019
6429,-97.486753,35.688095
6985,-97.494110,35.684099
6986,-97.493859,35.684219
7103,-97.493913,35.684561
7104,-97.493841,35.684401
7102,-97.493960,35.684673
6987,-97.493578,35.684414
6988,-97.493518,35.684515
7101,-97.493726,35.684879
7100,-97.493627,35.684879
6989,-97.493476,35.684611
6990,-97.493461,35.684699
6991,-97.493434,35.684881
6992,-97.493430,35.684912
7095,-97.493729,35.685550
7096,-97.493725,35.685551
7097,-97.493717,35.685551
7098,-97.493585,35.685551
7099,-97.493576,35.685551
7094,-97.493725,35.685689
7093,-97.493717,35.685689
7092,-97.493585,35.685689
7085,-97.493596,35.686313
7086,-97.493575,35.686310
7087,-97.493554,35.686307
7089,-97.493515,35.686302
7088,-97.493532,35.686304
6993,-97.493360,35.685465
6994,-97.493353,35.685496
6995,-97.493346,35.685527
7091,-97.493448,35.685802
6996,-97.493303,35.685698
6997,-97.493297,35.685722
6998,-97.493291,35.685747
7090,-97.493494,35.686298
6999,-97.493117,35.686376
7084,-97.493524,35.686443
7083,-97.493502,35.686440
7082,-97.493477,35.686436
7081,-97.493456,35.686432
7000,-97.493106,35.686400
7001,-97.493095,35.686440
7002,-97.493092,35.686466
7003,-97.493088,35.686492
6484,-97.491506,35.684870
6483,-97.491520,35.685048
6485,-97.491456,35.684839
6486,-97.491296,35.684732
7030,-97.492537,35.688201
7024,-97.491005,35.687045
7023,-97.490976,35.687095
7022,-97.490721,35.687525
7021,-97.490689,35.687575
7007,-97.490571,35.687463
7020,-97.490658,35.687625
7019,-97.490627,35.687674
7008,-97.490539,35.687513
7009,-97.490508,35.687563
7010,-97.490477,35.687612
7011,-97.490445,35.687662
7018,-97.490595,35.687724
7017,-97.490564,35.687774
7012,-97.490414,35.687712
7016,-97.490233,35.688113
7015,-97.490188,35.688156
7014,-97.490144,35.688199
7013,-97.490100,35.688241
7063,-97.495704,35.687451
7064,-97.495688,35.687520
7065,-97.495645,35.687599
7066,-97.495605,35.687650
7062,-97.495605,35.687831
7067,-97.495530,35.687711
7068,-97.495457,35.687743
7069,-97.495390,35.687774
7061,-97.495400,35.687912
7060,-97.495301,35.687927
7070,-97.495286,35.687788
7071,-97.495182,35.687803
7072,-97.495092,35.687811
7059,-97.495202,35.687941
7058,-97.495087,35.687949
7075,-97.494894,35.687675
7076,-97.494878,35.687630
7073,-97.494969,35.687825
7074,-97.494910,35.687720
7077,-97.494716,35.687668
7078,-97.494732,35.687713
7079,-97.494748,35.687758
7080,-97.494781,35.687849
7057,-97.495007,35.687959
7043,-97.494832,35.688041
7026,-97.493698,35.688414
7025,-97.493700,35.688416
7027,-97.493696,35.688413
7028,-97.493695,35.688412
7053,-97.495067,35.688554
7054,-97.495045,35.688553
7052,-97.495077,35.688820
7051,-97.495065,35.688816
7050,-97.495053,35.688812
7049,-97.495041,35.688809
7055,-97.495034,35.688553
7056,-97.495023,35.688553
7044,-97.494836,35.688511
7045,-97.494836,35.688538
7046,-97.494856,35.688655
7047,-97.494856,35.688655
7048,-97.495029,35.688805
7042,-97.493937,35.688453
7041,-97.493895,35.688488
7040,-97.493858,35.688520
7039,-97.493661,35.688678
7038,-97.493572,35.688730
7037,-97.493454,35.688778
7036,-97.493324,35.688809
7035,-97.493215,35.688809
7034,-97.493106,35.688809
7029,-97.492616,35.688351
7033,-97.492766,35.688713
7032,-97.492628,35.688621
7031,-97.492586,35.688593
6951,-97.481109,35.690945
6945,-97.481030,35.690823
6948,-97.481059,35.690986
6949,-97.481066,35.690999
6950,-97.481070,35.691006
6946,-97.480817,35.690901
6947,-97.480247,35.691011
6178,-97.480302,35.692356
6162,-97.479324,35.690981
6163,-97.479272,35.690939
6164,-97.479221,35.690898
6159,-97.479630,35.691078
6177,-97.479641,35.691216
6160,-97.479428,35.691064
6161,-97.479376,35.691022
6168,-97.479254,35.691117
6167,-97.479189,35.691065
6169,-97.479275,35.691446
6170,-97.479264,35.691457
6171,-97.479241,35.691480
6165,-97.479103,35.690996
6166,-97.479146,35.691030
6176,-97.479417,35.691520
6175,-97.479405,35.691532
6174,-97.479394,35.691543
6173,-97.479371,35.691566
6172,-97.479360,35.691577
6939,-97.483082,35.690499
6956,-97.483110,35.690637
6955,-97.483017,35.690637
6940,-97.482990,35.690498
6954,-97.482925,35.690636
6941,-97.481273,35.690719
6953,-97.481273,35.690875
6942,-97.481192,35.690754
6943,-97.481151,35.690771
6944,-97.481111,35.690788
6952,-97.481191,35.690910
6936,-97.483365,35.690514
6937,-97.483274,35.690504
6958,-97.483285,35.690644
6938,-97.483173,35.690500
6957,-97.483202,35.690638
6924,-97.488406,35.690711
6925,-97.488210,35.690711
6970,-97.488379,35.690849
6926,-97.488013,35.690711
6969,-97.488000,35.690849
6927,-97.487817,35.690711
6928,-97.487621,35.690711
6968,-97.487810,35.690849
6965,-97.487596,35.691098
6966,-97.487596,35.691098
6967,-97.487596,35.691098
6929,-97.486282,35.690666
6930,-97.486099,35.690659
6931,-97.485917,35.690653
6964,-97.486073,35.690797
6963,-97.485888,35.690790
6932,-97.485767,35.690634
6933,-97.485599,35.690576
6962,-97.485679,35.690753
6961,-97.485509,35.690694
6934,-97.485406,35.690534
6960,-97.485363,35.690669
6935,-97.485207,35.690533
6959,-97.485177,35.690671
6913,-97.493306,35.690864
6914,-97.493216,35.690869
6915,-97.493131,35.690871
6981,-97.493228,35.691007
6916,-97.492789,35.690854
6917,-97.492605,35.690840
6977,-97.492580,35.690976
6978,-97.492937,35.691039
6979,-97.492936,35.691045
6980,-97.492936,35.691050
6918,-97.492413,35.690806
6976,-97.492395,35.690943
6975,-97.492208,35.690906
6919,-97.490990,35.690507
6920,-97.490573,35.690463
6921,-97.490378,35.690481
6974,-97.490837,35.690616
6973,-97.490486,35.690609
6972,-97.490330,35.690643
6922,-97.490173,35.690549
6923,-97.489993,35.690614
6971,-97.489983,35.690768
6909,-97.494252,35.690817
6910,-97.494162,35.690822
6984,-97.494203,35.690958
6911,-97.494072,35.690826
6983,-97.494110,35.690963
6982,-97.494017,35.690968
6912,-97.493982,35.690831
6268,-97.491044,35.695573
6267,-97.491098,35.695703
6266,-97.490995,35.695754
6306,-97.489049,35.693518
6307,-97.488897,35.693538
6305,-97.489073,35.693654
6304,-97.488939,35.693670
6273,-97.490622,35.695069
6274,-97.490454,35.695053
6272,-97.490614,35.695126
6275,-97.490446,35.695110
6276,-97.490442,35.695138
6269,-97.490897,35.695642
6265,-97.490866,35.695825
6270,-97.490786,35.695705
6264,-97.490737,35.695883
6271,-97.490657,35.695763
6263,-97.490322,35.695913
6277,-97.490082,35.695779
6262,-97.490086,35.695917
6281,-97.489603,35.695043
6280,-97.489602,35.695103
6282,-97.489435,35.695041
6283,-97.489434,35.695101
6279,-97.489601,35.695163
6284,-97.489433,35.695161
6278,-97.489845,35.695784
6261,-97.489849,35.695922
6260,-97.489613,35.695927
6303,-97.488798,35.693700
6308,-97.488756,35.693568
6302,-97.488658,35.693730
6309,-97.488616,35.693598
6301,-97.488562,35.693780
6310,-97.488466,35.693668
6300,-97.488452,35.693843
6311,-97.488340,35.693741
6312,-97.488232,35.693821
6299,-97.488344,35.693923
6288,-97.488594,35.695352
6289,-97.488426,35.695352
6287,-97.488594,35.695368
6285,-97.488721,35.695782
6298,-97.487645,35.694439
6313,-97.487533,35.694337
6297,-97.487537,35.694518
6314,-97.487425,35.694416
6315,-97.487318,35.694496
6316,-97.487210,35.694575
6259,-97.488829,35.695921
6258,-97.488719,35.695920
6286,-97.488612,35.695782
6257,-97.488610,35.695920
6256,-97.488217,35.695919
6290,-97.487962,35.695781
6255,-97.487962,35.695919
6296,-97.487430,35.694598
6295,-97.487322,35.694677
6294,-97.487215,35.694757
6293,-97.487107,35.694836
6317,-97.487103,35.694655
6318,-97.486995,35.694734
6319,-97.486888,35.694814
6292,-97.487000,35.694916
6254,-97.487697,35.695902
6291,-97.487458,35.695740
6253,-97.487452,35.695878
6252,-97.487197,35.695871
6324,-97.486532,35.693788
6325,-97.486502,35.693797
6326,-97.486473,35.693807
6323,-97.486434,35.694082
6322,-97.486379,35.694086
6320,-97.486230,35.694059
6327,-97.486071,35.693900
6321,-97.486279,35.694080
6249,-97.485921,35.694389
6328,-97.485545,35.693781
6329,-97.485521,35.693768
6336,-97.485461,35.694364
6248,-97.485525,35.694492
6245,-97.485539,35.694565
6247,-97.485522,35.694529
6246,-97.485531,35.694547
6242,-97.485366,35.694579
6251,-97.486819,35.695039
6250,-97.486812,35.695016
6244,-97.485383,35.694615
6243,-97.485375,35.694597
6331,-97.485173,35.693275
6330,-97.485306,35.693510
6332,-97.484868,35.693305
6333,-97.484865,35.693517
6335,-97.485219,35.693859
6334,-97.484971,35.693709
6337,-97.485135,35.694471
6338,-97.484864,35.694554
6241,-97.485088,35.694635
6349,-97.483841,35.693531
6348,-97.484094,35.693680
6347,-97.484131,35.693828
6346,-97.483973,35.693949
6345,-97.483785,35.693902
6350,-97.483683,35.693562
6344,-97.483720,35.693818
6343,-97.483659,35.693764
6342,-97.483523,35.693745
6351,-97.483495,35.693608
6352,-97.483429,35.693629
6353,-97.483395,35.693646
6341,-97.483512,35.693749
6354,-97.483361,35.693663
6240,-97.484758,35.694718
6238,-97.484737,35.694768
6239,-97.484735,35.694755
6235,-97.484567,35.694771
6236,-97.484569,35.694784
6237,-97.484571,35.694797
6339,-97.484526,35.694616
6340,-97.484459,35.694625
6234,-97.483737,35.694793
6233,-97.483718,35.694823
6228,-97.483587,35.694729
6229,-97.483568,35.694759
6230,-97.483549,35.694789
6231,-97.483530,35.694819
6232,-97.483511,35.694848
6359,-97.482327,35.693766
6358,-97.482325,35.693780
6357,-97.482324,35.693795
6356,-97.482323,35.693809
6355,-97.482322,35.693824
6227,-97.482629,35.694301
6226,-97.482418,35.694451
6360,-97.482159,35.693758
6361,-97.482157,35.693772
6362,-97.482156,35.693787
6363,-97.482155,35.693801
6364,-97.482154,35.693816
6225,-97.482149,35.694488
6224,-97.481941,35.694310
6369,-97.481313,35.693183
6368,-97.481364,35.693365
6367,-97.481394,35.693511
6181,-97.480717,35.693041
6370,-97.481058,35.693192
6182,-97.480881,35.693236
6365,-97.481581,35.693995
6366,-97.481284,35.693630
6209,-97.481491,35.694135
6223,-97.481448,35.694409
6222,-97.481421,35.694501
6221,-97.481424,35.694518
6183,-97.480992,35.693600
6208,-97.481030,35.693734
6207,-97.480851,35.693760
6210,-97.481191,35.694407
6211,-97.481178,35.694412
6212,-97.481166,35.694417
6213,-97.481153,35.694423
6214,-97.481141,35.694428
6215,-97.481128,35.694433
6216,-97.481116,35.694439
6220,-97.481334,35.694736
6219,-97.481327,35.694738
6218,-97.481320,35.694740
6217,-97.481313,35.694743
6180,-97.480537,35.692833
6179,-97.480395,35.692602
6184,-97.480678,35.693627
6206,-97.480684,35.693765
6185,-97.480515,35.693631
6186,-97.480329,35.693644
6205,-97.480373,35.693776
6187,-97.480139,35.693708
6188,-97.480018,35.693823
6189,-97.479931,35.693939
6204,-97.480047,35.694240
6202,-97.480081,35.694520
6201,-97.480083,35.694526
6203,-97.480052,35.694376
6190,-97.479884,35.694091
6191,-97.479879,35.694244
6192,-97.479884,35.694380
6193,-97.479839,35.694486
6194,-97.479835,35.694490
6195,-97.480054,35.694740
6196,-97.480054,35.694740
6197,-97.480054,35.694740
6198,-97.480054,35.694740
6199,-97.480054,35.694740
6200,-97.480054,35.694740
7211,-97.504040,35.690687
7212,-97.503974,35.690693
7210,-97.503859,35.690839
7209,-97.503793,35.690844
7208,-97.503727,35.690850
7183,-97.504203,35.691849
7182,-97.504197,35.691987
7184,-97.503883,35.691841
7185,-97.503563,35.691833
7181,-97.503557,35.691971
7186,-97.503240,35.691831
7180,-97.503240,35.691969
7213,-97.503019,35.690769
7207,-97.503035,35.690905
7206,-97.502963,35.690909
7187,-97.502920,35.691831
7179,-97.502920,35.691969
7188,-97.502601,35.691831
7178,-97.502601,35.691969
7189,-97.502359,35.691853
7177,-97.502393,35.691987
7190,-97.502311,35.691861
7191,-97.502262,35.691869
7192,-97.502214,35.691877
7176,-97.502296,35.692003
7205,-97.501798,35.690950
7193,-97.501543,35.692281
7175,-97.501671,35.692369
7174,-97.501639,35.692399
7173,-97.501607,35.692430
7194,-97.501511,35.692311
7195,-97.501479,35.692342
7119,-97.505997,35.693261
7142,-97.504109,35.693500
7143,-97.503941,35.693441
7144,-97.503871,35.693432
7145,-97.503802,35.693424
7146,-97.503564,35.693446
7147,-97.503487,35.693470
7148,-97.503410,35.693495
7161,-97.503997,35.693602
7160,-97.503915,35.693577
7159,-97.503549,35.693598
7158,-97.503481,35.693648
7157,-97.503434,35.693730
7149,-97.503282,35.693672
7150,-97.503235,35.693753
7141,-97.504393,35.694675
7140,-97.504393,35.694732
7139,-97.504392,35.694790
7138,-97.504390,35.694904
7137,-97.504389,35.694961
7136,-97.504388,35.695019
7162,-97.504225,35.694673
7163,-97.504224,35.694788
7164,-97.504222,35.694902
7165,-97.504220,35.695017
7156,-97.502991,35.694498
7155,-97.502982,35.694571
7151,-97.502823,35.694488
7152,-97.502811,35.694577
7172,-97.501585,35.693322
7171,-97.501569,35.693360
7170,-97.501553,35.693398
7196,-97.501425,35.693278
7197,-97.501409,35.693316
7198,-97.501393,35.693354
7169,-97.501250,35.694386
7168,-97.501268,35.694452
7154,-97.502970,35.694660
7153,-97.502799,35.694667
7166,-97.503087,35.695586
7281,-97.503027,35.695716
7280,-97.502840,35.695724
7279,-97.502286,35.695881
7278,-97.502263,35.695888
7167,-97.502207,35.695758
7214,-97.499935,35.690178
7204,-97.500836,35.691097
7203,-97.500365,35.691452
7269,-97.500197,35.691448
7215,-97.500123,35.690668
7202,-97.500158,35.692276
7270,-97.499996,35.692242
7201,-97.500135,35.692347
7200,-97.500113,35.692418
7271,-97.499973,35.692313
7272,-97.499951,35.692384
7229,-97.497697,35.690052
7228,-97.497691,35.690081
7227,-97.497685,35.690110
7235,-97.497496,35.690459
7258,-97.498626,35.691928
7257,-97.498624,35.691972
7259,-97.498456,35.691966
7256,-97.498619,35.692060
7255,-97.498615,35.692148
7226,-97.497673,35.690774
7225,-97.497675,35.690804
7221,-97.497678,35.690834
7222,-97.497678,35.690834
7223,-97.497678,35.690834
7224,-97.497678,35.690834
7236,-97.497496,35.690594
7216,-97.497821,35.691781
7217,-97.497764,35.691783
7268,-97.497837,35.691917
7267,-97.497772,35.691921
7218,-97.497704,35.691785
7266,-97.497712,35.691923
7230,-97.497080,35.689910
7231,-97.497035,35.689904
7232,-97.496990,35.689899
7234,-97.497009,35.690040
7233,-97.496964,35.690035
7237,-97.496793,35.690062
7238,-97.496804,35.690120
7239,-97.496816,35.690178
7240,-97.496821,35.690790
7241,-97.496824,35.690850
7242,-97.496826,35.691064
7243,-97.496826,35.691135
7244,-97.496826,35.691205
7219,-97.497067,35.691810
7220,-97.497017,35.691808
7265,-97.496996,35.692024
7245,-97.496827,35.691953
7246,-97.496828,35.692026
7247,-97.496829,35.692099
7248,-97.496830,35.692172
7276,-97.501086,35.694416
7277,-97.501104,35.694482
7199,-97.500091,35.693129
7273,-97.499929,35.693212
7274,-97.499935,35.693285
7275,-97.500146,35.694067
7290,-97.500748,35.695762
7291,-97.500667,35.695730
7292,-97.500553,35.695707
7297,-97.499655,35.695613
7298,-97.499599,35.695611
7299,-97.499553,35.695613
7293,-97.500110,35.695654
7294,-97.499835,35.695627
7295,-97.499790,35.695624
7296,-97.499745,35.695620
7254,-97.498455,35.693117
7260,-97.497766,35.692862
7261,-97.497713,35.692856
7262,-97.497645,35.692851
7253,-97.497689,35.692992
7252,-97.497651,35.692989
7251,-97.497091,35.693005
7307,-97.497956,35.694270
7309,-97.497913,35.694306
7308,-97.497892,35.694324
7306,-97.498078,35.694364
7305,-97.498057,35.694382
7312,-97.497849,35.694361
7311,-97.497828,35.694379
7310,-97.497807,35.694397
7313,-97.497758,35.694453
7300,-97.498731,35.695590
7301,-97.498686,35.695587
7302,-97.498641,35.695584
7303,-97.498596,35.695581
7304,-97.498551,35.695578
7288,-97.498514,35.695712
7289,-97.498442,35.695709
7287,-97.498307,35.695723
7314,-97.497485,35.694878
7315,-97.497413,35.694989
7284,-97.497233,35.695578
7286,-97.497714,35.695779
7285,-97.497405,35.695733
7283,-97.497286,35.695638
7263,-97.497083,35.692867
7264,-97.497029,35.692869
7250,-97.497037,35.693007
7249,-97.496970,35.693007
7113,-97.508082,35.694544
7114,-97.507899,35.694381
7115,-97.507671,35.694193
7112,-97.508240,35.694808
7132,-97.507952,35.694630
7111,-97.508184,35.695283
7110,-97.508150,35.695283
7133,-97.507990,35.695239
7109,-97.507702,35.695697
7117,-97.506690,35.693313
7118,-97.506516,35.693197
7116,-97.507176,35.693772
7128,-97.506893,35.693700
7127,-97.505894,35.693651
7126,-97.505800,35.694229
7120,-97.505722,35.693952
7131,-97.506920,35.694759
7130,-97.506849,35.694775
7129,-97.506805,35.694643
7134,-97.507061,35.695701
7124,-97.505800,35.695176
7125,-97.505789,35.694592
7121,-97.505626,35.694672
7122,-97.505630,35.695034
7123,-97.505635,35.695395
7108,-97.506154,35.695798
7107,-97.505753,35.695919
7135,-97.504387,35.695133
7282,-97.503556,35.695992
35832,-97.511425,35.696524
