62614,-95.782933,36.034081
62615,-95.782913,36.034081
62626,-95.782923,36.034219
62609,-95.783616,36.034835
62608,-95.783616,36.034867
62607,-95.783616,36.034898
62606,-95.783615,36.034929
62605,-95.783615,36.034960
62604,-95.783611,36.034996
62603,-95.783608,36.035028
62628,-95.783445,36.034911
62629,-95.783445,36.034943
62630,-95.783445,36.034969
62631,-95.783441,36.035000
62632,-95.783335,36.035061
62602,-95.783393,36.035199
62601,-95.783364,36.035199
62600,-95.783336,36.035199
62599,-95.783307,36.035200
62598,-95.783278,36.035200
62616,-95.782894,36.034081
62617,-95.782875,36.034081
62633,-95.782703,36.035070
62625,-95.782425,36.034997
62624,-95.782425,36.035029
62618,-95.782255,36.034884
62619,-95.782255,36.034917
62620,-95.782255,36.034949
62621,-95.782255,36.034981
62622,-95.782255,36.035013
62623,-95.782255,36.035046
62664,-95.782236,36.035197
62663,-95.782202,36.035196
62662,-95.782169,36.035195
62597,-95.782685,36.036108
62596,-95.782685,36.036162
62595,-95.782685,36.036216
62594,-95.782685,36.036270
62593,-95.782683,36.036463
62665,-95.782515,36.036197
62666,-95.782515,36.036247
62667,-95.782515,36.036297
62523,-95.782500,36.036309
62524,-95.782500,36.036309
62525,-95.782500,36.036309
62526,-95.782500,36.036309
62668,-95.782500,36.036309
62669,-95.782465,36.036308
62670,-95.782447,36.036308
62675,-95.782496,36.036447
62674,-95.782478,36.036446
62673,-95.782461,36.036446
62672,-95.782443,36.036446
62671,-95.782426,36.036445
62638,-95.781405,36.034888
62637,-95.781405,36.034919
62636,-95.781405,36.034949
62635,-95.781405,36.034980
62634,-95.781405,36.035011
62639,-95.781235,36.034872
62640,-95.781235,36.034903
62641,-95.781235,36.034934
62642,-95.781235,36.034965
62643,-95.781235,36.034996
62644,-95.781235,36.035027
62645,-95.781188,36.035039
62646,-95.781173,36.035039
62660,-95.781186,36.035177
62659,-95.781171,36.035177
62661,-95.781094,36.035177
62561,-95.785555,36.037085
62562,-95.785555,36.037127
62752,-95.785165,36.038390
62722,-95.784995,36.038356
62751,-95.785165,36.038424
62750,-95.785162,36.038497
62749,-95.785156,36.038565
62723,-95.784995,36.038424
62724,-95.784994,36.038487
62725,-95.784988,36.038555
62726,-95.784968,36.038619
62748,-95.785042,36.038743
62747,-95.784967,36.038773
62571,-95.784705,36.036682
62570,-95.784705,36.036738
62569,-95.784705,36.036793
62568,-95.784705,36.036849
62567,-95.784705,36.036905
62566,-95.784705,36.036960
62565,-95.784705,36.037016
62564,-95.784705,36.037072
62585,-95.784535,36.036905
62586,-95.784535,36.036960
62587,-95.784535,36.037016
62588,-95.784535,36.037072
62563,-95.784705,36.037128
62589,-95.784535,36.037128
62727,-95.784893,36.038649
62728,-95.784268,36.038654
62729,-95.784218,36.038628
62734,-95.784163,36.038357
62735,-95.783993,36.038357
62733,-95.784163,36.038426
62732,-95.784164,36.038460
62731,-95.784162,36.038543
62730,-95.784186,36.038609
62736,-95.783993,36.038426
62737,-95.783994,36.038494
62739,-95.784024,36.038649
62738,-95.784000,36.038583
62584,-95.783685,36.036919
62583,-95.783685,36.036971
62582,-95.783685,36.037023
62581,-95.783685,36.037075
62572,-95.783515,36.036763
62573,-95.783515,36.036815
62574,-95.783515,36.036867
62575,-95.783515,36.036919
62576,-95.783515,36.036971
62577,-95.783515,36.037023
62578,-95.783515,36.037075
62580,-95.783685,36.037128
62579,-95.783515,36.037128
62705,-95.783121,36.038209
62704,-95.783122,36.038283
62703,-95.783122,36.038356
62706,-95.782951,36.038209
62707,-95.782952,36.038283
62708,-95.782952,36.038356
62702,-95.783123,36.038429
62701,-95.783123,36.038503
62700,-95.783124,36.038576
62699,-95.783124,36.038650
62709,-95.782953,36.038429
62710,-95.782953,36.038503
62711,-95.782954,36.038576
62746,-95.784851,36.038790
62745,-95.784767,36.038793
62744,-95.784684,36.038796
62743,-95.784483,36.038802
62742,-95.784398,36.038805
62740,-95.784194,36.038778
62741,-95.784313,36.038808
62698,-95.783102,36.038744
62712,-95.782957,36.038663
62713,-95.782942,36.038698
62697,-95.783015,36.038830
62592,-95.782681,36.036626
62591,-95.782677,36.036954
62590,-95.782676,36.037118
62676,-95.782506,36.037116
62677,-95.782473,36.037131
62678,-95.782459,36.037131
62679,-95.782444,36.037131
62721,-95.782098,36.037848
62680,-95.781928,36.037822
62681,-95.781929,36.037864
62720,-95.782100,36.037893
62719,-95.782101,36.037938
62718,-95.782102,36.037984
62682,-95.781930,36.037905
62683,-95.781931,36.037946
62684,-95.781922,36.038018
62717,-95.782105,36.038172
62716,-95.782105,36.038276
62715,-95.782105,36.038381
62685,-95.781935,36.038172
62686,-95.781935,36.038299
62714,-95.782105,36.038486
62687,-95.781935,36.038426
62688,-95.781935,36.038553
62696,-95.782882,36.038859
62695,-95.782791,36.038859
62694,-95.782701,36.038859
62693,-95.782611,36.038859
62692,-95.782409,36.038859
62691,-95.782252,36.038859
62690,-95.782058,36.038836
62689,-95.781935,36.038680
62081,-95.783905,36.040938
62090,-95.783882,36.041076
62091,-95.783796,36.041075
62092,-95.783796,36.041075
62082,-95.782881,36.040931
62089,-95.782858,36.041069
62088,-95.782815,36.041069
62083,-95.782347,36.040928
62084,-95.781643,36.040923
62087,-95.781641,36.041061
62086,-95.781515,36.040922
62085,-95.781556,36.041061
63439,-95.779694,36.033522
62647,-95.780452,36.035035
62648,-95.780437,36.035035
62649,-95.780422,36.035035
62650,-95.780406,36.035035
62651,-95.780391,36.035035
62652,-95.780376,36.035035
62658,-95.780450,36.035173
62657,-95.780435,36.035173
62656,-95.780420,36.035173
62655,-95.780404,36.035173
62654,-95.780389,36.035173
62653,-95.780374,36.035173
63438,-95.779687,36.034643
63437,-95.779685,36.035017
63431,-95.779515,36.034957
63435,-95.779515,36.035017
63434,-95.779510,36.036117
63433,-95.779510,36.036237
63440,-95.779509,36.036659
63436,-95.779675,36.037957
63432,-95.779675,36.038718
63430,-95.779675,36.039017
63441,-95.779505,36.039017
63428,-95.779683,36.040547
63427,-95.779685,36.041807
63426,-95.779675,36.042948
62949,-95.782745,36.028523
62948,-95.782745,36.028570
62950,-95.782555,36.028594
62951,-95.782502,36.028595
62952,-95.782449,36.028597
62979,-95.782561,36.028732
62978,-95.782508,36.028733
62977,-95.782429,36.028736
62947,-95.782763,36.029406
62969,-95.782579,36.029420
62970,-95.782525,36.029419
62971,-95.782471,36.029419
62953,-95.782371,36.028600
62954,-95.782318,36.028601
62955,-95.782266,36.028603
62956,-95.782213,36.028605
62976,-95.782324,36.028739
62975,-95.782272,36.028741
62972,-95.782390,36.029418
62973,-95.782337,36.029418
62974,-95.782283,36.029417
62946,-95.782765,36.029633
62945,-95.782761,36.029771
62944,-95.782729,36.029891
62980,-95.782595,36.029695
62968,-95.782469,36.029557
62967,-95.782415,36.029556
62981,-95.782563,36.029863
62943,-95.782698,36.030012
62942,-95.782445,36.030272
62941,-95.782411,36.030291
62966,-95.782335,36.029556
62965,-95.782281,36.029555
62964,-95.782227,36.029555
62963,-95.782173,36.029555
62982,-95.782347,36.030160
62983,-95.782279,36.030198
62984,-95.782271,36.030198
62985,-95.782231,36.030206
62940,-95.782377,36.030310
62939,-95.782309,36.030332
62986,-95.782191,36.030213
62987,-95.782151,36.030221
62938,-95.782269,36.030340
62957,-95.781077,36.029260
62958,-95.781077,36.029284
62959,-95.781077,36.029309
62960,-95.781076,36.029346
62961,-95.781076,36.029371
62962,-95.781076,36.029396
62931,-95.782437,36.031891
62930,-95.782408,36.031891
63419,-95.782528,36.032029
62937,-95.781349,36.031123
62936,-95.781348,36.031138
62988,-95.781184,36.031066
62989,-95.781183,36.031080
62990,-95.781182,36.031103
62991,-95.781181,36.031117
62992,-95.781180,36.031132
62935,-95.781330,36.031464
62934,-95.781329,36.031479
62993,-95.781163,36.031451
62994,-95.781161,36.031473
62933,-95.781329,36.031494
62932,-95.781328,36.031509
62995,-95.781161,36.031488
62996,-95.781160,36.031503
63138,-95.778945,36.025432
63137,-95.778945,36.025437
63136,-95.778944,36.025449
63135,-95.778944,36.025460
63347,-95.778890,36.026705
63346,-95.778875,36.026730
63345,-95.778859,36.026755
63344,-95.778844,36.026780
63000,-95.779676,36.027578
63139,-95.778777,36.025426
63140,-95.778777,36.025437
63141,-95.778776,36.025443
63142,-95.778776,36.025454
63134,-95.778743,36.025623
63133,-95.778713,36.025624
63132,-95.778684,36.025625
63131,-95.778654,36.025627
63145,-95.777995,36.025451
63144,-95.777995,36.025464
63143,-95.777995,36.025478
63178,-95.777824,36.025640
63179,-95.777823,36.025930
63146,-95.777728,36.025041
63147,-95.777697,36.025041
63148,-95.777666,36.025041
63149,-95.777635,36.025041
63150,-95.777604,36.025041
63177,-95.777728,36.025179
63176,-95.777666,36.025179
63175,-95.777635,36.025179
63174,-95.777053,36.026044
63173,-95.777071,36.026081
63172,-95.777090,36.026118
63169,-95.776897,36.026096
63167,-95.776853,36.026000
63168,-95.776878,36.026056
63171,-95.776934,36.026170
63170,-95.776915,36.026133
63279,-95.778723,36.026668
63280,-95.778707,36.026693
63281,-95.778692,36.026718
63282,-95.778146,36.027081
63283,-95.778100,36.027097
63284,-95.778069,36.027111
63343,-95.778229,36.027204
63342,-95.778196,36.027213
63341,-95.778180,36.027219
63340,-95.778001,36.027297
63339,-95.777955,36.027342
63338,-95.777933,36.027365
63285,-95.777869,36.027211
63286,-95.777846,36.027233
63287,-95.777823,36.027256
63337,-95.777910,36.027387
63288,-95.777801,36.027279
63299,-95.777592,36.026550
63300,-95.777582,36.026551
63301,-95.777573,36.026553
63302,-95.777564,36.026554
63303,-95.777555,36.026556
63304,-95.777545,36.026558
63298,-95.777628,36.026684
63297,-95.777600,36.026688
63296,-95.777591,36.026690
63295,-95.777581,36.026692
63305,-95.777536,36.026559
63306,-95.777356,36.026598
63294,-95.777406,36.026730
63293,-95.777397,36.026732
63292,-95.777388,36.026735
63248,-95.776872,36.027173
63247,-95.776864,36.027177
63336,-95.777337,36.027807
63335,-95.777308,36.027824
63289,-95.777241,36.027695
63290,-95.777212,36.027712
63291,-95.777153,36.027745
63334,-95.777278,36.027840
63333,-95.777249,36.027857
63332,-95.777220,36.027873
63151,-95.776768,36.025041
63152,-95.776710,36.025041
63166,-95.776133,36.026124
63165,-95.776156,36.026171
63164,-95.776180,36.026221
63163,-95.776212,36.026293
63162,-95.776233,36.026341
63156,-95.776011,36.026243
63157,-95.776032,36.026291
63158,-95.776054,36.026339
63153,-95.775936,36.026093
63154,-95.775965,36.026152
63155,-95.775988,36.026199
63185,-95.774908,36.025081
63186,-95.774880,36.025081
63187,-95.774853,36.025081
63184,-95.775101,36.026130
63183,-95.775102,36.026289
63182,-95.775102,36.026342
63206,-95.774931,36.026183
63207,-95.774931,36.026236
63208,-95.774932,36.026289
63209,-95.774932,36.026342
63246,-95.776739,36.027238
63307,-95.776458,36.027139
63308,-95.776290,36.027145
63309,-95.776292,36.027171
63161,-95.776255,36.026390
63159,-95.776075,36.026387
63160,-95.776097,36.026436
63310,-95.776295,36.027810
63311,-95.776295,36.027832
63312,-95.776295,36.027854
63313,-95.776295,36.027877
63331,-95.776277,36.028027
63330,-95.776269,36.028026
63329,-95.776262,36.028026
63328,-95.776255,36.028026
63327,-95.776101,36.028025
63319,-95.775565,36.027221
63318,-95.775565,36.027244
63317,-95.775565,36.027268
63320,-95.775395,36.027221
63321,-95.775395,36.027244
63322,-95.775395,36.027268
63181,-95.775103,36.026394
63180,-95.775103,36.026447
63210,-95.774933,36.026447
63211,-95.774933,36.026500
63316,-95.775565,36.027796
63315,-95.775565,36.027820
63314,-95.775565,36.027868
63323,-95.775395,36.027796
63324,-95.775395,36.027820
63325,-95.775395,36.027844
63326,-95.775395,36.027868
63188,-95.774225,36.025081
63189,-95.774198,36.025081
63190,-95.774171,36.025081
63205,-95.774147,36.026183
63204,-95.774147,36.026236
63203,-95.774146,36.026262
63202,-95.774146,36.026315
63201,-95.774146,36.026342
63191,-95.773977,36.026130
63192,-95.773977,36.026183
63193,-95.773977,36.026236
63194,-95.773976,36.026289
63195,-95.773976,36.026342
63221,-95.773167,36.025039
63226,-95.772793,36.025201
63225,-95.772692,36.025202
63220,-95.773168,36.025710
63219,-95.772961,36.025950
63218,-95.772928,36.025957
63217,-95.772895,36.025963
63216,-95.772862,36.025970
63278,-95.774589,36.027222
63277,-95.774589,36.027245
63276,-95.774589,36.027268
63264,-95.774420,36.027199
63265,-95.774419,36.027222
63266,-95.774419,36.027268
63200,-95.774145,36.026394
63199,-95.774145,36.026500
63196,-95.773975,36.026394
63197,-95.773975,36.026447
63198,-95.773975,36.026500
63275,-95.774585,36.027754
63274,-95.774585,36.027777
63273,-95.774585,36.027800
63272,-95.774585,36.027823
63271,-95.774585,36.027847
63267,-95.774415,36.027766
63268,-95.774415,36.027800
63269,-95.774415,36.027823
63270,-95.774415,36.027847
63212,-95.773423,36.026541
63213,-95.773409,36.026541
63214,-95.773395,36.026541
63215,-95.773380,36.026541
63263,-95.773558,36.027514
63262,-95.773422,36.027673
63227,-95.772084,36.025071
63228,-95.772050,36.025071
63229,-95.772017,36.025071
63224,-95.772069,36.025209
63222,-95.772573,36.025854
63223,-95.771719,36.025855
63236,-95.772047,36.025997
63235,-95.772016,36.025996
63234,-95.771986,36.025996
63233,-95.771955,36.025996
63241,-95.771291,36.025359
63249,-95.771121,36.025362
63232,-95.771118,36.025600
63231,-95.771118,36.025610
63230,-95.771117,36.025724
63237,-95.772331,36.027000
63239,-95.772365,36.027034
63240,-95.772382,36.027051
63238,-95.772348,36.027017
63381,-95.769799,36.028271
63380,-95.769770,36.028269
63382,-95.769546,36.028129
63384,-95.768685,36.027823
63383,-95.768923,36.028123
62999,-95.779530,36.031723
63348,-95.772758,36.031891
63254,-95.772164,36.029751
63253,-95.772111,36.029753
63252,-95.772059,36.029754
63242,-95.771140,36.028579
63243,-95.771153,36.028630
63245,-95.771178,36.028733
63257,-95.771178,36.028733
63244,-95.771165,36.028681
63250,-95.771288,36.029638
63251,-95.771294,36.029776
63255,-95.772241,36.030511
63261,-95.772241,36.030649
63259,-95.772412,36.031241
63260,-95.772354,36.031241
63258,-95.772412,36.031379
63349,-95.771716,36.031891
63256,-95.771301,36.030511
63377,-95.768685,36.031891
63379,-95.768559,36.029507
63378,-95.768555,36.029685
63371,-95.768385,36.029612
63372,-95.768386,36.029721
63373,-95.768387,36.029831
63374,-95.768387,36.029904
63387,-95.768885,36.025848
63386,-95.769055,36.026322
63388,-95.768885,36.026867
63385,-95.769055,36.027025
63389,-95.768790,36.027250
63390,-95.768499,36.027260
63370,-95.768497,36.027398
63395,-95.765495,36.026129
63396,-95.765325,36.026129
63397,-95.765325,36.026161
63398,-95.765325,36.026352
63393,-95.765495,36.026399
63394,-95.765495,36.026431
63399,-95.765325,36.026415
63392,-95.765495,36.027067
63391,-95.765495,36.027083
63400,-95.765189,36.027241
63401,-95.764975,36.027241
63369,-95.765491,36.027934
63368,-95.765490,36.028092
63362,-95.765490,36.028159
63363,-95.765320,36.028114
63367,-95.765489,36.028182
63364,-95.765319,36.028205
63375,-95.768402,36.031549
63376,-95.768403,36.031731
63352,-95.767198,36.031334
63351,-95.767208,36.031744
63350,-95.767000,36.031889
63366,-95.765488,36.028498
63365,-95.765305,36.029400
63353,-95.766102,36.031888
63354,-95.765883,36.031887
63360,-95.764121,36.027379
63361,-95.763527,36.027241
63402,-95.762506,36.027241
63359,-95.762340,36.027241
63355,-95.763781,36.031884
63356,-95.763671,36.031883
63357,-95.762817,36.031882
63358,-95.762686,36.031882
63125,-95.768596,36.019621
63089,-95.768913,36.019759
63088,-95.768870,36.019759
63087,-95.768827,36.019759
63086,-95.768783,36.019759
63085,-95.768740,36.019759
63084,-95.768697,36.019759
63126,-95.768533,36.019621
63127,-95.768408,36.019621
63128,-95.768346,36.019621
63129,-95.768283,36.019621
63130,-95.768015,36.019621
63003,-95.767645,36.019516
63004,-95.767645,36.019555
63005,-95.767645,36.019607
63007,-95.767969,36.019759
63006,-95.767964,36.019759
63075,-95.770235,36.021084
63074,-95.770235,36.021108
63073,-95.770235,36.021132
63072,-95.770235,36.021157
63059,-95.770065,36.021108
63060,-95.770065,36.021132
63061,-95.770065,36.021157
63071,-95.770226,36.021576
63070,-95.770226,36.021590
63069,-95.770225,36.021762
63068,-95.770225,36.021885
63067,-95.770225,36.022008
63066,-95.770225,36.022131
63065,-95.770225,36.022254
63062,-95.770056,36.021573
63063,-95.770056,36.021596
63045,-95.769867,36.021611
63044,-95.769952,36.021749
63043,-95.769910,36.021749
63042,-95.769867,36.021749
63079,-95.769260,36.020418
63080,-95.769229,36.020419
63058,-95.769249,36.020556
63056,-95.769233,36.020557
63057,-95.769233,36.020557
63081,-95.768952,36.020421
63082,-95.768801,36.020421
63053,-95.768598,36.020559
63054,-95.768598,36.020559
63055,-95.768598,36.020559
63046,-95.768973,36.021611
63041,-95.768973,36.021749
63047,-95.768888,36.021611
63048,-95.768846,36.021611
63040,-95.768888,36.021749
63049,-95.768803,36.021611
63039,-95.768803,36.021749
63038,-95.768761,36.021749
63064,-95.770225,36.022377
63029,-95.769981,36.022391
63030,-95.769953,36.022391
63031,-95.769924,36.022391
63028,-95.770009,36.022529
63027,-95.769981,36.022529
63026,-95.769953,36.022529
63025,-95.769924,36.022529
63407,-95.770338,36.023710
63408,-95.770338,36.023710
63410,-95.770338,36.023710
63411,-95.770338,36.023710
63412,-95.770338,36.023710
63409,-95.770243,36.023709
63032,-95.769330,36.022394
63033,-95.769302,36.022394
63034,-95.769274,36.022394
63035,-95.769246,36.022394
63036,-95.769217,36.022394
63037,-95.769189,36.022394
63024,-95.769330,36.022532
63023,-95.769302,36.022532
63022,-95.769274,36.022532
63021,-95.769246,36.022532
63020,-95.769217,36.022532
63019,-95.769189,36.022532
63018,-95.768623,36.022535
63017,-95.768595,36.022535
63083,-95.768571,36.020421
63008,-95.768018,36.020421
63052,-95.767752,36.021099
63051,-95.767752,36.021122
63050,-95.767753,36.021146
63009,-95.767581,36.021042
63010,-95.767582,36.021065
63011,-95.767582,36.021101
63012,-95.767583,36.021148
63013,-95.767720,36.021619
63014,-95.767745,36.022178
63015,-95.767745,36.022282
63016,-95.767745,36.022387
63405,-95.768167,36.023839
63406,-95.768136,36.023839
63414,-95.765428,36.021911
63413,-95.765626,36.023016
63417,-95.764709,36.023694
63404,-95.764711,36.023832
63415,-95.763503,36.021915
63416,-95.763540,36.022053
63418,-95.763235,36.023702
63403,-95.762682,36.023705
63098,-95.769888,36.017961
63099,-95.769600,36.017961
63108,-95.769600,36.018099
63100,-95.768849,36.017961
63101,-95.768813,36.017961
63102,-95.768777,36.017961
63103,-95.768741,36.017961
63104,-95.768706,36.017961
63107,-95.768741,36.018099
63105,-95.768670,36.017961
63106,-95.768670,36.018099
63097,-95.770245,36.018693
63096,-95.770245,36.018721
63095,-95.770245,36.018750
63109,-95.769968,36.018821
63110,-95.769878,36.018821
63123,-95.769968,36.018959
63122,-95.769923,36.018959
63094,-95.770245,36.019477
63093,-95.770245,36.019503
63092,-95.770245,36.019529
63091,-95.770245,36.019555
63124,-95.769972,36.019621
63090,-95.770058,36.019759
63111,-95.768933,36.018821
63112,-95.768843,36.018821
63121,-95.768933,36.018959
63120,-95.768888,36.018959
63119,-95.768843,36.018959
63113,-95.768798,36.018821
63114,-95.768753,36.018821
63115,-95.768663,36.018821
63118,-95.768753,36.018959
63117,-95.768708,36.018959
63116,-95.768663,36.018959
63076,-95.770048,36.020411
63077,-95.770031,36.020411
63078,-95.770014,36.020411
52594,-95.782148,36.017361
52595,-95.782139,36.017361
52596,-95.782128,36.017361
52598,-95.781932,36.017361
52599,-95.781928,36.017361
52600,-95.781829,36.017361
50443,-95.779809,36.017499
63002,-95.779701,36.019404
63001,-95.779695,36.023267
61210,-95.779525,36.023267
59342,-95.792039,36.019689
59346,-95.791932,36.019553
59341,-95.791938,36.019691
59347,-95.791831,36.019556
59340,-95.791837,36.019694
59348,-95.791731,36.019559
59349,-95.791630,36.019561
59339,-95.791737,36.019697
59338,-95.791636,36.019699
59350,-95.791529,36.019564
59337,-95.791535,36.019702
59351,-95.791428,36.019566
59336,-95.791434,36.019704
59111,-95.791183,36.019380
59112,-95.791184,36.019408
59352,-95.791180,36.019569
59335,-95.791176,36.019707
59098,-95.790288,36.018497
59097,-95.790282,36.018519
59096,-95.790276,36.018541
59353,-95.790894,36.019564
59334,-95.790890,36.019702
59354,-95.790608,36.019560
59333,-95.790604,36.019698
59355,-95.790322,36.019556
59332,-95.790318,36.019694
59083,-95.789927,36.018680
59084,-95.789918,36.018680
59085,-95.789889,36.018687
59095,-95.790055,36.018779
59094,-95.790028,36.018791
59093,-95.789981,36.018809
59092,-95.789951,36.018816
59091,-95.789922,36.018822
59086,-95.789263,36.018713
59087,-95.789232,36.018712
59090,-95.789259,36.018851
59089,-95.789228,36.018850
59088,-95.789198,36.018850
59356,-95.790037,36.019552
59361,-95.790037,36.019552
59331,-95.790033,36.019690
59360,-95.789894,36.019550
59357,-95.789751,36.019548
59330,-95.789747,36.019686
59359,-95.789608,36.019546
59328,-95.789604,36.019684
59358,-95.789323,36.019542
59329,-95.789319,36.019680
59196,-95.793178,36.022819
59254,-95.793180,36.022957
59311,-95.792236,36.020355
59312,-95.792166,36.020354
59044,-95.792181,36.020492
59063,-95.792924,36.021624
59062,-95.792889,36.021759
59046,-95.792747,36.021641
59047,-95.792735,36.021686
59048,-95.792723,36.021731
59185,-95.793118,36.022138
59061,-95.792877,36.021804
59060,-95.792865,36.021849
59059,-95.792854,36.021894
59049,-95.792711,36.021776
59050,-95.792699,36.021821
59051,-95.792688,36.021866
59313,-95.792096,36.020353
59314,-95.792026,36.020353
59315,-95.791956,36.020352
59043,-95.792115,36.020492
59042,-95.792050,36.020491
59316,-95.791718,36.020351
59041,-95.791718,36.020489
59223,-95.791913,36.020979
59222,-95.791914,36.021004
59221,-95.791914,36.021028
59224,-95.791743,36.020981
59317,-95.791542,36.020351
59318,-95.791367,36.020351
59040,-95.791521,36.020489
59319,-95.791191,36.020351
59039,-95.791325,36.020489
59038,-95.791129,36.020489
59207,-95.791167,36.022267
59058,-95.792651,36.022746
59057,-95.792649,36.022778
59197,-95.793145,36.022819
59198,-95.793112,36.022819
59199,-95.793080,36.022820
59253,-95.793147,36.022957
59252,-95.793114,36.022957
59056,-95.792648,36.022811
59250,-95.792677,36.022959
59249,-95.792661,36.022959
59052,-95.792486,36.022675
59053,-95.792484,36.022708
59054,-95.792483,36.022740
59055,-95.792481,36.022772
59248,-95.792424,36.022959
59200,-95.792299,36.022821
59247,-95.792354,36.022959
59246,-95.792285,36.022959
59201,-95.792236,36.022821
59245,-95.792216,36.022959
59202,-95.791369,36.022578
59206,-95.791298,36.022354
59205,-95.791281,36.022367
59204,-95.791263,36.022380
59203,-95.791246,36.022393
59208,-95.791149,36.022280
59209,-95.791132,36.022293
59210,-95.791115,36.022306
59243,-95.791324,36.022747
59242,-95.791208,36.022637
59244,-95.791470,36.022859
59320,-95.791016,36.020351
59037,-95.790933,36.020489
59321,-95.790840,36.020351
59322,-95.790665,36.020351
59036,-95.790737,36.020489
59225,-95.790673,36.021141
59226,-95.790616,36.021141
59323,-95.790489,36.020351
59035,-95.790541,36.020489
59034,-95.790345,36.020489
59324,-95.790314,36.020351
59325,-95.790138,36.020351
59033,-95.790149,36.020489
59227,-95.790558,36.021141
59228,-95.790501,36.021141
59229,-95.790444,36.021141
59230,-95.790386,36.021141
59231,-95.790329,36.021141
59220,-95.790730,36.021279
59219,-95.790673,36.021279
59218,-95.790616,36.021279
59217,-95.790558,36.021279
59216,-95.790501,36.021279
59215,-95.790444,36.021279
59212,-95.790576,36.021860
59213,-95.790550,36.021840
59214,-95.790525,36.021819
59234,-95.790349,36.021870
59238,-95.790449,36.021951
59237,-95.790424,36.021931
59236,-95.790399,36.021910
59235,-95.790374,36.021890
59233,-95.790324,36.021849
59232,-95.790299,36.021829
59326,-95.789848,36.020351
59032,-95.789848,36.020489
59327,-95.789584,36.020351
59031,-95.789584,36.020489
59030,-95.789321,36.020489
59362,-95.789135,36.020231
59363,-95.789135,36.020258
59364,-95.789135,36.020284
59365,-95.789135,36.020310
59366,-95.789135,36.020337
59029,-95.789108,36.020491
59028,-95.789083,36.020492
59211,-95.791064,36.022290
59241,-95.791092,36.022527
59240,-95.790948,36.022392
59239,-95.790925,36.022370
58950,-95.791915,36.025416
58951,-95.791860,36.025416
58952,-95.791804,36.025416
58953,-95.791749,36.025416
58984,-95.791860,36.025554
58983,-95.791804,36.025554
58982,-95.791749,36.025554
58954,-95.791693,36.025416
58955,-95.791638,36.025415
58981,-95.791693,36.025554
58980,-95.791638,36.025553
58986,-95.791912,36.026171
59007,-95.791912,36.026309
58987,-95.791856,36.026171
58988,-95.791800,36.026171
59006,-95.791856,36.026309
59005,-95.791800,36.026309
58989,-95.791743,36.026171
58990,-95.791687,36.026171
58991,-95.791631,36.026171
59004,-95.791743,36.026309
59003,-95.791687,36.026309
59002,-95.791631,36.026309
58956,-95.791582,36.025415
58957,-95.791527,36.025415
58979,-95.791582,36.025553
58978,-95.791527,36.025553
58992,-95.791574,36.026171
58993,-95.791518,36.026171
59001,-95.791574,36.026309
59000,-95.791518,36.026309
58958,-95.790360,36.025411
58959,-95.790305,36.025411
58960,-95.790249,36.025411
58977,-95.790305,36.025549
58976,-95.790249,36.025549
58961,-95.790194,36.025411
58962,-95.790126,36.025418
58975,-95.790194,36.025549
58994,-95.790279,36.026171
58995,-95.790223,36.026171
58999,-95.790279,36.026309
58998,-95.790223,36.026309
58996,-95.790167,36.026171
58974,-95.790093,36.026133
58973,-95.790094,36.026157
58997,-95.790167,36.026309
58963,-95.789922,36.026042
58964,-95.789922,36.026065
58965,-95.789922,36.026089
58966,-95.789923,36.026112
58967,-95.789923,36.026135
58968,-95.789924,36.026159
58940,-95.790363,36.027070
59016,-95.790301,36.026931
59017,-95.790238,36.026931
58939,-95.790299,36.027069
58938,-95.790236,36.027069
59018,-95.790175,36.026931
58972,-95.790095,36.026917
58937,-95.790173,36.027069
58936,-95.790110,36.027069
58969,-95.789925,36.026844
58970,-95.789925,36.026868
58971,-95.789925,36.026880
59019,-95.789908,36.026931
59020,-95.789851,36.026931
58935,-95.789908,36.027069
58934,-95.789851,36.027069
59021,-95.789823,36.026931
59022,-95.789794,36.026931
59023,-95.789766,36.026931
59024,-95.789738,36.026931
59025,-95.789709,36.026931
58933,-95.789794,36.027069
58932,-95.789766,36.027069
58931,-95.789738,36.027069
58930,-95.789709,36.027069
59026,-95.789681,36.026931
59027,-95.789653,36.026931
58929,-95.789681,36.027069
58928,-95.789653,36.027069
58927,-95.789624,36.027069
58926,-95.789596,36.027069
50435,-95.786614,36.017499
50438,-95.786082,36.017361
50439,-95.785781,36.017361
59367,-95.788353,36.024444
59368,-95.788353,36.024494
59369,-95.788353,36.024527
59370,-95.788347,36.025285
59371,-95.788347,36.025301
59372,-95.788346,36.025384
59373,-95.788346,36.025400
59374,-95.788346,36.025417
59375,-95.788341,36.026059
59376,-95.788341,36.026125
59377,-95.788340,36.026241
62913,-95.788335,36.027082
62914,-95.788335,36.027654
62912,-95.788505,36.028133
62915,-95.788335,36.028112
62911,-95.788505,36.028180
50434,-95.783531,36.017499
50433,-95.783422,36.017499
50432,-95.783378,36.017499
50431,-95.783334,36.017499
50440,-95.783427,36.017361
50441,-95.783352,36.017361
50442,-95.783277,36.017361
59077,-95.793285,36.018405
59076,-95.793285,36.018457
59075,-95.793285,36.018508
59074,-95.793285,36.018560
59073,-95.793285,36.018612
59072,-95.793285,36.018663
59071,-95.793285,36.018715
59070,-95.793285,36.018767
59069,-95.793292,36.019126
59068,-95.793305,36.019397
59067,-95.793318,36.019614
59066,-95.793278,36.019881
59065,-95.793230,36.020056
59140,-95.793115,36.018457
59141,-95.793115,36.018508
59142,-95.793115,36.018560
59143,-95.793115,36.018612
59144,-95.793115,36.018663
59145,-95.793115,36.018715
59127,-95.792305,36.018554
59126,-95.792305,36.018584
59125,-95.792305,36.018615
59124,-95.792305,36.018645
59123,-95.792305,36.018676
59128,-95.792135,36.018584
59129,-95.792135,36.018615
59130,-95.792135,36.018645
59131,-95.792135,36.018676
59120,-95.792497,36.018897
59119,-95.792437,36.018895
59122,-95.792305,36.018706
59121,-95.792305,36.018737
59118,-95.792377,36.018893
59117,-95.792318,36.018892
59132,-95.792135,36.018706
59133,-95.792135,36.018737
59344,-95.792134,36.019548
59343,-95.792140,36.019686
59116,-95.792080,36.018885
59115,-95.792010,36.018883
59114,-95.791939,36.018882
59113,-95.791868,36.018881
59104,-95.791155,36.018421
59139,-95.791325,36.018471
59138,-95.791325,36.018520
59137,-95.791325,36.018569
59136,-95.791325,36.018618
59135,-95.791325,36.018667
59105,-95.791155,36.018471
59106,-95.791155,36.018520
59107,-95.791155,36.018569
59108,-95.791155,36.018618
59109,-95.791155,36.018667
59134,-95.791325,36.018717
59110,-95.791155,36.018717
59345,-95.792033,36.019551
59169,-95.796703,36.021207
59170,-95.796703,36.021224
59295,-95.795997,36.020696
59296,-95.795960,36.020697
59297,-95.795942,36.020697
59298,-95.795905,36.020698
59299,-95.795869,36.020699
59168,-95.796075,36.020832
59167,-95.795855,36.021040
59166,-95.795855,36.021049
59165,-95.795855,36.021058
59300,-95.795655,36.020696
59301,-95.795624,36.020695
59162,-95.795685,36.021040
59163,-95.795685,36.021049
59164,-95.795685,36.021058
59171,-95.795950,36.021727
59172,-95.795913,36.021728
59173,-95.795876,36.021728
59174,-95.795839,36.021729
59175,-95.795802,36.021729
59286,-95.795970,36.021865
59285,-95.795933,36.021866
59284,-95.795896,36.021866
59283,-95.795859,36.021867
59282,-95.795822,36.021867
59264,-95.796073,36.022949
59263,-95.796041,36.022949
59262,-95.796009,36.022949
59272,-95.795865,36.022788
59271,-95.795865,36.022792
59270,-95.795865,36.022797
59261,-95.795945,36.022949
59273,-95.795695,36.022788
59274,-95.795695,36.022792
59275,-95.795695,36.022797
59302,-95.794919,36.020674
59303,-95.794714,36.020659
59161,-95.794885,36.021052
59160,-95.794885,36.021063
59159,-95.794885,36.021074
59155,-95.794715,36.021052
59156,-95.794715,36.021063
59157,-95.794715,36.021074
59158,-95.794715,36.021085
59304,-95.794683,36.020654
59176,-95.795064,36.021944
59177,-95.795031,36.021959
59178,-95.794999,36.021973
59281,-95.795176,36.022050
59280,-95.795144,36.022064
59279,-95.795111,36.022079
59278,-95.795079,36.022093
59305,-95.793971,36.020651
59306,-95.793941,36.020651
59307,-95.793911,36.020651
59308,-95.793695,36.020651
59309,-95.793669,36.020651
59154,-95.793895,36.021182
59153,-95.793895,36.021201
59152,-95.793895,36.021219
59151,-95.793895,36.021238
59146,-95.793725,36.021182
59147,-95.793725,36.021201
59148,-95.793725,36.021219
59149,-95.793725,36.021238
59310,-95.793642,36.020651
59064,-95.793182,36.020230
59150,-95.793895,36.021257
59179,-95.794145,36.022056
59180,-95.794120,36.022056
59181,-95.794094,36.022056
59191,-95.794131,36.022194
59190,-95.794105,36.022194
59182,-95.793507,36.022052
59183,-95.793482,36.022052
59184,-95.793456,36.022052
59189,-95.793531,36.022190
59188,-95.793505,36.022190
59187,-95.793480,36.022190
59186,-95.793454,36.022190
59277,-95.794893,36.022773
59192,-95.794723,36.022775
59260,-95.795098,36.022949
59259,-95.795067,36.022949
59258,-95.795036,36.022949
59276,-95.794894,36.022797
59193,-95.794724,36.022799
59194,-95.793934,36.022815
59257,-95.794018,36.022952
59256,-95.793953,36.022953
59195,-95.793901,36.022815
59255,-95.793920,36.022953
59045,-95.792970,36.020375
59251,-95.793077,36.025109
50436,-95.788298,36.017499
50437,-95.787966,36.017361
59103,-95.790315,36.017970
59102,-95.790315,36.017992
59101,-95.790315,36.018015
59100,-95.790315,36.018037
59099,-95.790315,36.018059
59078,-95.790145,36.017970
59079,-95.790145,36.017992
59080,-95.790145,36.018015
59081,-95.790145,36.018037
59082,-95.790145,36.018059
59293,-95.796927,36.020682
59294,-95.796923,36.020682
59292,-95.796874,36.021195
59291,-95.796873,36.021213
59290,-95.796873,36.021231
59289,-95.796872,36.021248
59288,-95.796872,36.021266
59287,-95.796855,36.022512
59267,-95.796855,36.022607
59266,-95.796855,36.022797
59268,-95.796685,36.022683
59269,-95.796685,36.022797
58888,-95.796439,36.028209
58889,-95.795316,36.028220
58885,-95.793463,36.028228
58886,-95.793502,36.028366
58884,-95.793345,36.028228
58883,-95.793345,36.028366
58882,-95.793267,36.028367
58985,-95.792912,36.026134
59008,-95.792899,36.026905
59009,-95.792216,36.026941
59010,-95.792181,36.026941
58949,-95.792252,36.027079
58948,-95.792216,36.027079
58947,-95.792181,36.027079
58881,-95.793111,36.028230
58946,-95.792165,36.028079
58880,-95.792314,36.028231
59011,-95.791947,36.026939
59012,-95.791884,36.026939
59013,-95.791820,36.026939
59014,-95.791757,36.026938
58943,-95.791818,36.027077
58942,-95.791755,36.027076
59015,-95.791694,36.026938
58941,-95.791692,36.027076
58944,-95.791995,36.028171
58945,-95.791995,36.028217
58878,-95.791112,36.028231
58879,-95.791024,36.028369
58877,-95.790979,36.028369
58875,-95.790935,36.028231
58874,-95.790913,36.028231
58873,-95.790891,36.028231
58876,-95.790935,36.028369
58887,-95.795215,36.029614
58891,-95.795215,36.029681
58892,-95.795215,36.029748
58894,-95.795215,36.029815
58896,-95.795215,36.029882
58899,-95.795425,36.030029
58898,-95.795276,36.030167
58890,-95.795045,36.029647
58893,-95.795045,36.029782
58895,-95.795045,36.029849
58897,-95.795028,36.030168
58900,-95.794923,36.030167
58901,-95.793432,36.030022
58902,-95.793294,36.030159
58903,-95.793276,36.030021
58912,-95.793101,36.029575
58911,-95.793102,36.029675
58913,-95.792931,36.029642
58910,-95.793102,36.029774
58914,-95.792932,36.029708
58915,-95.792932,36.029774
58905,-95.793121,36.030021
58904,-95.793121,36.030159
58916,-95.792111,36.030021
58917,-95.792111,36.030159
58919,-95.791904,36.030021
58918,-95.791119,36.030159
58909,-95.793105,36.031590
58908,-95.793105,36.031728
58906,-95.792935,36.031728
62134,-95.793121,36.031881
58907,-95.792935,36.031797
62135,-95.791977,36.031876
62136,-95.791831,36.031875
62137,-95.791794,36.031875
62133,-95.791847,36.032013
62132,-95.791810,36.032013
62145,-95.790859,36.029610
62144,-95.790858,36.029676
62146,-95.790688,36.029674
62147,-95.790688,36.029740
62148,-95.790687,36.029773
62149,-95.790686,36.029873
58920,-95.791015,36.030021
58925,-95.790953,36.030159
58924,-95.790933,36.030159
58923,-95.790912,36.030159
58922,-95.790891,36.030159
58921,-95.790871,36.030159
62150,-95.790685,36.030006
62143,-95.790861,36.031444
62142,-95.790861,36.031478
62151,-95.790691,36.031306
62152,-95.790691,36.031375
62141,-95.790862,36.031547
62140,-95.790862,36.031616
62139,-95.790863,36.031685
62138,-95.791082,36.031872
62903,-95.790067,36.031873
63421,-95.790023,36.032011
62910,-95.788513,36.029018
62909,-95.788513,36.029069
62916,-95.788343,36.029021
62917,-95.788343,36.029054
62918,-95.788343,36.029071
62908,-95.788515,36.029252
62919,-95.788345,36.029438
62927,-95.788104,36.029104
62907,-95.788515,36.029481
62920,-95.788345,36.029532
62906,-95.788521,36.031224
62905,-95.788522,36.031316
62904,-95.788523,36.031729
62162,-95.792484,36.032971
62157,-95.792293,36.032808
62161,-95.792356,36.032955
62158,-95.792249,36.032803
62159,-95.792199,36.032793
62160,-95.792228,36.032939
62479,-95.791778,36.034209
62494,-95.791459,36.034552
62495,-95.791454,36.034685
62496,-95.791449,36.034818
62493,-95.790913,36.034216
62921,-95.788337,36.031881
62922,-95.787957,36.031883
62923,-95.786618,36.031891
62924,-95.786260,36.031891
62925,-95.786170,36.031891
62926,-95.786081,36.031891
62928,-95.783839,36.031891
62929,-95.783839,36.031891
63420,-95.783789,36.032029
62610,-95.783435,36.034089
62611,-95.783416,36.034085
62612,-95.783375,36.034081
62613,-95.783356,36.034081
62627,-95.783372,36.034217
62541,-95.786658,36.036706
62542,-95.786658,36.036766
62543,-95.786659,36.036826
62544,-95.786660,36.036887
62545,-95.786660,36.036947
62555,-95.785725,36.036875
62554,-95.785725,36.036917
62556,-95.785555,36.036875
62202,-95.796104,36.034505
62203,-95.796057,36.034505
62204,-95.796011,36.034506
62208,-95.795842,36.034410
62205,-95.795965,36.034507
62206,-95.795918,36.034507
62207,-95.795840,36.034455
62176,-95.795675,36.034384
62177,-95.795673,36.034428
62189,-95.796236,36.035500
62201,-95.796131,36.034642
62200,-95.796085,36.034643
62199,-95.796038,36.034644
62198,-95.795992,36.034644
62197,-95.795945,36.034645
62196,-95.795835,36.035022
62190,-95.796199,36.035363
62191,-95.796137,36.035364
62188,-95.796174,36.035502
62187,-95.796113,36.035503
62192,-95.796076,36.035366
62193,-95.796015,36.035368
62186,-95.796051,36.035505
62185,-95.795990,36.035506
62194,-95.795953,36.035369
62195,-95.795913,36.035370
62184,-95.795929,36.035508
62183,-95.795847,36.035499
62178,-95.795665,36.034662
62179,-95.795665,36.034824
62180,-95.795665,36.034986
62181,-95.795665,36.035148
62182,-95.795674,36.035326
62345,-95.795767,36.036201
62344,-95.795809,36.036339
62346,-95.795682,36.036201
62347,-95.795619,36.036191
62343,-95.795622,36.036333
62348,-95.795537,36.036175
62342,-95.795540,36.036317
62341,-95.795458,36.036301
62349,-95.795455,36.036159
62350,-95.795395,36.036141
62351,-95.795358,36.036126
62340,-95.795357,36.036279
62339,-95.795319,36.036263
62173,-95.795179,36.033409
62172,-95.794968,36.033393
62239,-95.794853,36.033173
62238,-95.794853,36.033208
62243,-95.794682,36.033051
62244,-95.794682,36.033086
62245,-95.794682,36.033122
62246,-95.794683,36.033157
62247,-95.794683,36.033192
62248,-95.793944,36.033248
62171,-95.793994,36.033386
62170,-95.793962,36.033386
62169,-95.793930,36.033386
62254,-95.793862,36.033057
62253,-95.793862,36.033075
62252,-95.793862,36.033111
62251,-95.793863,36.033146
62250,-95.793863,36.033182
62249,-95.793912,36.033248
62255,-95.793692,36.033095
62256,-95.793692,36.033130
62257,-95.793693,36.033166
62258,-95.793693,36.033202
62259,-95.793694,36.033238
62168,-95.793898,36.033386
62486,-95.793737,36.034071
62487,-95.793690,36.034071
62488,-95.793644,36.034071
62489,-95.793418,36.034071
62429,-95.793418,36.034209
62485,-95.793183,36.034209
62358,-95.794830,36.035704
62357,-95.794832,36.035726
62356,-95.794834,36.035748
62355,-95.794835,36.035770
62354,-95.794837,36.035792
62353,-95.794914,36.035892
62352,-95.794920,36.035896
62359,-95.794664,36.035734
62360,-95.794666,36.035756
62425,-95.793678,36.035256
62424,-95.793707,36.035271
62428,-95.793644,36.035175
62427,-95.793626,36.035197
62426,-95.793649,36.035241
62430,-95.793502,36.035099
62265,-95.792875,36.032734
62153,-95.792705,36.032751
62264,-95.792875,36.032769
62263,-95.792875,36.032804
62262,-95.792875,36.032839
62261,-95.792875,36.033022
62154,-95.792705,36.032786
62155,-95.792705,36.032821
62156,-95.792705,36.032857
62260,-95.793006,36.033235
62167,-95.793067,36.033381
62166,-95.793032,36.033377
62165,-95.792997,36.033373
62164,-95.792962,36.033369
62163,-95.792612,36.032987
62490,-95.793125,36.034071
62491,-95.793027,36.034071
62484,-95.792949,36.034209
62492,-95.792832,36.034071
62483,-95.792715,36.034209
62482,-95.792480,36.034209
62481,-95.792246,36.034209
62480,-95.792012,36.034209
62472,-95.792156,36.034901
62423,-95.792889,36.036199
62422,-95.792817,36.036329
62421,-95.792774,36.036456
62420,-95.792731,36.036594
62431,-95.792589,36.036491
62432,-95.792567,36.036560
62473,-95.792044,36.034901
62471,-95.792119,36.035039
62470,-95.792044,36.035039
62474,-95.791969,36.034901
62475,-95.791893,36.034901
62469,-95.791969,36.035039
62468,-95.791893,36.035039
62476,-95.791818,36.034901
62467,-95.791818,36.035039
62477,-95.791743,36.034901
62478,-95.791706,36.034901
62464,-95.791617,36.035419
62466,-95.791615,36.035052
62497,-95.791445,36.035052
62465,-95.791616,36.035235
62498,-95.791446,36.035240
62499,-95.791448,36.035429
62463,-95.791619,36.035603
62462,-95.791620,36.035787
62461,-95.791622,36.035971
62460,-95.791623,36.036155
62459,-95.791625,36.036338
62458,-95.791626,36.036522
62500,-95.791449,36.035618
62501,-95.791451,36.035806
62502,-95.791452,36.035995
62503,-95.791454,36.036184
62504,-95.791455,36.036372
62505,-95.791457,36.036561
62292,-95.796835,36.037811
62293,-95.796808,36.037811
62294,-95.796781,36.037811
62291,-95.796795,36.037949
62290,-95.796815,36.038488
62289,-95.796815,36.038514
62288,-95.796815,36.038539
62287,-95.796815,36.038578
62319,-95.796582,36.037951
62295,-95.796460,36.037816
62296,-95.796228,36.037822
62318,-95.796383,36.037956
62320,-95.796645,36.038578
62304,-95.796211,36.037007
62305,-95.796150,36.037008
62306,-95.796089,36.037009
62307,-95.796028,36.037009
62308,-95.795967,36.037010
62309,-95.795889,36.037020
62310,-95.795860,36.037026
62303,-95.796213,36.037145
62302,-95.796152,36.037146
62301,-95.796091,36.037147
62300,-95.796030,36.037147
62299,-95.795969,36.037148
62298,-95.795927,36.037154
62311,-95.795668,36.037591
62312,-95.795667,36.037615
62297,-95.795996,36.037828
62317,-95.796184,36.037961
62316,-95.795986,36.037967
62313,-95.795667,36.037639
62314,-95.795667,36.037663
62315,-95.795666,36.037688
64904,-95.796492,36.039605
64905,-95.796473,36.039604
64906,-95.796455,36.039604
64192,-95.796484,36.039743
62321,-95.796098,36.038668
62286,-95.796147,36.038806
62285,-95.796121,36.038806
62322,-95.796072,36.038668
62323,-95.796047,36.038668
62284,-95.796096,36.038806
62283,-95.796070,36.038806
62324,-95.795487,36.038665
62325,-95.795462,36.038664
62282,-95.795485,36.038803
62281,-95.795460,36.038802
64907,-95.795413,36.039701
64908,-95.795372,36.039701
64909,-95.795331,36.039701
64915,-95.795393,36.039839
64914,-95.795352,36.039839
64910,-95.795290,36.039701
64913,-95.795310,36.039839
64912,-95.795269,36.039839
64918,-95.795503,36.040468
64928,-95.795503,36.040468
64919,-95.795469,36.040469
64929,-95.795469,36.040469
64934,-95.795523,36.040606
64924,-95.795488,36.040607
64933,-95.795488,36.040607
64920,-95.795434,36.040469
64930,-95.795434,36.040469
64921,-95.795400,36.040470
64923,-95.795453,36.040607
64932,-95.795453,36.040607
64922,-95.795419,36.040607
64931,-95.795419,36.040607
62338,-95.794745,36.037358
62337,-95.794745,36.037461
62336,-95.794745,36.037564
62361,-95.794575,36.037358
62362,-95.794575,36.037409
62363,-95.794575,36.037512
62364,-95.794575,36.037616
62335,-95.794745,36.037667
62334,-95.794745,36.037770
62333,-95.794745,36.037874
62332,-95.794745,36.037977
62331,-95.794745,36.038080
62330,-95.794745,36.038183
62329,-95.794745,36.038286
62328,-95.794745,36.038390
62327,-95.794745,36.038493
62326,-95.794745,36.038596
62365,-95.794575,36.037719
62366,-95.794575,36.037822
62367,-95.794575,36.037925
62368,-95.794575,36.038028
62369,-95.794575,36.038132
62370,-95.794575,36.038235
62371,-95.794575,36.038338
62372,-95.794575,36.038441
62373,-95.794575,36.038544
62374,-95.794575,36.038648
62388,-95.793794,36.036639
62387,-95.793725,36.036984
62386,-95.793725,36.037231
62385,-95.793725,36.037292
62384,-95.793725,36.037477
62383,-95.793725,36.037600
62389,-95.793611,36.036662
62390,-95.793579,36.036792
62391,-95.793562,36.036915
62392,-95.793555,36.037046
62393,-95.793555,36.037169
62394,-95.793555,36.037292
62395,-95.793555,36.037415
62396,-95.793555,36.037539
62382,-95.793725,36.037723
62381,-95.793725,36.037847
62380,-95.793725,36.037970
62379,-95.793725,36.038093
62378,-95.793725,36.038216
62377,-95.793725,36.038339
62376,-95.793725,36.038463
62375,-95.793725,36.038586
62397,-95.793555,36.037662
62398,-95.793555,36.037785
62399,-95.793555,36.037908
62400,-95.793555,36.038031
62401,-95.793555,36.038155
62402,-95.793555,36.038278
62403,-95.793555,36.038401
62404,-95.793555,36.038524
62405,-95.793555,36.038648
62280,-95.794798,36.038799
62279,-95.794772,36.038799
64911,-95.795183,36.039728
62278,-95.793900,36.038799
62277,-95.793860,36.038799
62276,-95.793820,36.038799
62275,-95.793800,36.038799
62274,-95.793538,36.038799
62273,-95.793183,36.038799
62419,-95.792711,36.036725
62418,-95.792694,36.036867
62417,-95.792695,36.037004
62416,-95.792695,36.037147
62415,-95.792695,36.037290
62414,-95.792695,36.037433
62413,-95.792695,36.037576
62433,-95.792543,36.036713
62434,-95.792535,36.036784
62435,-95.792525,36.036932
62436,-95.792525,36.037075
62437,-95.792525,36.037218
62438,-95.792525,36.037361
62412,-95.792695,36.037718
62411,-95.792695,36.037861
62410,-95.792695,36.038004
62409,-95.792695,36.038147
62408,-95.792695,36.038290
62407,-95.792695,36.038433
62406,-95.792695,36.038576
62439,-95.792525,36.037647
62440,-95.792525,36.037790
62441,-95.792525,36.037933
62442,-95.792525,36.038076
62443,-95.792525,36.038219
62444,-95.792525,36.038362
62445,-95.792525,36.038505
62446,-95.792525,36.038648
62457,-95.791628,36.036706
62456,-95.791629,36.036890
62455,-95.791631,36.037074
62454,-95.791632,36.037258
62453,-95.791634,36.037442
62452,-95.791635,36.037625
62506,-95.791458,36.036750
62507,-95.791460,36.036938
62508,-95.791461,36.037127
62509,-95.791463,36.037316
62510,-95.791464,36.037504
62451,-95.791637,36.037809
62450,-95.791638,36.037993
62449,-95.791640,36.038177
62448,-95.791641,36.038361
62447,-95.791643,36.038545
62511,-95.791466,36.037693
62512,-95.791467,36.037882
62513,-95.791469,36.038070
62514,-95.791470,36.038259
62515,-95.791472,36.038448
62516,-95.791474,36.038637
62272,-95.792947,36.038799
62271,-95.792711,36.038799
62270,-95.791797,36.038790
62269,-95.791758,36.038790
62268,-95.791719,36.038789
62267,-95.791679,36.038789
62266,-95.791454,36.038784
62522,-95.790138,36.036866
62521,-95.790137,36.036918
62520,-95.790136,36.036971
62519,-95.790136,36.037023
62518,-95.790135,36.037076
62517,-95.790135,36.037129
62536,-95.789967,36.036916
62537,-95.789966,36.036969
62538,-95.789966,36.037021
62539,-95.789965,36.037074
62540,-95.789965,36.037127
62535,-95.789163,36.036903
62534,-95.789158,36.037065
62533,-95.789157,36.037120
62819,-95.789228,36.038222
62818,-95.789227,36.038279
62817,-95.789227,36.038336
62816,-95.789227,36.038393
62802,-95.789058,36.038250
62803,-95.789057,36.038307
62804,-95.789057,36.038364
62805,-95.789057,36.038393
62815,-95.789226,36.038450
62814,-95.789226,36.038507
62813,-95.789225,36.038564
62812,-95.789225,36.038621
62811,-95.789225,36.038678
64945,-95.793076,36.042181
64946,-95.793012,36.042181
64947,-95.792949,36.042181
64948,-95.792822,36.042181
64949,-95.792695,36.042181
64950,-95.792663,36.042181
64962,-95.793012,36.042319
64961,-95.792949,36.042319
64960,-95.792885,36.042319
64959,-95.792822,36.042319
64958,-95.792758,36.042319
64951,-95.792631,36.042181
64957,-95.792568,36.042319
64956,-95.792504,36.042319
64955,-95.792441,36.042319
64954,-95.791126,36.042310
64953,-95.791072,36.042310
64952,-95.791018,36.042309
62105,-95.790723,36.042392
62527,-95.788995,36.036845
62528,-95.788993,36.036899
62529,-95.788992,36.036953
62530,-95.788990,36.037007
62531,-95.788988,36.037061
62532,-95.788987,36.037116
62806,-95.789056,36.038450
62807,-95.789056,36.038507
62808,-95.789055,36.038564
62809,-95.789055,36.038621
62801,-95.788223,36.038321
62800,-95.788224,36.038388
62799,-95.788224,36.038454
62798,-95.788207,36.038534
62797,-95.788176,36.038622
62772,-95.788041,36.038506
62773,-95.788036,36.038546
62774,-95.787990,36.038601
62775,-95.787947,36.038616
62792,-95.787748,36.038628
62776,-95.787321,36.038633
62782,-95.787165,36.038370
62781,-95.787165,36.038439
62780,-95.787162,36.038483
62778,-95.787218,36.038589
62777,-95.787240,36.038611
62779,-95.787191,36.038548
62786,-95.787033,36.038596
62810,-95.789055,36.038678
62796,-95.788130,36.038677
62795,-95.788035,36.038732
62794,-95.787835,36.038763
62793,-95.787754,36.038766
62791,-95.787463,36.038769
62790,-95.787378,36.038769
62789,-95.787267,36.038763
62788,-95.787186,36.038741
62787,-95.787086,36.038675
62546,-95.786661,36.037007
62547,-95.786662,36.037067
62548,-95.786663,36.037128
62783,-95.786995,36.038370
62784,-95.786995,36.038439
62785,-95.787004,36.038531
62771,-95.786144,36.038379
62770,-95.786141,36.038449
62769,-95.786138,36.038519
62768,-95.786135,36.038589
62553,-95.785725,36.036959
62552,-95.785725,36.037001
62551,-95.785725,36.037043
62550,-95.785725,36.037085
62557,-95.785555,36.036917
62558,-95.785555,36.036959
62559,-95.785555,36.037001
62560,-95.785555,36.037043
62549,-95.785725,36.037127
62753,-95.785973,36.038410
62754,-95.785971,36.038445
62755,-95.785968,36.038515
62756,-95.785965,36.038585
62757,-95.785962,36.038655
62767,-95.786132,36.038659
62766,-95.786129,36.038729
62765,-95.786126,36.038799
62764,-95.786120,36.038939
62763,-95.786118,36.039009
62758,-95.785959,36.038725
62759,-95.785956,36.038795
62760,-95.785953,36.038865
62761,-95.785950,36.038935
62762,-95.785948,36.039005
62073,-95.788398,36.040951
62074,-95.788255,36.040952
62104,-95.788257,36.041090
62076,-95.787127,36.040959
62077,-95.787084,36.040959
62078,-95.787042,36.040959
62075,-95.787149,36.040960
62097,-95.786912,36.041096
62219,-95.796807,36.033254
62218,-95.796807,36.033304
62217,-95.796806,36.033353
62216,-95.796806,36.033403
62215,-95.796805,36.033453
62214,-95.796805,36.033502
62220,-95.796637,36.033279
62221,-95.796636,36.033329
62222,-95.796636,36.033378
62223,-95.796636,36.033428
62224,-95.796635,36.033477
62225,-95.796635,36.033527
62212,-95.796886,36.033730
62213,-95.796822,36.033592
62211,-95.796833,36.033730
62210,-95.796611,36.033721
62226,-95.796477,36.033573
62209,-95.796411,36.033705
62227,-95.796194,36.033531
62231,-95.795723,36.033097
62228,-95.795869,36.033455
62230,-95.795664,36.033223
62229,-95.795640,36.033273
62232,-95.795565,36.033047
62233,-95.795542,36.033097
62234,-95.795518,36.033147
62235,-95.795494,36.033198
62236,-95.795470,36.033248
62175,-95.795555,36.033496
62237,-95.795447,36.033299
62174,-95.795368,36.033440
62242,-95.794852,36.033067
62241,-95.794852,36.033102
62240,-95.794853,36.033137
62093,-95.786080,36.041090
62096,-95.785973,36.041090
62079,-95.784972,36.040945
62095,-95.784991,36.041083
62080,-95.784929,36.040945
62094,-95.784949,36.041083
62106,-95.790499,36.043361
62107,-95.790471,36.043361
62108,-95.790443,36.043361
62109,-95.790358,36.043361
62110,-95.790273,36.043361
62114,-95.790245,36.043499
62111,-95.789111,36.043358
62112,-95.789103,36.043357
62103,-95.787341,36.042158
62102,-95.787347,36.042970
62098,-95.787177,36.042970
62099,-95.787183,36.044205
64925,-95.796265,36.041213
64183,-95.796435,36.041283
64926,-95.796265,36.041241
64927,-95.796265,36.041269
64182,-95.796426,36.042046
64181,-95.796426,36.042075
64180,-95.796425,36.042134
64179,-95.796425,36.042163
64935,-95.796255,36.042117
64936,-95.796255,36.042146
64937,-95.796255,36.042176
64938,-95.795312,36.042185
64939,-95.795270,36.042185
64940,-95.795229,36.042185
64969,-95.795291,36.042323
64968,-95.795250,36.042323
64166,-95.796691,36.043564
64165,-95.796655,36.043564
64164,-95.796618,36.043564
64163,-95.796582,36.043565
64178,-95.795997,36.043071
64177,-95.795961,36.043104
64176,-95.795924,36.043137
64175,-95.795888,36.043169
64174,-95.795851,36.043202
64970,-95.795780,36.043061
64971,-95.795743,36.043094
64173,-95.795814,36.043235
64167,-95.796035,36.043420
64169,-95.795900,36.043387
64170,-95.795871,36.043369
64168,-95.795967,36.043403
64172,-95.795778,36.043268
64972,-95.795707,36.043127
64973,-95.795670,36.043160
64974,-95.795634,36.043193
64162,-95.795698,36.043431
64161,-95.795670,36.043413
64160,-95.795601,36.043404
64159,-95.795560,36.043429
64941,-95.794365,36.042181
64942,-95.794324,36.042181
64943,-95.794283,36.042181
64944,-95.794201,36.042181
64967,-95.794365,36.042319
64966,-95.794324,36.042319
64965,-95.794283,36.042319
64964,-95.794242,36.042319
64963,-95.794201,36.042319
64171,-95.794909,36.043381
64975,-95.794344,36.043381
64976,-95.794331,36.043381
64158,-95.794375,36.043519
64977,-95.794221,36.043381
64157,-95.794196,36.044294
64156,-95.794195,36.044370
64155,-95.794194,36.044446
64136,-95.794026,36.044311
64137,-95.794025,36.044387
64138,-95.794024,36.044463
64978,-95.792900,36.043374
64979,-95.792788,36.043373
64980,-95.792676,36.043373
64981,-95.792564,36.043372
64135,-95.792637,36.043511
64134,-95.792562,36.043510
64133,-95.792525,36.043510
64982,-95.792490,36.043372
64983,-95.792266,36.043371
64132,-95.792301,36.043509
64984,-95.792229,36.043371
64131,-95.792175,36.044154
64130,-95.792175,36.044237
64126,-95.792289,36.044355
64127,-95.792248,36.044354
64128,-95.792248,36.044354
64129,-95.792193,36.044353
64110,-95.792005,36.044220
64111,-95.792005,36.044237
64985,-95.791035,36.043362
62131,-95.790885,36.043305
62116,-95.790641,36.043499
62115,-95.790584,36.043499
62130,-95.790885,36.044142
62117,-95.790715,36.044193
64112,-95.791099,36.044358
64113,-95.791055,36.044358
64114,-95.791033,36.044358
64115,-95.791057,36.044496
62129,-95.790473,36.044496
62128,-95.790374,36.044495
62118,-95.790177,36.044356
64154,-95.794187,36.045169
64153,-95.794186,36.045245
64152,-95.794185,36.045321
64150,-95.794184,36.045397
64151,-95.794184,36.045397
64149,-95.794177,36.046120
64139,-95.794017,36.045186
64140,-95.794016,36.045262
64141,-95.794014,36.045414
64148,-95.794176,36.046196
64147,-95.794175,36.046272
64142,-95.794007,36.046137
64143,-95.794006,36.046213
64144,-95.794005,36.046289
64125,-95.792167,36.045142
64124,-95.792166,36.045159
64120,-95.792279,36.045347
64121,-95.792255,36.045346
64122,-95.792232,36.045345
64123,-95.792185,36.045344
64119,-95.792212,36.045483
64118,-95.792215,36.046184
64117,-95.791165,36.045485
64107,-95.790715,36.045151
64108,-95.790715,36.045219
64109,-95.790715,36.045219
64116,-95.791077,36.045486
64191,-95.796435,36.040347
64190,-95.796435,36.040376
64189,-95.796435,36.040404
64188,-95.796435,36.040432
64916,-95.796265,36.040390
64917,-95.796265,36.040418
64187,-95.796435,36.041171
64186,-95.796435,36.041199
64185,-95.796435,36.041227
64184,-95.796435,36.041255
59592,-95.796287,36.047327
59593,-95.796257,36.047327
59594,-95.796226,36.047327
59572,-95.796380,36.048459
59571,-95.796287,36.048459
59595,-95.796196,36.047327
59596,-95.796073,36.047328
59597,-95.796012,36.047329
59546,-95.795845,36.047140
59598,-95.795951,36.047329
59599,-95.795845,36.047300
59591,-95.796106,36.047466
59547,-95.795675,36.047284
59573,-95.796037,36.048321
59574,-95.796006,36.048321
59545,-95.795837,36.048105
59544,-95.795836,36.048206
59543,-95.795835,36.048240
59542,-95.795835,36.048291
59570,-95.796069,36.048459
59456,-95.794818,36.046381
59457,-95.794779,36.046381
59458,-95.794740,36.046381
59459,-95.794701,36.046381
59381,-95.794191,36.046519
64146,-95.794175,36.046329
64145,-95.794005,36.046366
59380,-95.793898,36.046519
59600,-95.794777,36.047331
59601,-95.794777,36.047331
59602,-95.794735,36.047331
59603,-95.794735,36.047331
59604,-95.794693,36.047331
59590,-95.794756,36.047469
59563,-95.794629,36.047192
59605,-95.794631,36.047331
59564,-95.794463,36.047152
59565,-95.794460,36.047200
59566,-95.794453,36.047296
59575,-95.794809,36.048321
59576,-95.794704,36.048321
59569,-95.794809,36.048459
59568,-95.794788,36.048459
59562,-95.794607,36.048105
59561,-95.794606,36.048139
59577,-95.794683,36.048321
59559,-95.794605,36.048308
59560,-95.794605,36.048308
59567,-95.794436,36.048188
59606,-95.793556,36.047331
59607,-95.793514,36.047331
59610,-95.793380,36.047153
59609,-95.793383,36.047201
59608,-95.793384,36.047233
59589,-95.793597,36.047469
59588,-95.793514,36.047469
59587,-95.793473,36.047469
59586,-95.793431,36.047469
59578,-95.793421,36.048321
59585,-95.793215,36.048238
59476,-95.793484,36.048459
59537,-95.796226,36.049308
59538,-95.796133,36.049306
59539,-95.796071,36.049305
59540,-95.795853,36.049302
59541,-95.795835,36.049170
59536,-95.796191,36.049446
59535,-95.796035,36.049443
59534,-95.795973,36.049442
59533,-95.795911,36.049441
59548,-95.795665,36.049187
59549,-95.795665,36.049270
59550,-95.795665,36.049287
59551,-95.794767,36.049301
59552,-95.794704,36.049301
59532,-95.794851,36.049439
59531,-95.794746,36.049439
59530,-95.794704,36.049439
59558,-95.794605,36.049104
59477,-95.794435,36.049120
59557,-95.794605,36.049187
59556,-95.794605,36.049220
59555,-95.794605,36.049253
59553,-95.794662,36.049301
59554,-95.794621,36.049301
59478,-95.794435,36.049287
59529,-95.794662,36.049439
59528,-95.794621,36.049439
59480,-95.793686,36.049423
59479,-95.793667,36.049423
59579,-95.792437,36.048321
59580,-95.792417,36.048321
59581,-95.792396,36.048321
59582,-95.792375,36.048321
59475,-95.792396,36.048459
59521,-95.795974,36.050317
59522,-95.795911,36.050318
59520,-95.796134,36.050452
59519,-95.796103,36.050453
59518,-95.795978,36.050455
59517,-95.795915,36.050456
59384,-95.796562,36.051295
59516,-95.796156,36.051127
59523,-95.794862,36.050291
59524,-95.794758,36.050288
59527,-95.794612,36.050132
59526,-95.794612,36.050166
59481,-95.794441,36.050085
59482,-95.794442,36.050151
59483,-95.794442,36.050168
59525,-95.794613,36.050199
59484,-95.794443,36.050218
59383,-95.796108,36.046516
59382,-95.796046,36.046516
59460,-95.792473,36.046381
59379,-95.792417,36.046519
59471,-95.792420,36.047323
59472,-95.792358,36.047322
59473,-95.792337,36.047322
59474,-95.792295,36.047321
59470,-95.792181,36.047279
59584,-95.792376,36.047460
59583,-95.792314,36.047460
59469,-95.792175,36.048102
59461,-95.792022,36.047129
59462,-95.792020,36.047160
59463,-95.792018,36.047192
59464,-95.792013,36.047271
59465,-95.792011,36.047303
59466,-95.792005,36.048119
59467,-95.792005,36.048119
59468,-95.792005,36.048153
59378,-95.791062,36.046502
62119,-95.789568,36.044351
62120,-95.789215,36.044420
62127,-95.789108,36.044486
62126,-95.789082,36.044486
62125,-95.789073,36.044486
60790,-95.790877,36.047121
62113,-95.789131,36.044135
62121,-95.789068,36.044347
62122,-95.788999,36.044346
62124,-95.789056,36.044485
62123,-95.787814,36.044457
62100,-95.787180,36.044248
62101,-95.787178,36.044291
59679,-95.803333,36.048691
59678,-95.803334,36.048756
59699,-95.803163,36.048674
59700,-95.803163,36.048730
59755,-95.801898,36.048798
59756,-95.801654,36.048810
59445,-95.804110,36.051494
59444,-95.803634,36.051631
59443,-95.803516,36.051630
59442,-95.803456,36.051630
59677,-95.803335,36.048976
59676,-95.803335,36.049085
59701,-95.803165,36.049139
59675,-95.803335,36.049193
59674,-95.803335,36.049302
59673,-95.803335,36.049411
59672,-95.803335,36.049520
59702,-95.802962,36.049577
59703,-95.802958,36.049578
59671,-95.803045,36.049713
59670,-95.802935,36.049767
59754,-95.802451,36.048916
59753,-95.802411,36.048916
59752,-95.802371,36.048916
59704,-95.802704,36.049581
59666,-95.802666,36.049719
59705,-95.802619,36.049581
59706,-95.802534,36.049582
59707,-95.802450,36.049583
59665,-95.802584,36.049720
59664,-95.802502,36.049720
59663,-95.802420,36.049721
59751,-95.802153,36.048924
59750,-95.801908,36.048936
59708,-95.802365,36.049583
59709,-95.802280,36.049584
59710,-95.802195,36.049585
59662,-95.802338,36.049722
59661,-95.802256,36.049722
59660,-95.802174,36.049723
59711,-95.802110,36.049585
59659,-95.802091,36.049723
59749,-95.801664,36.048948
59748,-95.801420,36.048960
59669,-95.802935,36.051298
59446,-95.803278,36.051492
59441,-95.803337,36.051630
59440,-95.803218,36.051629
59447,-95.803069,36.051491
59448,-95.803010,36.051491
59439,-95.803099,36.051629
59438,-95.802980,36.051629
59667,-95.802765,36.051085
59668,-95.802765,36.051156
59437,-95.802747,36.051627
59436,-95.802665,36.051625
59449,-95.802542,36.051484
59435,-95.802503,36.051621
59450,-95.801459,36.051159
59434,-95.801404,36.051293
59747,-95.801161,36.048961
59712,-95.800499,36.049597
59713,-95.800414,36.049598
59658,-95.800531,36.049735
59657,-95.800449,36.049735
59451,-95.801206,36.051152
59433,-95.801058,36.051292
59432,-95.800906,36.051295
59431,-95.800755,36.051298
59430,-95.800603,36.051301
59452,-95.800478,36.051165
59782,-95.802335,36.047455
59781,-95.802335,36.047478
59780,-95.802335,36.047502
59779,-95.802335,36.047525
59778,-95.802335,36.047549
59777,-95.802335,36.047572
59776,-95.802335,36.047595
59766,-95.802165,36.047638
59767,-95.802165,36.047674
59768,-95.802165,36.047709
59769,-95.802165,36.047744
59770,-95.802165,36.047779
59771,-95.802165,36.047815
59772,-95.802165,36.047850
59765,-95.801367,36.047549
59764,-95.801366,36.047578
59763,-95.801366,36.047608
59762,-95.801366,36.047638
59761,-95.801365,36.047819
59760,-95.801365,36.047855
59775,-95.802335,36.047994
59774,-95.802335,36.048017
59773,-95.802165,36.047885
59759,-95.801365,36.047890
59758,-95.801365,36.047925
59731,-95.801197,36.047523
59732,-95.801196,36.047551
59733,-95.801196,36.047579
59739,-95.801195,36.047820
59740,-95.801195,36.047856
59734,-95.800712,36.047643
59738,-95.800710,36.047781
59735,-95.800690,36.047642
59736,-95.800667,36.047642
59737,-95.800688,36.047780
59741,-95.801195,36.047893
59757,-95.801181,36.048825
59742,-95.801003,36.048580
59743,-95.800999,36.048616
59744,-95.800994,36.048653
59745,-95.800990,36.048689
59746,-95.800986,36.048726
59726,-95.799655,36.047548
59725,-95.799655,36.047763
59615,-95.799485,36.047548
59616,-95.799485,36.047763
59724,-95.799655,36.047977
59723,-95.799655,36.048192
59617,-95.799485,36.047977
59618,-95.799485,36.048192
60176,-95.798665,36.047921
59627,-95.798082,36.048572
59714,-95.800329,36.049598
59722,-95.800145,36.049102
59715,-95.800244,36.049599
59721,-95.800145,36.049451
59720,-95.800145,36.049470
59719,-95.800145,36.049490
59718,-95.800145,36.049509
59717,-95.800145,36.049528
59716,-95.800145,36.049548
59656,-95.800285,36.049737
59655,-95.800203,36.049737
59628,-95.799975,36.049509
59629,-95.799975,36.049528
59630,-95.799975,36.049548
59631,-95.799975,36.049567
59632,-95.799975,36.049587
59654,-95.799957,36.049737
59653,-95.799919,36.049736
59429,-95.800300,36.051306
59428,-95.800149,36.051309
59427,-95.799997,36.051312
59426,-95.799846,36.051315
59453,-95.799605,36.051181
59425,-95.799694,36.051317
59454,-95.799314,36.051186
59424,-95.799543,36.051320
59423,-95.799391,36.051323
59638,-95.799185,36.049521
59637,-95.799185,36.049530
59636,-95.799185,36.049539
59635,-95.799185,36.049549
59634,-95.799185,36.049558
59633,-95.799185,36.049567
59652,-95.799294,36.049730
59651,-95.799275,36.049730
59650,-95.799218,36.049730
59649,-95.799200,36.049730
59639,-95.799015,36.049521
59640,-95.799015,36.049530
59641,-95.799015,36.049539
59642,-95.799015,36.049549
59643,-95.799015,36.049558
59644,-95.799015,36.049567
59648,-95.798998,36.049729
59647,-95.798869,36.049729
59646,-95.798740,36.049729
59645,-95.798611,36.049729
59455,-95.799169,36.051189
59422,-95.799239,36.051326
59421,-95.799088,36.051329
59611,-95.799485,36.046828
59612,-95.799485,36.046847
59792,-95.800043,36.046866
59793,-95.799981,36.046865
59794,-95.799919,36.046864
59795,-95.799857,36.046864
59730,-95.799855,36.047002
59796,-95.799795,36.046863
59797,-95.799733,36.046862
59729,-95.799793,36.047001
59728,-95.799731,36.047000
59798,-95.799672,36.046862
59727,-95.799670,36.047000
59613,-95.799485,36.047119
59614,-95.799485,36.047333
60191,-95.798689,36.047126
60190,-95.798690,36.047183
60189,-95.798690,36.047240
60188,-95.798691,36.047296
60187,-95.798691,36.047353
60186,-95.798692,36.047410
60185,-95.798692,36.047466
60184,-95.798692,36.047523
60183,-95.798693,36.047580
60182,-95.798693,36.047636
60181,-95.798694,36.047693
60180,-95.798694,36.047750
60179,-95.798689,36.047816
60178,-95.798684,36.047844
60164,-95.798523,36.047608
60165,-95.798523,36.047636
60166,-95.798524,36.047665
60167,-95.798524,36.047693
60168,-95.798524,36.047721
60169,-95.798524,36.047750
60170,-95.798524,36.047778
60171,-95.798521,36.047796
60172,-95.798516,36.047824
60174,-95.798513,36.047859
60173,-95.798511,36.047852
60177,-95.798679,36.047872
60175,-95.798498,36.047885
59619,-95.798042,36.048435
59620,-95.797965,36.048436
59626,-95.798005,36.048573
59625,-95.797890,36.048574
59621,-95.797888,36.048436
59622,-95.797811,36.048437
59624,-95.797851,36.048575
59623,-95.797774,36.048576
59690,-95.803315,36.046824
59689,-95.803315,36.046846
59688,-95.803315,36.047021
59687,-95.803315,36.047085
59686,-95.803316,36.047149
59685,-95.803317,36.047213
59684,-95.803317,36.047278
59683,-95.803318,36.047342
59691,-95.803148,36.047302
59692,-95.803148,36.047358
59682,-95.803319,36.047406
59681,-95.803319,36.047470
59680,-95.803320,36.047535
59693,-95.803149,36.047414
59694,-95.803149,36.047470
59695,-95.803150,36.047526
59696,-95.803151,36.047582
59697,-95.803151,36.047638
59698,-95.803152,36.047694
59784,-95.802480,36.046871
59785,-95.802443,36.046871
59786,-95.802406,36.046871
59787,-95.802369,36.046871
59788,-95.802147,36.046872
59789,-95.801894,36.046874
59783,-95.802335,36.047431
59790,-95.801642,36.046876
59791,-95.801390,36.046879
62849,-95.801464,36.034421
62850,-95.801450,36.034430
62848,-95.801855,36.034891
62847,-95.801402,36.035163
62864,-95.800365,36.033474
62863,-95.800365,36.033517
62894,-95.800913,36.033723
62893,-95.800851,36.033754
62892,-95.800757,36.033778
62858,-95.800632,36.033661
62859,-95.800588,36.033669
62860,-95.800565,36.033670
62862,-95.800365,36.033560
62861,-95.800365,36.033603
62891,-95.800365,36.034033
62890,-95.800365,36.034044
62889,-95.800365,36.034055
62888,-95.800365,36.034066
62877,-95.800195,36.033431
62878,-95.800195,36.033474
62879,-95.800195,36.033517
62880,-95.800195,36.033560
62881,-95.800195,36.033603
62882,-95.800195,36.033647
62883,-95.800195,36.034033
62884,-95.800195,36.034044
62885,-95.800195,36.034055
62886,-95.800195,36.034066
62887,-95.800195,36.034077
62851,-95.801030,36.034958
62846,-95.801231,36.035549
62845,-95.801026,36.035096
62844,-95.800930,36.035094
62836,-95.800715,36.035900
62837,-95.800447,36.035756
62838,-95.800431,36.035759
62839,-95.800416,36.035762
62840,-95.800401,36.035765
62835,-95.800353,36.036113
62834,-95.800342,36.036111
62833,-95.800332,36.036109
62832,-95.800322,36.036108
62852,-95.799958,36.035100
62843,-95.800022,36.035229
62853,-95.799855,36.035126
62841,-95.799968,36.035871
62830,-95.799968,36.036009
62831,-95.800299,36.036104
62842,-95.799707,36.035760
62820,-95.799537,36.035762
62821,-95.799537,36.035800
62822,-95.799536,36.035838
62823,-95.799535,36.036022
62829,-95.799705,36.036204
62828,-95.799705,36.036387
62827,-95.799705,36.036560
62826,-95.799705,36.036565
62825,-95.799705,36.036571
62824,-95.799535,36.036204
62902,-95.802060,36.032455
62901,-95.802017,36.032626
62900,-95.802000,36.032683
62899,-95.801983,36.032740
62898,-95.801949,36.032806
62897,-95.801919,36.032860
62896,-95.801889,36.032913
62895,-95.801859,36.032966
62854,-95.801411,36.033250
62855,-95.801381,36.033277
62856,-95.801351,36.033304
62868,-95.801190,36.032434
62869,-95.801161,36.032433
62870,-95.801131,36.032431
62871,-95.800442,36.032443
62872,-95.800412,36.032442
62873,-95.800383,36.032442
62874,-95.799858,36.032431
62875,-95.799844,36.032431
62876,-95.799831,36.032431
62867,-95.801123,36.032569
62857,-95.801321,36.033332
62866,-95.800438,36.032581
62865,-95.800408,36.032580
