36760,-97.477464,35.668834
36761,-97.477000,35.668846
36762,-97.476928,35.668848
37003,-97.477655,35.670821
37002,-97.477655,35.670865
37001,-97.477677,35.671933
37000,-97.477678,35.671978
36999,-97.477679,35.672022
36998,-97.477679,35.672044
36940,-97.477487,35.670823
36939,-97.477470,35.670809
36941,-97.477487,35.670866
36942,-97.477509,35.671914
36943,-97.477509,35.671958
36944,-97.477510,35.672001
36945,-97.477511,35.672045
36997,-97.477680,35.672067
36946,-97.477512,35.672067
36996,-97.477582,35.673055
36947,-97.477426,35.672988
36948,-97.477416,35.673031
36949,-97.477406,35.673074
36995,-97.477572,35.673099
36994,-97.477562,35.673143
36950,-97.477396,35.673117
36951,-97.477341,35.673273
36952,-97.477332,35.673294
36763,-97.476278,35.668957
36845,-97.476362,35.669214
36846,-97.476401,35.669499
36765,-97.476208,35.669115
36764,-97.476099,35.668995
36766,-97.476051,35.669147
36767,-97.475125,35.669162
36769,-97.474986,35.669164
36768,-97.475013,35.669302
36938,-97.476459,35.670788
36937,-97.476246,35.670767
36936,-97.476218,35.670765
36847,-97.475630,35.670571
36935,-97.475610,35.670707
36926,-97.476319,35.671484
36927,-97.476291,35.671481
36928,-97.476264,35.671479
36929,-97.476236,35.671477
36925,-97.476301,35.671620
36923,-97.476246,35.671615
36924,-97.476273,35.671617
36922,-97.476218,35.671613
36931,-97.475606,35.671423
36930,-97.475633,35.671425
36921,-97.475615,35.671561
36920,-97.475588,35.671559
36934,-97.475555,35.670702
42231,-97.474924,35.670691
42232,-97.474924,35.670691
42233,-97.474924,35.670691
36933,-97.474924,35.670749
36848,-97.474739,35.670542
36849,-97.474690,35.670542
36860,-97.474756,35.670751
36859,-97.474692,35.670680
36850,-97.474642,35.670542
36851,-97.474593,35.670543
36858,-97.474644,35.670680
36857,-97.474595,35.670681
36932,-97.475578,35.671421
36919,-97.475560,35.671557
36861,-97.474750,35.671420
36862,-97.474698,35.671419
36863,-97.474647,35.671419
36864,-97.474595,35.671418
36870,-97.474748,35.671558
36869,-97.474696,35.671557
36871,-97.474755,35.671716
36868,-97.474645,35.671557
36867,-97.474593,35.671556
36856,-97.474547,35.670681
36855,-97.474498,35.670682
36866,-97.474542,35.671556
36865,-97.474491,35.671556
36852,-97.473535,35.670534
36854,-97.473523,35.670672
36853,-97.473475,35.670669
36912,-97.476294,35.672390
36914,-97.476233,35.672382
36913,-97.476263,35.672386
36911,-97.476237,35.672522
36915,-97.476203,35.672378
36910,-97.476207,35.672518
36909,-97.476177,35.672514
36916,-97.475523,35.672299
36917,-97.475493,35.672298
36918,-97.475462,35.672297
36908,-97.475519,35.672437
36907,-97.475489,35.672436
36906,-97.475458,35.672435
36905,-97.475427,35.672435
36883,-97.474570,35.672419
36900,-97.475280,35.673120
36901,-97.475244,35.673119
36902,-97.475209,35.673119
36899,-97.475278,35.673258
36898,-97.475242,35.673257
36897,-97.475207,35.673257
36903,-97.475173,35.673118
36904,-97.475138,35.673118
36896,-97.475171,35.673256
36895,-97.475136,35.673256
36872,-97.474514,35.672281
36873,-97.474460,35.672281
36874,-97.474406,35.672282
36875,-97.474352,35.672282
36882,-97.474516,35.672419
36881,-97.474462,35.672419
36880,-97.474408,35.672420
36879,-97.474354,35.672420
36876,-97.474298,35.672282
36877,-97.474244,35.672283
36878,-97.474300,35.672420
36884,-97.474208,35.673111
36885,-97.474155,35.673111
36886,-97.474102,35.673111
36887,-97.474049,35.673111
36751,-97.476054,35.667402
36750,-97.476054,35.667637
36752,-97.475868,35.667652
36749,-97.476054,35.667804
36748,-97.476054,35.667809
36747,-97.476054,35.667815
36746,-97.476054,35.667820
36744,-97.475886,35.667815
36745,-97.475886,35.667820
36753,-97.475701,35.667654
36754,-97.475535,35.667656
36755,-97.475369,35.667659
36743,-97.475355,35.667832
36742,-97.475355,35.667843
36741,-97.475356,35.667854
36740,-97.475356,35.667865
36756,-97.475155,35.667658
36757,-97.475127,35.667658
36758,-97.475098,35.667658
36737,-97.475187,35.667845
36738,-97.475188,35.667856
36739,-97.475188,35.667867
36759,-97.475070,35.667657
36728,-97.474378,35.667403
36729,-97.474381,35.667559
36736,-97.474554,35.667802
36735,-97.474554,35.667812
36734,-97.474554,35.667823
36733,-97.474554,35.667834
36730,-97.474386,35.667802
36731,-97.474386,35.667812
36732,-97.474386,35.667823
36774,-97.473105,35.667871
36773,-97.473101,35.667940
36772,-97.472933,35.667934
36770,-97.473980,35.669155
36844,-97.473964,35.669291
36771,-97.472876,35.668423
36775,-97.472517,35.668935
36793,-97.472685,35.669069
36843,-97.472548,35.669994
36792,-97.472498,35.669074
36776,-97.471465,35.669000
36777,-97.471271,35.669017
36791,-97.471338,35.669149
36794,-97.472345,35.670037
36842,-97.472406,35.670280
36795,-97.472164,35.670364
36796,-97.471736,35.670907
36797,-97.471716,35.670933
36798,-97.471696,35.670958
36839,-97.472164,35.671347
36840,-97.472148,35.671338
36841,-97.472132,35.671329
36838,-97.472068,35.671459
36837,-97.472052,35.671450
36836,-97.472036,35.671441
36835,-97.472021,35.671432
36834,-97.471280,35.671656
36833,-97.471238,35.671704
36799,-97.471142,35.671578
36790,-97.470316,35.669476
36779,-97.470146,35.669271
36780,-97.470148,35.669478
36789,-97.470328,35.670747
36788,-97.470330,35.670895
36787,-97.470330,35.670954
36781,-97.470161,35.670778
36782,-97.470161,35.670838
36783,-97.470162,35.670897
36784,-97.470162,35.670956
36786,-97.470332,35.671102
36785,-97.470163,35.671074
36829,-97.471852,35.672297
36830,-97.471811,35.672295
36831,-97.471771,35.672294
36828,-97.471846,35.672435
36827,-97.471805,35.672433
36826,-97.471765,35.672432
36832,-97.471730,35.672292
36825,-97.471724,35.672430
36824,-97.471684,35.672429
36953,-97.475622,35.673991
36954,-97.475566,35.673991
36955,-97.475510,35.673991
36956,-97.475455,35.673991
36957,-97.475399,35.673991
39729,-97.476162,35.675765
40124,-97.476087,35.675901
40123,-97.475930,35.675883
40122,-97.475757,35.675802
36985,-97.475566,35.674129
36984,-97.475510,35.674129
36983,-97.475455,35.674129
36982,-97.475399,35.674129
39742,-97.475112,35.674716
39743,-97.475085,35.674720
39741,-97.475140,35.674852
39740,-97.475113,35.674856
39739,-97.475086,35.674860
39730,-97.475140,35.675676
39731,-97.475101,35.675697
39732,-97.475023,35.675738
39733,-97.474984,35.675759
40121,-97.474679,35.676062
40120,-97.474586,35.676081
36894,-97.474208,35.673249
36893,-97.474155,35.673249
36892,-97.474102,35.673249
36891,-97.474049,35.673249
36888,-97.473996,35.673111
36889,-97.473943,35.673111
36890,-97.473996,35.673249
36958,-97.473610,35.673990
36959,-97.473571,35.673989
36960,-97.472686,35.673983
36961,-97.472609,35.673983
36962,-97.472570,35.673983
36981,-97.474108,35.674129
39744,-97.474448,35.674780
39745,-97.474421,35.674780
39738,-97.474446,35.674918
39737,-97.474419,35.674918
36980,-97.473608,35.674128
39746,-97.473631,35.674452
39736,-97.473713,35.674958
39747,-97.473570,35.674885
40119,-97.474516,35.676087
40118,-97.474447,35.676093
40117,-97.474359,35.676096
39734,-97.474128,35.675922
39735,-97.474084,35.675909
36979,-97.472749,35.674122
36978,-97.472710,35.674121
36977,-97.472671,35.674121
36976,-97.472632,35.674121
36975,-97.472593,35.674121
39748,-97.473163,35.675240
40116,-97.473080,35.675403
40115,-97.472804,35.675453
39749,-97.472674,35.675336
39752,-97.472597,35.675290
39751,-97.472601,35.675303
39750,-97.472604,35.675315
36778,-97.470095,35.669022
38453,-97.468888,35.669567
38452,-97.468916,35.669646
38451,-97.468923,35.669707
38450,-97.468914,35.670363
38449,-97.468898,35.670426
38448,-97.468880,35.670486
38429,-97.468951,35.672001
38430,-97.468843,35.671286
38431,-97.468762,35.671220
38432,-97.468722,35.671197
38433,-97.468682,35.671173
38416,-97.468721,35.671380
38434,-97.468621,35.671139
38435,-97.468561,35.671104
38414,-97.468584,35.671285
38413,-97.468423,35.671193
38415,-97.468664,35.671332
38417,-97.468783,35.672001
36963,-97.471724,35.673977
36964,-97.471685,35.673977
36965,-97.471647,35.673976
36800,-97.470658,35.672262
36801,-97.470636,35.672262
36802,-97.470614,35.672262
36803,-97.470592,35.672262
36807,-97.470660,35.672400
36806,-97.470638,35.672400
36805,-97.470616,35.672400
36804,-97.470594,35.672400
36820,-97.471478,35.673131
36821,-97.471449,35.673131
36822,-97.471421,35.673131
36823,-97.471393,35.673131
36819,-97.471478,35.673269
36818,-97.471449,35.673269
36817,-97.471421,35.673269
36816,-97.471393,35.673269
36815,-97.470605,35.673281
36808,-97.470588,35.673132
36809,-97.470567,35.673132
36810,-97.470546,35.673132
36811,-97.470525,35.673132
36814,-97.470569,35.673270
36813,-97.470548,35.673270
36812,-97.470527,35.673270
36972,-97.470798,35.674109
36966,-97.470578,35.673971
36967,-97.470495,35.673971
36971,-97.470578,35.674109
36970,-97.470535,35.674109
36969,-97.470492,35.674109
36974,-97.471735,35.674115
36973,-97.471695,35.674115
40114,-97.472472,35.675516
39753,-97.472297,35.675408
40113,-97.472384,35.675533
40112,-97.472296,35.675550
39754,-97.472208,35.675425
39755,-97.470598,35.674993
40111,-97.470674,35.675115
39756,-97.470517,35.675029
40110,-97.470595,35.675151
40109,-97.470516,35.675187
36968,-97.470454,35.673971
38428,-97.468950,35.672082
38427,-97.468950,35.672162
38426,-97.468949,35.672242
38425,-97.468944,35.673004
38424,-97.468944,35.673084
38418,-97.468782,35.672082
38419,-97.468782,35.672162
38420,-97.468781,35.672242
38421,-97.468776,35.673004
38422,-97.468776,35.673084
38423,-97.468943,35.673166
39757,-97.470437,35.675066
39758,-97.470357,35.675102
39762,-97.470177,35.675083
39760,-97.470191,35.675096
39761,-97.470184,35.675089
40108,-97.470437,35.675223
40107,-97.470359,35.675259
39759,-97.470277,35.675139
40106,-97.470157,35.675352
40105,-97.470103,35.675377
40104,-97.470049,35.675402
39763,-97.469911,35.675307
38439,-97.468747,35.674137
38438,-97.468713,35.674136
38437,-97.468680,35.674135
39770,-97.468721,35.674911
39771,-97.468697,35.674919
39772,-97.468673,35.674927
39769,-97.468785,35.675039
39768,-97.468761,35.675047
39767,-97.468737,35.675055
39773,-97.468649,35.674935
40103,-97.469073,35.675854
39764,-97.468989,35.675734
39765,-97.468935,35.675759
40102,-97.469019,35.675879
40101,-97.468965,35.675904
39766,-97.468881,35.675784
40100,-97.468897,35.675931
40099,-97.468839,35.675949
40098,-97.468781,35.675967
40131,-97.475350,35.676883
40198,-97.475370,35.677019
40197,-97.475333,35.677023
40132,-97.475313,35.676887
40133,-97.475276,35.676891
40134,-97.475240,35.676894
40196,-97.475296,35.677027
40193,-97.474753,35.677399
40192,-97.474774,35.677430
40194,-97.474732,35.677369
40195,-97.474688,35.677326
40190,-97.474586,35.677437
40189,-97.474576,35.677428
40191,-97.474607,35.677467
40188,-97.474544,35.677405
40135,-97.474379,35.677335
40139,-97.473051,35.676651
40136,-97.473159,35.676731
40137,-97.473117,35.676698
40138,-97.473084,35.676674
40140,-97.472828,35.676575
40141,-97.472774,35.676571
40142,-97.472730,35.676571
40143,-97.472685,35.676571
40156,-97.472974,35.676778
40155,-97.472941,35.676755
40157,-97.473007,35.676802
40154,-97.472774,35.676709
40153,-97.472730,35.676709
40152,-97.472685,35.676709
40187,-97.473494,35.677652
40186,-97.473494,35.677661
40185,-97.473494,35.677671
40183,-97.473326,35.677652
40184,-97.473326,35.677661
40158,-97.472793,35.677558
40182,-97.472549,35.677730
40181,-97.472556,35.677768
44238,-97.473144,35.678702
44239,-97.473101,35.678703
44240,-97.473058,35.678703
44237,-97.473146,35.678840
44236,-97.473103,35.678841
44235,-97.473060,35.678841
44241,-97.473015,35.678704
44234,-97.473017,35.678842
44233,-97.472665,35.678997
44200,-97.472533,35.679165
40145,-97.471531,35.676479
40146,-97.471511,35.676475
40147,-97.471491,35.676471
40144,-97.471552,35.676484
40151,-97.471491,35.676613
40161,-97.471673,35.676706
40160,-97.471660,35.676746
40162,-97.471509,35.676672
40163,-97.471496,35.676712
40159,-97.472340,35.677601
40180,-97.472390,35.677790
40179,-97.472358,35.677737
40178,-97.471811,35.677786
40177,-97.471599,35.677808
40176,-97.471553,35.677812
40175,-97.471507,35.677817
40150,-97.471471,35.676609
40149,-97.471012,35.676521
40148,-97.470991,35.676519
40164,-97.471484,35.676752
44242,-97.472459,35.678710
44243,-97.472346,35.678709
44244,-97.472233,35.678708
44196,-97.472483,35.678868
44197,-97.472490,35.678938
44198,-97.472497,35.679009
44199,-97.472504,35.679080
44245,-97.471046,35.678701
44195,-97.471070,35.678839
44246,-97.470758,35.678701
44247,-97.470724,35.678701
44248,-97.470691,35.678701
44194,-97.470960,35.678839
44173,-97.470773,35.678851
44174,-97.470767,35.679085
44191,-97.471265,35.679649
44192,-97.471132,35.679511
44193,-97.471116,35.679511
44190,-97.471132,35.679649
44189,-97.471116,35.679649
44175,-97.470762,35.679320
44176,-97.470756,35.679663
40166,-97.470357,35.677398
40167,-97.470349,35.677384
40165,-97.470365,35.677412
40170,-97.470213,35.677472
40168,-97.470197,35.677444
40169,-97.470205,35.677458
40171,-97.470276,35.677804
40174,-97.470320,35.677938
40173,-97.470309,35.677939
40172,-97.470298,35.677940
40009,-97.468848,35.677629
40008,-97.468864,35.677695
40017,-97.468696,35.677695
40016,-97.468688,35.677673
40010,-97.468627,35.677471
40011,-97.468611,35.677471
40012,-97.468594,35.677471
40013,-97.468578,35.677471
40007,-97.468864,35.677739
40006,-97.468864,35.677784
40018,-97.468696,35.677739
40019,-97.468696,35.677784
44249,-97.470376,35.678701
44250,-97.470343,35.678701
44172,-97.469946,35.678866
44171,-97.469944,35.678941
44251,-97.469778,35.678858
44252,-97.469776,35.678941
44170,-97.469944,35.679021
44169,-97.469944,35.679101
44253,-97.469776,35.679021
44254,-97.469776,35.679101
44255,-97.469776,35.679180
44168,-97.469944,35.679858
44256,-97.469776,35.679858
40005,-97.468868,35.678772
40004,-97.468869,35.678817
40003,-97.468869,35.678862
40002,-97.468869,35.678907
40001,-97.468869,35.678952
40020,-97.468700,35.678772
40021,-97.468701,35.678862
40022,-97.468701,35.678907
40023,-97.468701,35.678952
40000,-97.468873,35.679895
40024,-97.468705,35.679895
38412,-97.467992,35.669603
38411,-97.467991,35.669684
38410,-97.467990,35.669765
38409,-97.467989,35.669846
36711,-97.467810,35.669449
36712,-97.467760,35.669448
36713,-97.467710,35.669447
36714,-97.467660,35.669447
36715,-97.467610,35.669446
38353,-97.467824,35.669601
38354,-97.467823,35.669682
38355,-97.467822,35.669763
36716,-97.467186,35.669442
36717,-97.467136,35.669441
36718,-97.467086,35.669441
36721,-97.467184,35.669580
36720,-97.467134,35.669579
36719,-97.467084,35.669579
38408,-97.467671,35.670732
38356,-97.467579,35.670616
38407,-97.467577,35.670781
38357,-97.467485,35.670665
38358,-97.467411,35.670684
38406,-97.467443,35.670818
38447,-97.468281,35.671359
38446,-97.468218,35.671441
38405,-97.467334,35.670835
38359,-97.466362,35.670652
38360,-97.466246,35.670618
38404,-97.466298,35.670780
38403,-97.466206,35.670752
38402,-97.466136,35.670742
38361,-97.466100,35.670608
38362,-97.465991,35.670627
38395,-97.465892,35.672049
38398,-97.465633,35.671652
38399,-97.465606,35.671620
38396,-97.465686,35.671724
38397,-97.465663,35.671691
38393,-97.465499,35.671737
38394,-97.465519,35.671762
38401,-97.465303,35.671293
38363,-97.465097,35.671163
38400,-97.465335,35.671321
38392,-97.465220,35.671422
38391,-97.465188,35.671394
38390,-97.465157,35.671367
38364,-97.464986,35.671118
38389,-97.464938,35.671250
39066,-97.464536,35.671916
39067,-97.464491,35.671885
39050,-97.464381,35.671989
38445,-97.467856,35.672137
38444,-97.467879,35.672244
38443,-97.467890,35.672341
38442,-97.467901,35.672437
38441,-97.467905,35.673501
38440,-97.467905,35.673538
39852,-97.467715,35.673355
39853,-97.466632,35.673400
38436,-97.468333,35.674128
39774,-97.468070,35.675072
39775,-97.468024,35.675029
40097,-97.467932,35.675152
39776,-97.466558,35.674877
39777,-97.466498,35.674878
40083,-97.466454,35.675032
40082,-97.466454,35.675122
40081,-97.466454,35.675212
40080,-97.466454,35.675302
40079,-97.466453,35.675401
40078,-97.466439,35.675490
40077,-97.466417,35.675586
40076,-97.466390,35.675673
39062,-97.466054,35.672698
39061,-97.466015,35.672715
39060,-97.465577,35.672920
39059,-97.465539,35.672938
39851,-97.465908,35.673713
39849,-97.465961,35.673775
39850,-97.465934,35.673745
39846,-97.465800,35.673827
39854,-97.465650,35.673670
39848,-97.465855,35.673887
39847,-97.465827,35.673857
39065,-97.465012,35.672827
39064,-97.465015,35.672875
39063,-97.465019,35.672924
39051,-97.464844,35.672835
39052,-97.464847,35.672883
39053,-97.464851,35.672932
39058,-97.465024,35.673119
39054,-97.464856,35.673101
39055,-97.464856,35.673119
39056,-97.464856,35.673506
39057,-97.464856,35.673524
39845,-97.465134,35.674048
39855,-97.465059,35.673925
39856,-97.465000,35.673946
39844,-97.465079,35.674067
39778,-97.466275,35.674875
39779,-97.466247,35.674873
39780,-97.466219,35.674871
40084,-97.466286,35.675032
40085,-97.466286,35.675122
40096,-97.466170,35.675005
39781,-97.465624,35.674868
40095,-97.465604,35.675006
39782,-97.465596,35.674870
40086,-97.466286,35.675212
40087,-97.466286,35.675302
40088,-97.466285,35.675383
40089,-97.466271,35.675472
40075,-97.466364,35.675761
39843,-97.464849,35.674117
39783,-97.464865,35.675029
39784,-97.464834,35.675012
39842,-97.464814,35.674120
39886,-97.465117,35.675260
40091,-97.465165,35.675383
40092,-97.465136,35.675294
40093,-97.465085,35.675216
39938,-97.464984,35.675352
39937,-97.464951,35.675298
39939,-97.464999,35.675407
38365,-97.463875,35.670767
38388,-97.463854,35.670904
39110,-97.463441,35.670150
39111,-97.463402,35.670151
39112,-97.463344,35.670152
38366,-97.463738,35.670761
38367,-97.463614,35.670761
38387,-97.463742,35.670899
38386,-97.463616,35.670899
38385,-97.463490,35.670899
39068,-97.464094,35.671688
39069,-97.463918,35.671635
39048,-97.463824,35.671755
39049,-97.464036,35.671818
39070,-97.463714,35.671603
39047,-97.463623,35.671733
39071,-97.463528,35.671589
39046,-97.463327,35.671726
38368,-97.463223,35.670761
38369,-97.463190,35.670761
39072,-97.462579,35.671771
39073,-97.462565,35.671779
39074,-97.462552,35.671787
39045,-97.462669,35.671887
39044,-97.462642,35.671903
39043,-97.462615,35.671919
39042,-97.462588,35.671935
39041,-97.462561,35.671952
39075,-97.462524,35.671804
39076,-97.462497,35.671820
39077,-97.462470,35.671836
39795,-97.463878,35.672540
39794,-97.463903,35.672569
39793,-97.463928,35.672598
39792,-97.464026,35.672931
39791,-97.464027,35.672996
39790,-97.464029,35.673061
39789,-97.464031,35.673126
39788,-97.464032,35.673300
39787,-97.464028,35.673622
39786,-97.464028,35.673637
39814,-97.463587,35.673162
39833,-97.463637,35.673293
39832,-97.463592,35.673304
39815,-97.463540,35.673173
39816,-97.463470,35.673194
39834,-97.463719,35.674011
39835,-97.463695,35.674011
39813,-97.463098,35.672573
39796,-97.463014,35.672453
39797,-97.462977,35.672471
39798,-97.462929,35.672499
39799,-97.462896,35.672522
39800,-97.462862,35.672545
39801,-97.462829,35.672568
39812,-97.463061,35.672591
39811,-97.463037,35.672603
39810,-97.463004,35.672626
39809,-97.462970,35.672649
39808,-97.462937,35.672672
39807,-97.462904,35.672695
39831,-97.462906,35.673734
39817,-97.462782,35.673640
39818,-97.462745,35.673665
39819,-97.462576,35.673765
39820,-97.462550,35.673779
39830,-97.462683,35.673872
39829,-97.462657,35.673886
39828,-97.462631,35.673900
39821,-97.462524,35.673793
39841,-97.464076,35.674147
39840,-97.464042,35.674148
39785,-97.464045,35.674865
39857,-97.463814,35.674861
39907,-97.464024,35.675047
39906,-97.464024,35.675082
39934,-97.463814,35.674999
39908,-97.463856,35.675082
39839,-97.463752,35.674149
39838,-97.463727,35.674149
39858,-97.463767,35.674861
39859,-97.463721,35.674861
39933,-97.463766,35.674999
39932,-97.463718,35.674999
39905,-97.463997,35.675900
39909,-97.463829,35.675892
39904,-97.463995,35.675935
39903,-97.463992,35.675970
39910,-97.463827,35.675927
39911,-97.463824,35.675962
39837,-97.463259,35.674149
39836,-97.463234,35.674149
39860,-97.462692,35.674865
39861,-97.462645,35.674866
39862,-97.462599,35.674866
39863,-97.462552,35.674866
39931,-97.462669,35.675003
39930,-97.462621,35.675004
39929,-97.462574,35.675004
39864,-97.462505,35.674866
39928,-97.462526,35.675004
39919,-97.462870,35.675904
39918,-97.462860,35.675909
39920,-97.462768,35.675794
39921,-97.462758,35.675799
39922,-97.462749,35.675805
39917,-97.462644,35.676136
39923,-97.462375,35.675853
39924,-97.462336,35.675838
39040,-97.462022,35.672316
39039,-97.461997,35.672334
39038,-97.461971,35.672352
39802,-97.462163,35.673026
39803,-97.462130,35.673049
39806,-97.462271,35.673130
39805,-97.462238,35.673153
39804,-97.462205,35.673176
39822,-97.461972,35.673989
39823,-97.461941,35.673993
39827,-97.462006,35.674124
39826,-97.461975,35.674128
39825,-97.461944,35.674132
39824,-97.461913,35.674136
39888,-97.462268,35.675964
40014,-97.468221,35.677475
40015,-97.468205,35.677476
40044,-97.467759,35.677665
40045,-97.467599,35.677621
40046,-97.467575,35.677682
40043,-97.467741,35.677706
40042,-97.467730,35.677759
40041,-97.467723,35.677800
40047,-97.467564,35.677735
40048,-97.467555,35.677800
40074,-97.466379,35.678039
40073,-97.466417,35.678081
40040,-97.467714,35.678977
40039,-97.467714,35.679031
40038,-97.467714,35.679222
40049,-97.467546,35.678977
40050,-97.467546,35.679031
40051,-97.467546,35.679222
40037,-97.467714,35.679247
40052,-97.467546,35.679247
40036,-97.467716,35.679813
40035,-97.467716,35.679839
40034,-97.467717,35.679865
40033,-97.467717,35.679890
40032,-97.467717,35.679916
40053,-97.467548,35.679813
40054,-97.467548,35.679839
40055,-97.467549,35.679865
40056,-97.467549,35.679890
40057,-97.467549,35.679916
40071,-97.466567,35.678282
40072,-97.466550,35.678254
39968,-97.466398,35.678314
40070,-97.466708,35.678997
40069,-97.466710,35.679029
40068,-97.466713,35.679212
39969,-97.466540,35.679001
39970,-97.466542,35.679034
39971,-97.466545,35.679212
40067,-97.466712,35.679237
39972,-97.466544,35.679237
39973,-97.466544,35.679263
39942,-97.466303,35.678180
39943,-97.466237,35.678203
40090,-97.465312,35.676870
39941,-97.465224,35.677006
39940,-97.465164,35.676936
39944,-97.466171,35.678227
39967,-97.465584,35.679203
39966,-97.465584,35.679258
39965,-97.465584,35.679314
39902,-97.463794,35.676780
39901,-97.463783,35.676814
39900,-97.463772,35.676848
39899,-97.463761,35.676883
39898,-97.463747,35.676926
39912,-97.463632,35.676746
39913,-97.463621,35.676780
39914,-97.463610,35.676814
39889,-97.462476,35.676164
39916,-97.462761,35.676687
39915,-97.462765,35.676711
39890,-97.462595,35.676709
39891,-97.462599,35.676733
39892,-97.462604,35.676756
39893,-97.462609,35.676779
39897,-97.462959,35.677414
39896,-97.462953,35.677423
39100,-97.463437,35.670012
39101,-97.463397,35.670013
39102,-97.463357,35.670014
39103,-97.462483,35.670029
39104,-97.462444,35.670030
39113,-97.462505,35.670167
39105,-97.462385,35.670036
39106,-97.462347,35.670045
39114,-97.462389,35.670177
38370,-97.462466,35.670901
38371,-97.462435,35.670909
38384,-97.462520,35.671031
38383,-97.462489,35.671039
38372,-97.462404,35.670918
38373,-97.462373,35.670927
38374,-97.462342,35.670935
38382,-97.462458,35.671048
38381,-97.462411,35.671061
38380,-97.462380,35.671070
39094,-97.461205,35.669921
39095,-97.461205,35.669933
39096,-97.461205,35.669945
39086,-97.461037,35.669923
39087,-97.461037,35.669935
39088,-97.461037,35.669947
38705,-97.460383,35.669857
38704,-97.460375,35.669995
38706,-97.460348,35.669855
38707,-97.460313,35.669854
39107,-97.462177,35.670039
39108,-97.462162,35.670037
39109,-97.462147,35.670035
39115,-97.462167,35.670278
39116,-97.461993,35.670355
39117,-97.461621,35.670325
38379,-97.461863,35.671361
38378,-97.461839,35.671380
38375,-97.461747,35.671261
38376,-97.461723,35.671280
38377,-97.461699,35.671298
39097,-97.461214,35.670392
39098,-97.461214,35.670415
39099,-97.461214,35.670438
39089,-97.461046,35.670392
39090,-97.461046,35.670415
39091,-97.461046,35.670438
39092,-97.461046,35.670462
39093,-97.461046,35.670485
39080,-97.461195,35.671851
39081,-97.461027,35.671853
39082,-97.461027,35.671874
39083,-97.461027,35.671896
39084,-97.461027,35.671918
39078,-97.461919,35.672207
39079,-97.461893,35.672225
39085,-97.461033,35.672551
39034,-97.461026,35.672942
38665,-97.460388,35.672771
39035,-97.461026,35.673352
39036,-97.461026,35.673651
39037,-97.461026,35.673665
44580,-97.460412,35.674092
39865,-97.461523,35.674870
39866,-97.461477,35.674871
39927,-97.461404,35.675080
39926,-97.461404,35.675108
39925,-97.461404,35.675725
40094,-97.461404,35.675768
39887,-97.461394,35.675938
39867,-97.461241,35.675017
39868,-97.461236,35.675045
39869,-97.461236,35.675083
39870,-97.461236,35.675112
39871,-97.461236,35.675753
39935,-97.461236,35.675768
39936,-97.461214,35.676079
39974,-97.466542,35.679806
39975,-97.466542,35.679832
39976,-97.466541,35.679858
39964,-97.465584,35.679370
39945,-97.465416,35.679280
39946,-97.465416,35.679339
39947,-97.465416,35.679398
39963,-97.465584,35.679562
39962,-97.465584,35.680016
39961,-97.465584,35.680038
39960,-97.465584,35.680059
39959,-97.465584,35.680081
39958,-97.465584,35.680102
39948,-97.465416,35.680038
39949,-97.465416,35.680059
39950,-97.465416,35.680081
39951,-97.465416,35.680102
39952,-97.465416,35.680123
39894,-97.462809,35.677352
39895,-97.462803,35.677361
39885,-97.461443,35.676742
39884,-97.461445,35.676760
39883,-97.461447,35.676777
39882,-97.461449,35.676794
39881,-97.461450,35.676812
39874,-97.461277,35.676772
39875,-97.461279,35.676789
39876,-97.461281,35.676806
39877,-97.461282,35.676824
39880,-97.461454,35.677182
39878,-97.461286,35.677182
39879,-97.461454,35.677199
39872,-97.461099,35.676204
39873,-97.460918,35.676399
39033,-97.460243,35.676429
44581,-97.460434,35.677696
44582,-97.460434,35.678066
44583,-97.460426,35.678906
44584,-97.460426,35.679309
38708,-97.459459,35.669993
38672,-97.459653,35.670236
38673,-97.459626,35.670190
38675,-97.459474,35.670250
38671,-97.459670,35.670307
38670,-97.459678,35.670358
38676,-97.459501,35.670296
38677,-97.459504,35.670325
38674,-97.459447,35.670204
38703,-97.459312,35.670071
38669,-97.459661,35.671441
38668,-97.459657,35.671492
38667,-97.459653,35.671543
38678,-97.459493,35.671433
38679,-97.459489,35.671484
38680,-97.459485,35.671535
38702,-97.458080,35.670714
38701,-97.458064,35.670822
38700,-97.458032,35.671038
38731,-97.457912,35.670698
38699,-97.457995,35.671308
38732,-97.457830,35.671141
38739,-97.457808,35.671277
38733,-97.457786,35.671136
38734,-97.457743,35.671132
38738,-97.457764,35.671272
38737,-97.457721,35.671268
38735,-97.456724,35.671192
38736,-97.456750,35.671328
38666,-97.459596,35.672715
38683,-97.459458,35.672844
38684,-97.459496,35.673016
38681,-97.459432,35.672743
38682,-97.459445,35.672793
38757,-97.459580,35.673934
38758,-97.459580,35.673934
38759,-97.459580,35.673934
38756,-97.459568,35.673923
38755,-97.459297,35.673693
38754,-97.459228,35.673728
38685,-97.459148,35.673607
38753,-97.459173,35.673751
38752,-97.459091,35.673786
38763,-97.458766,35.675808
38764,-97.458543,35.675411
38765,-97.458470,35.675400
39024,-97.458598,35.675810
38698,-97.458038,35.672126
38697,-97.458026,35.672179
38696,-97.457940,35.672327
38740,-97.457810,35.672241
38695,-97.457890,35.672370
38688,-97.458096,35.673241
38687,-97.458070,35.673259
38689,-97.457986,35.673137
38690,-97.457960,35.673155
38686,-97.458044,35.673277
38751,-97.457738,35.673841
38691,-97.457514,35.673701
38750,-97.457526,35.673839
38741,-97.456926,35.672496
38742,-97.456850,35.672564
38694,-97.457042,35.672594
38693,-97.457007,35.672621
38692,-97.456986,35.672644
38761,-97.456972,35.672660
38760,-97.456943,35.672693
38743,-97.456822,35.672596
38744,-97.456786,35.672648
38745,-97.456769,35.672686
38746,-97.456798,35.673549
38747,-97.456782,35.673559
38749,-97.456904,35.673655
38748,-97.456873,35.673675
38766,-97.457880,35.675396
39023,-97.457826,35.675533
38769,-97.457155,35.675250
38768,-97.457205,35.675346
38767,-97.457208,35.675355
38770,-97.456909,35.675388
39022,-97.457001,35.675527
38776,-97.454907,35.673008
38772,-97.455019,35.673831
38773,-97.454993,35.673805
38774,-97.454968,35.673780
38902,-97.454876,35.673904
38775,-97.454828,35.673640
38851,-97.454712,35.673740
38771,-97.455292,35.674584
38903,-97.455124,35.674590
39021,-97.455896,35.675633
39020,-97.455901,35.675703
39017,-97.455729,35.675659
39018,-97.455734,35.675729
39016,-97.455298,35.675510
38904,-97.455048,35.675374
38762,-97.458773,35.676277
39032,-97.458774,35.677040
39031,-97.458774,35.677093
39030,-97.458774,35.677146
39025,-97.458603,35.676161
39026,-97.458606,35.676442
39027,-97.458606,35.677106
39028,-97.458606,35.677159
39029,-97.458774,35.677199
44586,-97.460187,35.678918
44585,-97.460185,35.679056
39019,-97.456238,35.676353
39003,-97.456938,35.677374
39002,-97.456916,35.677354
39004,-97.456949,35.677384
39001,-97.456332,35.677291
44273,-97.457201,35.678909
44272,-97.457197,35.679047
44271,-97.456677,35.679038
44274,-97.456328,35.678894
39005,-97.455650,35.677159
39000,-97.455648,35.677297
39006,-97.455012,35.677150
38999,-97.455039,35.677288
38998,-97.454952,35.677287
38797,-97.456908,35.667751
38796,-97.456910,35.667889
38798,-97.456864,35.667751
38799,-97.456821,35.667751
38800,-97.456778,35.667752
38795,-97.456866,35.667889
38794,-97.456823,35.667889
38793,-97.456780,35.667890
38792,-97.456737,35.667890
38801,-97.455829,35.667759
38716,-97.459500,35.668790
38717,-97.459467,35.668789
38714,-97.459465,35.668927
38715,-97.459498,35.668928
38718,-97.458677,35.668785
38719,-97.458644,35.668785
38720,-97.458611,35.668785
38713,-97.458675,35.668923
38712,-97.458642,35.668923
38721,-97.457686,35.668051
38711,-97.457854,35.668932
38725,-97.457670,35.668919
38722,-97.457649,35.668781
38723,-97.457628,35.668781
38724,-97.457649,35.668919
38710,-97.457854,35.669447
38726,-97.457686,35.669447
38709,-97.457962,35.669819
38730,-97.457599,35.669997
38729,-97.457592,35.670002
38727,-97.457503,35.669885
38728,-97.457496,35.669890
38788,-97.455695,35.669211
38787,-97.455703,35.669270
38786,-97.455701,35.669313
38812,-97.455531,35.669241
38813,-97.455535,35.669266
38790,-97.455033,35.668326
38791,-97.454999,35.668295
38789,-97.455068,35.668358
38811,-97.454944,35.668450
38809,-97.454875,35.668387
38810,-97.454909,35.668418
38802,-97.454794,35.668150
38803,-97.454749,35.668123
38805,-97.454660,35.668069
38804,-97.454705,35.668096
38806,-97.454605,35.668206
38808,-97.454694,35.668260
38807,-97.454649,35.668233
38814,-97.454641,35.669748
38818,-97.454330,35.669490
38819,-97.454273,35.669443
38820,-97.454217,35.669395
38815,-97.454500,35.669633
38816,-97.454415,35.669561
38817,-97.454386,35.669538
38824,-97.454379,35.669752
38830,-97.454523,35.669846
38829,-97.454471,35.669871
38825,-97.454349,35.669777
38828,-97.454411,35.669923
38821,-97.454210,35.669586
38823,-97.454295,35.669657
38822,-97.454266,35.669634
38826,-97.454319,35.669803
38827,-97.454289,35.669829
38785,-97.455268,35.670260
38832,-97.455138,35.670346
38784,-97.455503,35.670554
38833,-97.455327,35.670575
38783,-97.455669,35.671250
38834,-97.455510,35.671098
38835,-97.455461,35.671381
38782,-97.455537,35.671669
38781,-97.455450,35.671892
38780,-97.455428,35.671935
38836,-97.455115,35.671596
38843,-97.455270,35.671887
38831,-97.454846,35.670102
38837,-97.455074,35.671584
38838,-97.455033,35.671573
38839,-97.454993,35.671561
38842,-97.455090,35.671734
38841,-97.455061,35.671726
38840,-97.455020,35.671714
38869,-97.452656,35.669366
38868,-97.452610,35.669401
38867,-97.452583,35.669429
38881,-97.452528,35.669219
38882,-97.452538,35.669268
38883,-97.452491,35.669304
38884,-97.452440,35.669357
38885,-97.452227,35.670512
38866,-97.452396,35.670534
38865,-97.452398,35.670585
38864,-97.452400,35.670637
38863,-97.452403,35.670688
38886,-97.452229,35.670565
38887,-97.452231,35.670617
38888,-97.452234,35.670670
38861,-97.452545,35.671867
38860,-97.452548,35.671919
38862,-97.452543,35.671816
38889,-97.452375,35.671819
38890,-97.452128,35.671952
38779,-97.455016,35.672765
38778,-97.454995,35.672809
38777,-97.454920,35.672976
38844,-97.454643,35.672721
38845,-97.454610,35.672712
38850,-97.454728,35.673009
38846,-97.454576,35.672702
38849,-97.454589,35.672851
38848,-97.454556,35.672842
38847,-97.454522,35.672832
38901,-97.454543,35.673986
39015,-97.454352,35.675574
39014,-97.454352,35.675638
38905,-97.454123,35.675374
39011,-97.454101,35.675510
39012,-97.454184,35.675638
38852,-97.453617,35.673843
38853,-97.453569,35.673842
38900,-97.453613,35.673981
38854,-97.453522,35.673841
38899,-97.453518,35.673979
38898,-97.453455,35.673970
38897,-97.453409,35.673962
38859,-97.452547,35.672116
38891,-97.452379,35.672108
38858,-97.452501,35.672724
38857,-97.452499,35.672752
38856,-97.452496,35.672780
38855,-97.452494,35.672807
38892,-97.452333,35.672716
38893,-97.452331,35.672744
38894,-97.452328,35.672772
38895,-97.452326,35.672799
38896,-97.452324,35.672827
38906,-97.454007,35.675361
38907,-97.453911,35.675347
39010,-97.453985,35.675497
38908,-97.452498,35.675077
38909,-97.452500,35.675080
39009,-97.452665,35.675430
38910,-97.452535,35.675326
38911,-97.452509,35.675378
38912,-97.452484,35.675464
44270,-97.456161,35.680090
39013,-97.454180,35.676406
38997,-97.454102,35.677279
44275,-97.455968,35.678891
44280,-97.455987,35.679216
44279,-97.455774,35.679029
44276,-97.455278,35.678891
44281,-97.455993,35.680090
44277,-97.454616,35.678891
44278,-97.454844,35.679029
39007,-97.453962,35.677141
38996,-97.453990,35.677279
38995,-97.453823,35.677279
39008,-97.452634,35.676292
38913,-97.452466,35.676292
38994,-97.452651,35.677279
38993,-97.452428,35.677276
44291,-97.452296,35.678570
44292,-97.452129,35.678620
44290,-97.452321,35.679338
44289,-97.452322,35.679384
44288,-97.452321,35.679482
44287,-97.452318,35.679528
44293,-97.452153,35.679342
44294,-97.452154,35.679388
44295,-97.452155,35.679430
44296,-97.452153,35.679476
44297,-97.452150,35.679522
44282,-97.456000,35.680965
38944,-97.451034,35.670140
38940,-97.451011,35.671369
38939,-97.451015,35.671388
38941,-97.450801,35.671240
38942,-97.450774,35.671242
38962,-97.450851,35.671418
38961,-97.450763,35.671380
38943,-97.450747,35.671244
38960,-97.449940,35.671556
38938,-97.451145,35.672093
38937,-97.451133,35.672148
38936,-97.451121,35.672204
38935,-97.451112,35.672253
38934,-97.451090,35.673488
38933,-97.451091,35.673544
38932,-97.451091,35.673601
38931,-97.451092,35.673657
38930,-97.451092,35.673713
38929,-97.451093,35.673770
38963,-97.450979,35.672069
38964,-97.450967,35.672124
38965,-97.450955,35.672179
38966,-97.450944,35.672241
38967,-97.450922,35.673478
38968,-97.450923,35.673535
38969,-97.450923,35.673591
38970,-97.450924,35.673647
38919,-97.451105,35.675721
38918,-97.451106,35.675766
38917,-97.451107,35.675811
38916,-97.451108,35.675856
38915,-97.451109,35.675902
38928,-97.450439,35.674774
38927,-97.450392,35.674815
38971,-97.450333,35.674667
38972,-97.450286,35.674708
38926,-97.450344,35.674856
38973,-97.450239,35.674748
38974,-97.450191,35.674789
38975,-97.450144,35.674830
38920,-97.450937,35.675723
38921,-97.450938,35.675768
38922,-97.450939,35.675813
38923,-97.450037,35.676094
38924,-97.450024,35.676077
38925,-97.449947,35.675919
38977,-97.449865,35.676125
38978,-97.449885,35.676155
38976,-97.449777,35.675938
45395,-97.449720,35.676149
38992,-97.451111,35.677264
38991,-97.451108,35.677274
38990,-97.451105,35.677285
38914,-97.450569,35.676728
38979,-97.450259,35.676726
38985,-97.450355,35.676840
38984,-97.450307,35.676867
38983,-97.450258,35.676894
38980,-97.450211,35.676753
38981,-97.450162,35.676780
38982,-97.450114,35.676807
38987,-97.450947,35.677236
38986,-97.450921,35.677188
38988,-97.450944,35.677246
38989,-97.450941,35.677257
36990,-97.477256,35.673791
36989,-97.477267,35.673799
36992,-97.477234,35.673774
36991,-97.477245,35.673783
36988,-97.477046,35.673853
36993,-97.477046,35.673853
36987,-97.476955,35.673905
36986,-97.476909,35.673932
39721,-97.478138,35.675761
39724,-97.477534,35.675542
39723,-97.477534,35.675646
39725,-97.477366,35.675542
39722,-97.477551,35.675761
39726,-97.477328,35.675761
39727,-97.477289,35.675761
40206,-97.477574,35.677243
40207,-97.477585,35.677297
40209,-97.477595,35.677351
40211,-97.477606,35.677404
40210,-97.477419,35.677319
40205,-97.477429,35.677373
40208,-97.477440,35.677426
40212,-97.477613,35.677470
40233,-97.477612,35.677524
40213,-97.477611,35.677579
40214,-97.477419,35.678069
40216,-97.477320,35.677931
40218,-97.477271,35.677931
40220,-97.477221,35.677931
40226,-97.477172,35.677931
40215,-97.477369,35.678069
40217,-97.477320,35.678069
40219,-97.477271,35.678069
40221,-97.477221,35.678069
40222,-97.477172,35.678069
40223,-97.477123,35.678069
40228,-97.476676,35.677920
40230,-97.476628,35.677910
40224,-97.476802,35.678069
40225,-97.476753,35.678069
40227,-97.476684,35.678063
40229,-97.476636,35.678054
40204,-97.476412,35.675923
40203,-97.476411,35.675951
40202,-97.476411,35.675980
40201,-97.476411,35.676009
39728,-97.476209,35.675767
40125,-97.476157,35.675903
40127,-97.476244,35.675921
40126,-97.476227,35.675906
40128,-97.476243,35.675949
40129,-97.476243,35.675978
40200,-97.476172,35.676912
40199,-97.476135,35.676926
40130,-97.476071,35.676798
40231,-97.476588,35.678044
40232,-97.476503,35.678012
44225,-97.474647,35.678707
44224,-97.474657,35.678845
44223,-97.474431,35.678930
44222,-97.474430,35.678992
44221,-97.474428,35.679054
44226,-97.474265,35.678867
44227,-97.474263,35.678928
44228,-97.474262,35.678990
44220,-97.474208,35.679779
44219,-97.474189,35.679824
44218,-97.474171,35.679870
44229,-97.473269,35.679531
44230,-97.473182,35.679531
44204,-97.473269,35.679669
44203,-97.473182,35.679669
44231,-97.473095,35.679531
44232,-97.473027,35.679529
44202,-97.473095,35.679669
44201,-97.472991,35.679663
44217,-97.474034,35.680492
44205,-97.473847,35.680341
44206,-97.473799,35.680341
44216,-97.473866,35.680492
44215,-97.473801,35.680479
44207,-97.473752,35.680341
44208,-97.473705,35.680342
44214,-97.473754,35.680479
44213,-97.473707,35.680480
44685,-97.474218,35.681834
44209,-97.473257,35.680345
44210,-97.473210,35.680345
44212,-97.473259,35.680483
44211,-97.473212,35.680483
44684,-97.473424,35.681862
44683,-97.473424,35.681939
44682,-97.473424,35.682016
44681,-97.473424,35.682094
44680,-97.473424,35.682171
44655,-97.473256,35.681862
44657,-97.473256,35.681939
44658,-97.473256,35.682016
44659,-97.473256,35.682094
44679,-97.473361,35.682973
44678,-97.473359,35.683029
44677,-97.473358,35.683085
44660,-97.473193,35.682971
44661,-97.473191,35.683027
44662,-97.473190,35.683083
44663,-97.473189,35.683140
44177,-97.470762,35.680178
44178,-97.470763,35.680233
44167,-97.469944,35.680082
44166,-97.469944,35.680125
44165,-97.469944,35.680169
44257,-97.469776,35.680082
44258,-97.469776,35.680125
44259,-97.469776,35.680169
39999,-97.468875,35.680081
39998,-97.468875,35.680101
39997,-97.468875,35.680122
40025,-97.468707,35.680083
40026,-97.468707,35.680103
40027,-97.468707,35.680124
44160,-97.471636,35.681141
44186,-97.471168,35.680341
44185,-97.471158,35.680479
44187,-97.471073,35.680341
44188,-97.471063,35.680341
44184,-97.471073,35.680479
44183,-97.471063,35.680479
44161,-97.471059,35.681141
44162,-97.470991,35.681141
44159,-97.471059,35.681279
44158,-97.470991,35.681279
44179,-97.470764,35.680287
44180,-97.470764,35.680491
44181,-97.470757,35.681065
44182,-97.470757,35.681126
44266,-97.470737,35.681277
44265,-97.470703,35.681276
44654,-97.470574,35.681884
44653,-97.470574,35.682027
44652,-97.470574,35.682585
44264,-97.470387,35.681273
44263,-97.470354,35.681273
44164,-97.469944,35.680584
44163,-97.469944,35.680627
44260,-97.469776,35.680584
44261,-97.469776,35.680627
44262,-97.469776,35.680671
44649,-97.470406,35.681856
44650,-97.470406,35.681927
39996,-97.468884,35.680575
39995,-97.468884,35.680595
39994,-97.468885,35.680616
40028,-97.468716,35.680577
40029,-97.468716,35.680597
39993,-97.468673,35.681237
39992,-97.468627,35.681239
39991,-97.468592,35.681239
39990,-97.468557,35.681239
44643,-97.468968,35.681829
44645,-97.468894,35.681842
44644,-97.468726,35.681842
44642,-97.468708,35.681829
44651,-97.470406,35.682613
40066,-97.466710,35.679806
40065,-97.466710,35.679832
40064,-97.466709,35.679858
40063,-97.466709,35.679884
40062,-97.466709,35.679910
39977,-97.466541,35.679884
40031,-97.467719,35.680456
40030,-97.467720,35.680482
40058,-97.467551,35.680456
40059,-97.467552,35.680482
39989,-97.467793,35.681239
39988,-97.467758,35.681239
39987,-97.467538,35.681239
39986,-97.467500,35.681239
39985,-97.467463,35.681239
40061,-97.466707,35.680453
40060,-97.466706,35.680479
39978,-97.466539,35.680453
39979,-97.466538,35.680479
39984,-97.466499,35.681239
39983,-97.466461,35.681239
39982,-97.466424,35.681239
39981,-97.466387,35.681239
44641,-97.467251,35.681829
44640,-97.467234,35.681882
44646,-97.467066,35.681842
44639,-97.467234,35.682847
44638,-97.467234,35.682987
44647,-97.467066,35.682847
44648,-97.467066,35.683007
44637,-97.467234,35.683932
44636,-97.467234,35.684012
39980,-97.466349,35.681239
39957,-97.465584,35.680557
39956,-97.465584,35.680579
39953,-97.465416,35.680568
39954,-97.465416,35.680589
39955,-97.465416,35.680610
44623,-97.465326,35.681807
38874,-97.453315,35.667864
38875,-97.453268,35.667865
38876,-97.453221,35.667867
38877,-97.453175,35.667869
38878,-97.453128,35.667871
38873,-97.453275,35.668003
38872,-97.453227,35.668005
38871,-97.452408,35.668331
38870,-97.452395,35.668369
38879,-97.452253,35.668275
38880,-97.452240,35.668312
38948,-97.451034,35.669982
45418,-97.450644,35.668835
45417,-97.450634,35.668973
45419,-97.450597,35.668832
45420,-97.450529,35.668833
45416,-97.450587,35.668970
45415,-97.450563,35.668967
45414,-97.450518,35.668975
45421,-97.450484,35.668841
45422,-97.450439,35.668848
45413,-97.450473,35.668982
38949,-97.450866,35.669982
38947,-97.451034,35.670021
38946,-97.451034,35.670061
38945,-97.451034,35.670100
38950,-97.450866,35.670021
38951,-97.450866,35.670061
38952,-97.450866,35.670100
38953,-97.449508,35.669434
45412,-97.449473,35.669422
45365,-97.449415,35.669292
45366,-97.448839,35.669420
45411,-97.448857,35.669556
38958,-97.449883,35.670501
38954,-97.449849,35.670363
38955,-97.449821,35.670364
38957,-97.449855,35.670501
38956,-97.449827,35.670502
38959,-97.449903,35.670535
44493,-97.449221,35.671837
44495,-97.449131,35.671635
44494,-97.449208,35.671800
44499,-97.448981,35.671697
44500,-97.449052,35.671856
44501,-97.449065,35.671893
44496,-97.448795,35.671354
44497,-97.448353,35.671291
44492,-97.449269,35.672704
44491,-97.449270,35.672743
44490,-97.449270,35.672782
44489,-97.449270,35.672821
44488,-97.449271,35.672859
44502,-97.449101,35.672716
44503,-97.449102,35.672755
44504,-97.449102,35.672831
44487,-97.448911,35.673813
44486,-97.448869,35.673821
44505,-97.448829,35.673687
44506,-97.448807,35.673691
44485,-97.448807,35.673829
44484,-97.448764,35.673829
45398,-97.447947,35.674552
45397,-97.447972,35.674592
45396,-97.447998,35.674632
45408,-97.447931,35.670476
44498,-97.447930,35.671291
45407,-97.447914,35.671442
45406,-97.447914,35.671487
45405,-97.447914,35.671532
45373,-97.447746,35.671486
45374,-97.447746,35.671530
45375,-97.447746,35.671575
45404,-97.447816,35.672572
45376,-97.447649,35.672543
45403,-97.447814,35.672617
45402,-97.447814,35.672658
45401,-97.447814,35.672703
45377,-97.447647,35.672588
45378,-97.447646,35.672636
45379,-97.447655,35.673656
45380,-97.447660,35.673845
45381,-97.447661,35.673866
45400,-97.447899,35.674474
45399,-97.447923,35.674514
45382,-97.447747,35.674534
45384,-97.447797,35.674616
45383,-97.447771,35.674574
45354,-97.448510,35.667818
45364,-97.448352,35.667964
45355,-97.448213,35.667781
45356,-97.448135,35.667771
45358,-97.448189,35.667917
45357,-97.448111,35.667907
45425,-97.449555,35.667978
45424,-97.449534,35.667982
45423,-97.449514,35.667987
45359,-97.448334,35.668020
45363,-97.448331,35.668028
45360,-97.448313,35.668084
45362,-97.448311,35.668092
45361,-97.448290,35.668156
45410,-97.448348,35.669690
45367,-97.448218,35.669604
45409,-97.448246,35.669827
44564,-97.448012,35.669553
44563,-97.447940,35.669677
45368,-97.448076,35.669801
45369,-97.448059,35.669831
44565,-97.447860,35.669495
44566,-97.447709,35.669437
44567,-97.447545,35.669381
44562,-97.447788,35.669619
44568,-97.446256,35.669776
44569,-97.446249,35.669916
44570,-97.446151,35.669938
45370,-97.447763,35.670466
45371,-97.447760,35.670499
45372,-97.447757,35.670532
44561,-97.446537,35.670154
44560,-97.446566,35.670639
44559,-97.446555,35.670686
44558,-97.446545,35.670734
44364,-97.446295,35.670048
44363,-97.446197,35.670070
44362,-97.446099,35.670092
44365,-97.446389,35.670662
44366,-97.446379,35.670710
44557,-97.446592,35.671367
44556,-97.446612,35.671452
44555,-97.446633,35.671537
44380,-97.446426,35.671393
44381,-97.446447,35.671479
44554,-97.446654,35.671622
44367,-97.446336,35.671231
44368,-97.446283,35.671231
44369,-97.446230,35.671231
44572,-97.445164,35.669592
44571,-97.445164,35.669636
44573,-97.444996,35.669592
44574,-97.444996,35.669636
44575,-97.444996,35.669680
44361,-97.444979,35.670289
44378,-97.445634,35.671395
44379,-97.445625,35.671372
44370,-97.445466,35.671395
44371,-97.445466,35.671457
44372,-97.445466,35.671519
44576,-97.444729,35.670148
44360,-97.444853,35.670287
44359,-97.444727,35.670286
44358,-97.444602,35.670284
44553,-97.446428,35.672450
44377,-97.445634,35.672109
44376,-97.445634,35.672171
44373,-97.445466,35.672109
44374,-97.445466,35.672171
44375,-97.445466,35.672233
44578,-97.443915,35.669445
44577,-97.443919,35.669547
44354,-97.443747,35.669449
44355,-97.443751,35.669551
44356,-97.443754,35.669654
44357,-97.443758,35.669756
44551,-97.446567,35.672895
44552,-97.446547,35.672888
44550,-97.446485,35.673016
44549,-97.446465,35.673010
44548,-97.446198,35.673058
44547,-97.445977,35.673580
44546,-97.445951,35.673641
44545,-97.445926,35.673702
45394,-97.447790,35.675698
45393,-97.447782,35.675718
45385,-97.447630,35.675658
45386,-97.447622,35.675678
45387,-97.447614,35.675698
44483,-97.446734,35.674529
44482,-97.446726,35.674594
44507,-97.446561,35.674369
44508,-97.446566,35.674515
44509,-97.446558,35.674582
44481,-97.446718,35.674659
44480,-97.446711,35.674724
44510,-97.446550,35.674650
44511,-97.446542,35.674717
44512,-97.446208,35.676129
44382,-97.445863,35.673387
44383,-97.445845,35.673381
44384,-97.445787,35.673511
44385,-97.445817,35.673536
44386,-97.445791,35.673597
44387,-97.445766,35.673658
44544,-97.445722,35.674495
44388,-97.445576,35.674427
44543,-97.445620,35.674729
44542,-97.445518,35.675020
44541,-97.445509,35.675041
44342,-97.445305,35.674851
44343,-97.445242,35.674851
44344,-97.445179,35.674851
44389,-97.445358,35.674976
44390,-97.445349,35.674997
44341,-97.445305,35.674989
44340,-97.445242,35.674989
44339,-97.445179,35.674989
44345,-97.445116,35.674851
44338,-97.445116,35.674989
44540,-97.445320,35.675505
44539,-97.445312,35.675526
44391,-97.445160,35.675461
44392,-97.445152,35.675482
44393,-97.445143,35.675503
44394,-97.444888,35.676137
44335,-97.443888,35.675901
44336,-97.443845,35.675901
44334,-97.443888,35.676039
44333,-97.443845,35.676039
45392,-97.447597,35.676204
45391,-97.447589,35.676224
45390,-97.447582,35.676245
45388,-97.447437,35.676164
45389,-97.447429,35.676184
44479,-97.446386,35.676161
44478,-97.446339,35.676214
44477,-97.446282,35.676273
44513,-97.446164,35.676174
44476,-97.446226,35.676321
44475,-97.446170,35.676369
44514,-97.446106,35.676223
44515,-97.446048,35.676273
44459,-97.445941,35.677117
44454,-97.446595,35.677985
44453,-97.446583,35.678031
44452,-97.446571,35.678077
44451,-97.446559,35.678123
44460,-97.446410,35.678037
44455,-97.445996,35.677280
44456,-97.445940,35.677263
44461,-97.446398,35.678084
44462,-97.446385,35.678131
44463,-97.446373,35.678179
44516,-97.445833,35.676247
44517,-97.445812,35.676387
44474,-97.445830,35.677017
44518,-97.445663,35.676997
44519,-97.445655,35.677023
44538,-97.445048,35.676179
44537,-97.444996,35.676306
44536,-97.444945,35.676433
44535,-97.444894,35.676560
44457,-97.445885,35.677246
44458,-97.445829,35.677229
44473,-97.445748,35.677242
44520,-97.445593,35.677189
44521,-97.445583,35.677213
44472,-97.445540,35.677768
44471,-97.445530,35.677792
44470,-97.445521,35.677816
44469,-97.445511,35.677840
44522,-97.445383,35.677718
44468,-97.445502,35.677864
44523,-97.445373,35.677742
44524,-97.445364,35.677766
44525,-97.445354,35.677790
44526,-97.445345,35.677814
44395,-97.444836,35.676264
44396,-97.444785,35.676391
44397,-97.444734,35.676518
44398,-97.444683,35.676645
44534,-97.444843,35.676687
44533,-97.444792,35.676814
44399,-97.444632,35.676772
44532,-97.444741,35.676941
44400,-97.444581,35.676899
44531,-97.444409,35.677766
44530,-97.444309,35.678019
44529,-97.444285,35.678080
44401,-97.444149,35.677977
44467,-97.445303,35.678366
44466,-97.445293,35.678390
44527,-97.445144,35.678320
44346,-97.443798,35.675134
44347,-97.443669,35.675042
44348,-97.443541,35.674951
44349,-97.443541,35.674951
44350,-97.443541,35.674951
44351,-97.443541,35.674951
44352,-97.443577,35.675396
44353,-97.443561,35.675418
44337,-97.443803,35.675901
44332,-97.443803,35.676039
44331,-97.443554,35.676148
44316,-97.443386,35.676052
44317,-97.443386,35.676148
44330,-97.443555,35.676245
44329,-97.443555,35.676342
44318,-97.443387,35.676245
44319,-97.443387,35.676342
44328,-97.443556,35.676439
44327,-97.443556,35.676536
44320,-97.443388,35.676439
44321,-97.443388,35.676536
44326,-97.443560,35.677263
44450,-97.445979,35.679050
44449,-97.445941,35.679086
44448,-97.445904,35.679121
44435,-97.446762,35.679982
44434,-97.446787,35.680149
44464,-97.445797,35.679011
44447,-97.445866,35.679157
44446,-97.445829,35.679193
44465,-97.445758,35.679047
44445,-97.445678,35.679331
44419,-97.445577,35.679249
44444,-97.445038,35.679914
44443,-97.445006,35.679943
44420,-97.444886,35.679845
44442,-97.444974,35.679973
44441,-97.444942,35.680002
44418,-97.444838,35.679050
44417,-97.444801,35.679040
44416,-97.444764,35.679030
44415,-97.444728,35.679021
44421,-97.444855,35.679873
44422,-97.444824,35.679902
44433,-97.446713,35.680315
44431,-97.446764,35.680641
44430,-97.446783,35.680750
44432,-97.446607,35.680427
44436,-97.446475,35.680343
44428,-97.446563,35.680625
44429,-97.446615,35.680748
44437,-97.446305,35.680500
44427,-97.446364,35.680649
44426,-97.446304,35.680701
44438,-97.446247,35.680550
44439,-97.446189,35.680601
44440,-97.446131,35.680651
44425,-97.445845,35.681008
44424,-97.445748,35.681044
44423,-97.445664,35.681067
44528,-97.444261,35.678142
44414,-97.443867,35.678901
44402,-97.443798,35.678691
44403,-97.443721,35.678691
44404,-97.443645,35.678691
44406,-97.443770,35.678780
44407,-97.443735,35.678815
44405,-97.443721,35.678829
44408,-97.443693,35.678875
44413,-97.443662,35.679412
44412,-97.443646,35.679455
44409,-97.443519,35.679327
44410,-97.443502,35.679370
44411,-97.443486,35.679413
44286,-97.452239,35.680247
44298,-97.452083,35.680099
44299,-97.452078,35.680145
44300,-97.452074,35.680195
44301,-97.452071,35.680241
44285,-97.452261,35.680872
44302,-97.452093,35.680876
44303,-97.452094,35.680922
44304,-97.452095,35.680968
44310,-97.449502,35.678925
44311,-97.449334,35.678925
44309,-97.449499,35.679893
44312,-97.449331,35.679893
44305,-97.451177,35.681638
44306,-97.450284,35.681634
44307,-97.450249,35.681634
44308,-97.449496,35.680861
44313,-97.449328,35.680861
44314,-97.449308,35.681631
44268,-97.457600,35.681664
44269,-97.456191,35.681661
44587,-97.456191,35.681799
44283,-97.454742,35.681651
44284,-97.453548,35.681648
44622,-97.461594,35.681805
44267,-97.459009,35.681667
45285,-97.455471,35.682709
45286,-97.455472,35.682806
45297,-97.455609,35.682945
45296,-97.455604,35.683045
45287,-97.455445,35.682917
45295,-97.455604,35.683159
45284,-97.454583,35.682439
45298,-97.454271,35.682364
45288,-97.454805,35.683831
45294,-97.454895,35.683947
45293,-97.454790,35.684013
45292,-97.454679,35.684083
45289,-97.454577,35.683973
45290,-97.454465,35.684044
45291,-97.454463,35.684222
45274,-97.453089,35.682251
45283,-97.453938,35.683235
45282,-97.453908,35.683280
45281,-97.453879,35.683326
45269,-97.453692,35.683052
45278,-97.453684,35.683190
45273,-97.453143,35.682392
45272,-97.453075,35.682387
47547,-97.453332,35.684346
47548,-97.453332,35.684346
47549,-97.453332,35.684346
47550,-97.453332,35.684346
45270,-97.453054,35.683033
45271,-97.452994,35.683032
45277,-97.453050,35.683171
45276,-97.452990,35.683170
45275,-97.452931,35.683169
47568,-97.453348,35.684482
47569,-97.453348,35.684482
45280,-97.453389,35.685251
45279,-97.453399,35.685389
44315,-97.448959,35.681631
45192,-97.448737,35.682162
45191,-97.448739,35.682300
45193,-97.448687,35.682162
45194,-97.448637,35.682163
45195,-97.448588,35.682163
45190,-97.448689,35.682300
45189,-97.448639,35.682301
45188,-97.448590,35.682301
45089,-97.449061,35.683934
45088,-97.449058,35.684002
45087,-97.449056,35.684070
45086,-97.449054,35.684138
45085,-97.449052,35.684206
45084,-97.449050,35.684274
45184,-97.448747,35.682962
45183,-97.448749,35.683100
45185,-97.448697,35.682962
45186,-97.448647,35.682963
45182,-97.448699,35.683100
45181,-97.448649,35.683101
45180,-97.448600,35.683101
45244,-97.447947,35.682370
45245,-97.447948,35.682418
45187,-97.448121,35.682920
45246,-97.447953,35.682922
45179,-97.448119,35.683211
45178,-97.448117,35.683300
45247,-97.447954,35.683121
45248,-97.447951,35.683209
45249,-97.447949,35.683298
45090,-97.448893,35.683930
45091,-97.448890,35.683998
45092,-97.448888,35.684066
45093,-97.448886,35.684134
45094,-97.448884,35.684202
45177,-97.448017,35.684165
45176,-97.447966,35.684243
45196,-97.447929,35.682169
45197,-97.447864,35.682168
45198,-97.447800,35.682167
45199,-97.446939,35.682159
45200,-97.446907,35.682158
45201,-97.446875,35.682158
45202,-97.445956,35.682302
45243,-97.447120,35.682373
45242,-97.447119,35.682433
45218,-97.446952,35.682371
45219,-97.446951,35.682431
45241,-97.447105,35.683064
45220,-97.446937,35.683062
45240,-97.447104,35.683124
45239,-97.447103,35.683184
45238,-97.447102,35.683244
45221,-97.446936,35.683122
45222,-97.446935,35.683182
45250,-97.447867,35.684101
45251,-97.447816,35.684179
45175,-97.447883,35.684326
45252,-97.447761,35.684232
45253,-97.447686,35.684297
45237,-97.447027,35.683836
45236,-97.446979,35.683898
45235,-97.446932,35.683945
45217,-97.446123,35.682366
45216,-97.446122,35.682429
45203,-97.445955,35.682364
45204,-97.445954,35.682427
45215,-97.446115,35.683096
45214,-97.446114,35.683159
45213,-97.446113,35.683229
45212,-97.446106,35.683292
45205,-97.445947,35.683094
45206,-97.445946,35.683157
45207,-97.445945,35.683215
45208,-97.445938,35.683278
45223,-97.446877,35.683772
45224,-97.446849,35.683812
45225,-97.446802,35.683859
45234,-97.446885,35.683992
45211,-97.446098,35.683355
45210,-97.445575,35.683937
45209,-97.445449,35.683845
45083,-97.449034,35.684932
45082,-97.449034,35.685257
45081,-97.449034,35.685582
45080,-97.449034,35.685907
45079,-97.449031,35.686114
45078,-97.449029,35.686223
45152,-97.448732,35.684781
45153,-97.448580,35.684798
45154,-97.448476,35.684840
45095,-97.448866,35.684932
45096,-97.448866,35.685257
45151,-97.448654,35.684922
45150,-97.448550,35.684964
45155,-97.448351,35.684898
45097,-97.448866,35.685582
45098,-97.448866,35.685907
45129,-97.448740,35.685921
45099,-97.448862,35.686166
45100,-97.448861,35.686221
45077,-97.449023,35.686579
45076,-97.449022,35.686634
45075,-97.449021,35.686689
45101,-97.448855,35.686577
45102,-97.448854,35.686632
45174,-97.447808,35.684391
45173,-97.447730,35.684456
45254,-97.447612,35.684358
45172,-97.447652,35.684518
45171,-97.446949,35.685086
45156,-97.447518,35.685560
45157,-97.447436,35.685626
45149,-97.447638,35.685656
45148,-97.447475,35.685789
45158,-97.447355,35.685693
45147,-97.447394,35.685856
45159,-97.447274,35.685760
45160,-97.447192,35.685827
45146,-97.447312,35.685923
45256,-97.446697,35.684857
45257,-97.446829,35.684990
45258,-97.446771,35.685037
45259,-97.446714,35.685084
45170,-97.446891,35.685133
45169,-97.446834,35.685180
45168,-97.446777,35.685227
45260,-97.446657,35.685131
45167,-97.446720,35.685274
45166,-97.446663,35.685322
45261,-97.446600,35.685178
45262,-97.446543,35.685226
45165,-97.446606,35.685369
45233,-97.446201,35.684572
45255,-97.446126,35.684380
45226,-97.446081,35.684476
45227,-97.446014,35.684532
45228,-97.445947,35.684588
45232,-97.446134,35.684628
45231,-97.446067,35.684684
45230,-97.446000,35.684740
45263,-97.446116,35.685580
45128,-97.447846,35.686629
45130,-97.447728,35.686531
45127,-97.447770,35.686691
45131,-97.447652,35.686593
45132,-97.447575,35.686655
45229,-97.445880,35.684644
45074,-97.448975,35.687291
45073,-97.448946,35.687341
45072,-97.448917,35.687390
45103,-97.448823,35.687231
45104,-97.448794,35.687281
45105,-97.448765,35.687330
45106,-97.448146,35.687918
45071,-97.448286,35.687994
45161,-97.446502,35.686395
45126,-97.447693,35.686753
45125,-97.447617,35.686815
45133,-97.447499,35.686717
45124,-97.447540,35.686878
45123,-97.447464,35.686940
45134,-97.447422,35.686780
45135,-97.447346,35.686842
45136,-97.447269,35.686904
45108,-97.447379,35.687790
45107,-97.447391,35.687800
45109,-97.447380,35.688029
45070,-97.447370,35.688036
45110,-97.447304,35.688086
45069,-97.447295,35.688093
45111,-97.447229,35.688143
45145,-97.446622,35.686491
45144,-97.446537,35.686559
45162,-97.446421,35.686459
45143,-97.446454,35.686624
45163,-97.446338,35.686524
45164,-97.446255,35.686589
45142,-97.446371,35.686689
45141,-97.446287,35.686755
45122,-97.446773,35.687507
45121,-97.446681,35.687586
45137,-97.446559,35.687492
45138,-97.446512,35.687543
45120,-97.446404,35.687695
45139,-97.446380,35.687559
45119,-97.446259,35.687709
45140,-97.446126,35.687571
45118,-97.446126,35.687709
45112,-97.446305,35.688408
45068,-97.446292,35.688408
45113,-97.446205,35.688411
45067,-97.446192,35.688411
45114,-97.446102,35.688412
45066,-97.446090,35.688412
45065,-97.445987,35.688414
45264,-97.445145,35.686041
45265,-97.445142,35.686262
45266,-97.445139,35.686484
45267,-97.445136,35.686706
45268,-97.445139,35.686889
45064,-97.445884,35.688415
45061,-97.444909,35.688113
45063,-97.445118,35.688290
45115,-97.445054,35.688238
45062,-97.445045,35.688231
45059,-97.444477,35.687437
45116,-97.444850,35.688058
45060,-97.444842,35.688050
45117,-97.444805,35.688017
45058,-97.444345,35.687435
45057,-97.444213,35.687434
45056,-97.444081,35.687432
45055,-97.443949,35.687431
47372,-97.442935,35.690661
47375,-97.442844,35.684271
47183,-97.442357,35.684335
47306,-97.439936,35.683661
47307,-97.439808,35.683609
47305,-97.439862,35.683785
47352,-97.440014,35.683864
47351,-97.440002,35.683880
47350,-97.439990,35.683897
47304,-97.439734,35.683733
47374,-97.442862,35.686204
47184,-97.442436,35.684440
47185,-97.442456,35.684589
47186,-97.442466,35.684730
47182,-97.442616,35.684889
47181,-97.442575,35.685043
47187,-97.442450,35.684869
47188,-97.442413,35.685007
47180,-97.442505,35.685191
47189,-97.442349,35.685139
47190,-97.442279,35.685277
47191,-97.441817,35.686157
47373,-97.442858,35.686576
47178,-97.442027,35.686671
47179,-97.442000,35.686664
47177,-97.441981,35.686803
47176,-97.441954,35.686796
47175,-97.441928,35.686790
47170,-97.442132,35.687494
47171,-97.442095,35.687486
47172,-97.442059,35.687479
47169,-97.442092,35.687628
47168,-97.442055,35.687620
47192,-97.441473,35.686642
47193,-97.441430,35.686695
47194,-97.441387,35.686749
47173,-97.441671,35.687416
47174,-97.441633,35.687410
47195,-97.441084,35.687250
47167,-97.441639,35.687550
47166,-97.441603,35.687546
47196,-97.440969,35.687439
47197,-97.440917,35.687510
47198,-97.440865,35.687582
47199,-97.440367,35.688244
47200,-97.440326,35.688288
47201,-97.440244,35.688336
47202,-97.440157,35.688391
47349,-97.439529,35.684614
47335,-97.439379,35.684552
47287,-97.439329,35.684364
47286,-97.439253,35.684486
47348,-97.439487,35.684681
47347,-97.439446,35.684748
47346,-97.439405,35.684815
47336,-97.439337,35.684619
47345,-97.439030,35.685585
47344,-97.438944,35.685699
47343,-97.438818,35.685778
47273,-97.438136,35.685165
47274,-97.437890,35.685079
47272,-97.437938,35.685244
47271,-97.437876,35.685223
47337,-97.438637,35.685693
47342,-97.438703,35.685819
47338,-97.438523,35.685728
47341,-97.438583,35.685856
47340,-97.438466,35.685893
47339,-97.438362,35.685930
47205,-97.438259,35.687447
47206,-97.438259,35.687447
47207,-97.438259,35.687447
47208,-97.437989,35.687476
47209,-97.437914,35.687538
47203,-97.439475,35.688909
47204,-97.439403,35.688931
47359,-97.440561,35.682179
47360,-97.440467,35.682171
47361,-97.440400,35.682171
47358,-97.440714,35.682352
47357,-97.440706,35.682424
47356,-97.440690,35.682481
47331,-97.440542,35.682394
47332,-97.440526,35.682451
47333,-97.440358,35.683044
47355,-97.440489,35.683139
47354,-97.440461,35.683192
47353,-97.440433,35.683245
47334,-97.440335,35.683085
47362,-97.439507,35.682171
47363,-97.439436,35.682171
47364,-97.439365,35.682172
47365,-97.439294,35.682173
47366,-97.438346,35.682177
47367,-97.438251,35.682176
47330,-97.439681,35.682329
47329,-97.439678,35.682348
47327,-97.439513,35.682313
47328,-97.439510,35.682332
47308,-97.439681,35.683558
47309,-97.439554,35.683507
47303,-97.439607,35.683682
47301,-97.439352,35.683580
47302,-97.439480,35.683631
47326,-97.438596,35.682396
47325,-97.438586,35.682451
47324,-97.438565,35.682516
47322,-97.438437,35.682317
47321,-97.438342,35.682315
47323,-97.438405,35.682472
47320,-97.438247,35.682314
47319,-97.438153,35.682312
47310,-97.438089,35.682994
47311,-97.438031,35.682995
47300,-97.438151,35.683131
47299,-97.438093,35.683132
47298,-97.438035,35.683133
47289,-97.438644,35.684086
47290,-97.438585,35.684061
47288,-97.438704,35.684110
47285,-97.438628,35.684232
47284,-97.438568,35.684208
47283,-97.438509,35.684183
47291,-97.437910,35.683846
47292,-97.437844,35.683842
47282,-97.437832,35.683978
47293,-97.437772,35.683841
47294,-97.437705,35.683841
47281,-97.437705,35.683979
47312,-97.437425,35.683008
47313,-97.437368,35.683009
47314,-97.437310,35.683010
47297,-97.437314,35.683148
47318,-97.437085,35.682304
47317,-97.436991,35.682309
47315,-97.436704,35.683023
47296,-97.436708,35.683161
47295,-97.436011,35.683295
47236,-97.435827,35.683199
47238,-97.435843,35.683311
47237,-97.435835,35.683255
47280,-97.436244,35.684002
47279,-97.436244,35.684062
47239,-97.436076,35.684002
47240,-97.436076,35.684062
47241,-97.436076,35.684122
47275,-97.437366,35.684898
47276,-97.437133,35.684814
47277,-97.437064,35.684787
47278,-97.436882,35.684752
47270,-97.437113,35.684958
47262,-97.437139,35.685056
47263,-97.437133,35.685107
47264,-97.437121,35.685210
47269,-97.437291,35.685653
47265,-97.437123,35.685659
47266,-97.437125,35.685710
47267,-97.437146,35.685777
47268,-97.437164,35.685826
47261,-97.436246,35.684900
47260,-97.436247,35.684954
47259,-97.436248,35.685008
47258,-97.436250,35.685063
47242,-97.436078,35.684904
47243,-97.436080,35.685003
47244,-97.436083,35.685103
47245,-97.436086,35.685203
47257,-97.436320,35.686318
47246,-97.436106,35.686148
47247,-97.436106,35.686248
47255,-97.436707,35.686622
47210,-97.437019,35.688176
47161,-97.436863,35.688311
47256,-97.436534,35.686459
47254,-97.436634,35.686903
47253,-97.436592,35.686924
47252,-97.436550,35.686944
47248,-97.436100,35.686448
47249,-97.436098,35.686499
47250,-97.436076,35.687142
47251,-97.436076,35.687155
47211,-97.435987,35.688159
47212,-97.435935,35.688159
47160,-97.435985,35.688297
47221,-97.434166,35.685397
47220,-97.434169,35.685459
47219,-97.434172,35.685520
47218,-97.434175,35.685582
47316,-97.435914,35.682366
47235,-97.435745,35.682545
47135,-97.435621,35.682231
47136,-97.435094,35.682231
47137,-97.435044,35.682231
47138,-97.434994,35.682231
47234,-97.435621,35.682369
47233,-97.435094,35.682369
47232,-97.435044,35.682369
47139,-97.434297,35.682434
47231,-97.434414,35.683217
47230,-97.434386,35.683279
47140,-97.434278,35.683115
47141,-97.434254,35.683173
47142,-97.434230,35.683227
47143,-97.434201,35.683284
47229,-97.434357,35.683336
47228,-97.434201,35.683855
47227,-97.434214,35.683916
47226,-97.434228,35.683976
47144,-97.434035,35.683879
47145,-97.434048,35.683940
47146,-97.434062,35.684000
47133,-97.432317,35.684218
47132,-97.432149,35.684228
47225,-97.434193,35.684638
47224,-97.434187,35.684699
47223,-97.434181,35.684761
47222,-97.434175,35.684822
47147,-97.434025,35.684626
47148,-97.434019,35.684687
47149,-97.434013,35.684749
47150,-97.434007,35.684810
47217,-97.434190,35.686168
47216,-97.434191,35.686230
47151,-97.433998,35.685403
47152,-97.434001,35.685465
47153,-97.434004,35.685526
47154,-97.434007,35.685588
47155,-97.434022,35.686170
47156,-97.434023,35.686232
47128,-97.431845,35.682248
47129,-97.431890,35.682879
47130,-97.431894,35.682933
47131,-97.432015,35.683495
47213,-97.435389,35.688155
47214,-97.434225,35.686927
47158,-97.434059,35.686947
47159,-97.434071,35.687008
44676,-97.473423,35.683828
44664,-97.473255,35.683814
44675,-97.473411,35.683913
44674,-97.473400,35.683998
44673,-97.473389,35.684084
44672,-97.473378,35.684169
44671,-97.473373,35.684248
44665,-97.473243,35.683899
44666,-97.473232,35.683984
44667,-97.473221,35.684070
44668,-97.473210,35.684155
44669,-97.473205,35.684246
44670,-97.473203,35.684332
42370,-97.475933,35.684692
42371,-97.476028,35.685392
44635,-97.467234,35.684937
44634,-97.467234,35.684977
44656,-97.467066,35.684937
44686,-97.467066,35.685058
44624,-97.467066,35.685158
44625,-97.467066,35.685359
44633,-97.467234,35.685922
44632,-97.467234,35.686002
44626,-97.467066,35.685942
44627,-97.467066,35.686022
44631,-97.467234,35.687027
44628,-97.467066,35.687068
44630,-97.467234,35.687912
44629,-97.467066,35.687992
42372,-97.475650,35.689063
42373,-97.475547,35.689935
44688,-97.474326,35.691302
44732,-97.474282,35.691439
44689,-97.474173,35.691298
44690,-97.473340,35.691236
44731,-97.473396,35.691379
44730,-97.473225,35.691362
44691,-97.472493,35.691188
44692,-97.472336,35.691180
44729,-97.472349,35.691319
44693,-97.471492,35.691175
44728,-97.471509,35.691313
44694,-97.470557,35.690529
44727,-97.470682,35.691664
44702,-97.470545,35.691758
44701,-97.470503,35.691662
44695,-97.470393,35.689991
44696,-97.470389,35.690529
44697,-97.470388,35.690626
44698,-97.470387,35.690695
44699,-97.470418,35.691350
44700,-97.470441,35.691502
44724,-97.471942,35.692568
44725,-97.471918,35.692567
44723,-97.471940,35.692706
44722,-97.471916,35.692705
44726,-97.471868,35.692567
44721,-97.470948,35.692865
44703,-97.470780,35.692859
44717,-97.473420,35.694582
44718,-97.473307,35.694582
44719,-97.472517,35.694578
44711,-97.473288,35.694720
44720,-97.472404,35.694578
44704,-97.470520,35.693684
44705,-97.470490,35.693787
44706,-97.470469,35.693879
44710,-97.472479,35.694716
44709,-97.472348,35.694715
44708,-97.471539,35.694712
44707,-97.471445,35.694711
42375,-97.475206,35.693190
42376,-97.475206,35.693309
42377,-97.475279,35.694192
44714,-97.475132,35.694590
42378,-97.475501,35.695414
44715,-97.474342,35.694586
44716,-97.474210,35.694586
44713,-97.474342,35.694724
44712,-97.474229,35.694724
44687,-97.475171,35.691324
44733,-97.475145,35.691461
42374,-97.475273,35.692430
