24137,-97.419744,35.580692
24136,-97.419745,35.580878
23999,-97.419576,35.580692
24000,-97.419577,35.580878
24001,-97.419582,35.581855
24134,-97.420062,35.582931
24135,-97.419752,35.582041
24002,-97.419584,35.582041
24133,-97.420165,35.583097
24132,-97.419810,35.585313
24131,-97.419784,35.585416
24003,-97.419702,35.585118
24004,-97.419656,35.585253
24005,-97.419618,35.585400
24043,-97.415641,35.581001
24042,-97.415639,35.581139
24044,-97.415427,35.580999
24041,-97.415510,35.581138
24040,-97.415425,35.581137
24008,-97.417812,35.585743
24007,-97.417811,35.585804
24006,-97.417810,35.585866
24009,-97.417644,35.585741
24010,-97.417642,35.585844
24045,-97.414573,35.580995
24039,-97.414571,35.581133
24046,-97.414360,35.580994
24038,-97.414358,35.581132
24035,-97.413201,35.580870
24047,-97.413514,35.580982
24037,-97.413498,35.581118
24036,-97.413257,35.580944
24129,-97.424709,35.587568
23998,-97.425190,35.592438
24117,-97.419558,35.586417
24118,-97.419576,35.586432
24130,-97.420070,35.587896
24119,-97.419649,35.587426
24120,-97.420061,35.588257
24128,-97.420139,35.588379
24127,-97.419909,35.588478
24116,-97.419203,35.586413
24115,-97.417608,35.586385
24011,-97.417416,35.586208
24114,-97.417418,35.586351
24126,-97.419046,35.588554
24121,-97.418036,35.588261
24125,-97.418150,35.588363
24113,-97.416499,35.586214
24012,-97.416342,35.586091
24112,-97.416362,35.586227
24013,-97.416195,35.586109
24111,-97.416235,35.586243
24014,-97.415387,35.586310
24110,-97.415377,35.586448
24122,-97.417034,35.588302
24124,-97.416980,35.588470
24123,-97.416807,35.588442
24015,-97.415132,35.586280
24016,-97.414252,35.586141
24109,-97.414252,35.586279
24017,-97.414096,35.586161
24108,-97.414115,35.586298
24018,-97.413962,35.586190
24107,-97.414004,35.586322
24019,-97.413122,35.586418
24106,-97.413178,35.586548
24020,-97.412948,35.586468
24105,-97.413004,35.586598
24023,-97.411769,35.586553
24021,-97.412030,35.586583
24104,-97.412024,35.586721
24022,-97.411860,35.586567
24102,-97.411737,35.586687
24103,-97.411828,35.586701
24156,-97.411598,35.587564
24155,-97.411804,35.588931
24154,-97.411636,35.589178
24153,-97.411804,35.589488
24152,-97.411804,35.589506
24151,-97.411804,35.589542
24150,-97.411804,35.589615
24148,-97.411804,35.590108
24149,-97.411636,35.590209
24147,-97.411804,35.590985
24146,-97.411636,35.591094
24145,-97.411803,35.591897
24144,-97.411634,35.591980
24143,-97.411634,35.592050
24142,-97.411631,35.592865
24138,-97.415470,35.594627
24139,-97.414108,35.594631
24140,-97.413733,35.594633
24301,-97.414124,35.594860
24302,-97.414123,35.594971
24101,-97.410876,35.586548
24100,-97.410603,35.586505
24083,-97.410918,35.580992
24034,-97.410920,35.581130
24084,-97.410747,35.580993
24033,-97.410749,35.581131
24085,-97.410066,35.581000
24032,-97.410068,35.581138
24086,-97.409897,35.581000
24087,-97.409216,35.580996
24031,-97.409214,35.581134
24088,-97.409045,35.580995
24030,-97.408335,35.581374
24089,-97.408183,35.581132
24090,-97.408166,35.581259
24091,-97.408167,35.581376
24029,-97.408342,35.582116
24028,-97.408343,35.582273
24027,-97.408355,35.582338
24092,-97.408174,35.582118
24093,-97.408175,35.582236
24094,-97.408189,35.582364
24026,-97.408536,35.583075
24025,-97.408542,35.583236
24095,-97.408368,35.583081
24096,-97.408375,35.583198
24097,-97.408371,35.583310
24024,-97.408508,35.584057
24098,-97.408340,35.584053
24099,-97.408335,35.584164
24082,-97.405398,35.580239
24081,-97.405406,35.580421
24048,-97.403931,35.580754
24080,-97.403705,35.581855
24049,-97.403545,35.581813
24079,-97.403636,35.582029
24078,-97.403628,35.583183
24050,-97.403083,35.583211
24077,-97.404273,35.584500
24071,-97.404103,35.584519
24076,-97.403786,35.585582
24075,-97.403813,35.585672
24073,-97.403649,35.585706
24072,-97.403622,35.585616
24051,-97.401569,35.583507
24052,-97.401005,35.583519
24070,-97.402152,35.584624
24069,-97.402174,35.584771
24062,-97.401986,35.584640
24068,-97.401973,35.585825
24063,-97.401807,35.585803
24061,-97.400116,35.583663
24053,-97.399905,35.583582
24054,-97.399831,35.583606
24060,-97.399556,35.584169
24059,-97.399540,35.584282
24055,-97.399500,35.584975
24058,-97.399677,35.585099
24056,-97.399509,35.585074
24057,-97.399278,35.585734
24141,-97.411628,35.593750
24305,-97.414284,35.595640
24304,-97.414285,35.595763
24303,-97.414116,35.595638
24300,-97.412564,35.594878
24299,-97.412564,35.594964
24294,-97.412396,35.594878
24295,-97.412397,35.594998
24298,-97.412568,35.595722
24296,-97.412400,35.595722
24297,-97.412538,35.596693
24157,-97.407282,35.587533
24158,-97.407265,35.588548
24159,-97.407256,35.589603
24160,-97.407261,35.590577
24161,-97.407266,35.591592
24162,-97.407273,35.592810
24201,-97.406016,35.588142
24202,-97.406016,35.588385
24203,-97.406184,35.589666
24204,-97.406016,35.589666
24205,-97.406016,35.589910
24074,-97.403956,35.586403
24172,-97.403363,35.588093
24168,-97.404392,35.588173
24169,-97.404197,35.588308
24200,-97.404272,35.588467
24170,-97.404034,35.588282
24191,-97.404126,35.588535
24199,-97.404376,35.588717
24192,-97.404207,35.588727
24198,-97.404420,35.590013
24193,-97.404279,35.590113
24171,-97.403492,35.588103
23959,-97.406027,35.591866
24196,-97.405464,35.591122
24195,-97.405245,35.590989
24206,-97.405891,35.592986
24167,-97.405476,35.593618
24165,-97.405591,35.593754
24166,-97.405591,35.593754
24207,-97.404951,35.593671
24197,-97.404504,35.590232
24194,-97.404313,35.590221
24208,-97.404662,35.593731
24209,-97.403745,35.593746
24164,-97.403436,35.593886
24210,-97.403372,35.593748
24163,-97.403280,35.593887
24293,-97.406194,35.594802
24292,-97.406194,35.594985
24279,-97.406026,35.594802
24280,-97.406026,35.594985
24291,-97.406183,35.595727
24281,-97.406015,35.595715
24290,-97.406206,35.596631
24282,-97.406038,35.596643
24289,-97.406225,35.596814
24283,-97.406057,35.596826
24288,-97.406327,35.597541
24287,-97.406355,35.597724
24284,-97.406161,35.597559
24285,-97.406183,35.597705
24286,-97.406189,35.597742
24278,-97.404498,35.595002
24257,-97.404356,35.594888
24277,-97.403857,35.595889
24258,-97.403689,35.595885
24276,-97.403962,35.597080
24275,-97.404004,35.598290
24259,-97.403781,35.596999
24260,-97.403836,35.598193
24269,-97.406799,35.600591
24270,-97.406518,35.600591
24268,-97.406518,35.600729
24271,-97.405395,35.600591
24267,-97.405395,35.600729
24274,-97.404004,35.598531
24273,-97.404004,35.599494
24272,-97.404004,35.599783
24261,-97.403836,35.598434
24262,-97.403836,35.599494
24263,-97.403836,35.599783
24266,-97.404010,35.600908
24264,-97.403840,35.600826
24265,-97.403845,35.601036
24067,-97.401955,35.586193
24066,-97.401970,35.586257
24173,-97.402486,35.588073
24174,-97.402187,35.588084
24065,-97.401806,35.586290
24064,-97.401789,35.586217
24190,-97.402672,35.588223
24189,-97.402667,35.588426
24181,-97.402504,35.588221
24182,-97.402499,35.588424
24188,-97.402699,35.589490
24183,-97.402531,35.589494
24187,-97.402710,35.589795
24184,-97.402539,35.589698
24185,-97.402542,35.589799
24186,-97.402546,35.589901
24225,-97.400927,35.590082
24224,-97.400734,35.588502
24175,-97.400548,35.588351
24180,-97.400550,35.588489
24179,-97.400327,35.588491
24223,-97.400734,35.588731
24222,-97.400743,35.588885
24177,-97.400166,35.588354
24176,-97.400168,35.588492
24178,-97.399975,35.588356
24226,-97.400626,35.590087
24227,-97.400476,35.590090
24228,-97.400251,35.590094
24221,-97.401118,35.590229
24232,-97.400931,35.590220
24220,-97.401118,35.590861
24219,-97.400908,35.591480
24214,-97.402603,35.592426
24213,-97.402504,35.592513
24215,-97.402350,35.592451
24216,-97.401902,35.592958
24212,-97.402050,35.593022
24211,-97.401963,35.593159
24231,-97.400668,35.590224
24230,-97.400480,35.590228
24229,-97.400218,35.590232
24218,-97.400478,35.592184
24233,-97.400402,35.591981
24239,-97.400322,35.592101
24234,-97.400246,35.591912
24235,-97.400142,35.591866
24238,-97.400140,35.592020
24236,-97.399977,35.591799
24237,-97.399963,35.591944
24217,-97.400349,35.592388
24240,-97.400084,35.593109
24241,-97.399894,35.593176
24247,-97.400392,35.593446
24246,-97.400273,35.593332
24245,-97.400150,35.593235
24244,-97.399940,35.593315
24242,-97.399810,35.593218
24243,-97.399815,35.593378
24251,-97.402206,35.594821
24252,-97.402291,35.595704
24253,-97.402217,35.596628
24254,-97.402146,35.597552
24255,-97.402129,35.597774
24250,-97.400630,35.594791
24249,-97.400185,35.594792
24256,-97.402331,35.598461
24248,-97.398629,35.594795
22179,-97.458016,35.594513
22040,-97.456771,35.594520
22041,-97.456736,35.594520
22173,-97.456833,35.596055
22164,-97.456946,35.596618
22174,-97.456780,35.596636
22163,-97.456555,35.597371
22178,-97.455019,35.594678
22159,-97.454851,35.594686
22042,-97.454829,35.594531
22044,-97.454340,35.594531
22177,-97.455030,35.595337
22160,-97.454864,35.595319
22176,-97.454955,35.595963
22162,-97.455714,35.597457
22175,-97.454980,35.596620
22161,-97.454812,35.596610
22045,-97.453748,35.594531
22158,-97.452822,35.594703
22146,-97.452658,35.594677
22043,-97.452453,35.594541
22157,-97.452762,35.595714
22147,-97.452594,35.595728
22156,-97.452876,35.596332
22155,-97.452885,35.596365
22148,-97.452712,35.596366
22149,-97.452755,35.596510
22154,-97.452899,35.597184
22153,-97.452896,35.597251
22150,-97.452731,35.597180
22151,-97.452726,35.597314
22152,-97.452899,35.598146
22103,-97.455753,35.598931
22102,-97.455634,35.598949
22108,-97.455604,35.598813
22109,-97.455485,35.598830
22101,-97.454597,35.599357
22110,-97.454397,35.599309
22100,-97.454501,35.599417
22111,-97.453627,35.599769
22099,-97.453711,35.599889
22112,-97.453417,35.599866
22098,-97.453459,35.600006
22113,-97.452509,35.599895
22097,-97.452499,35.600033
22096,-97.452257,35.600022
22046,-97.451588,35.594541
22145,-97.451630,35.594679
22144,-97.449525,35.594699
22139,-97.449540,35.595544
22143,-97.449540,35.595553
22138,-97.447964,35.594692
22140,-97.449553,35.596399
22142,-97.449553,35.596407
22141,-97.449548,35.597252
22114,-97.451301,35.599840
22095,-97.451291,35.599978
22116,-97.450548,35.598842
22115,-97.450698,35.598904
22117,-97.450040,35.599519
22094,-97.450061,35.599775
22119,-97.449299,35.599167
22118,-97.449895,35.599445
22091,-97.449805,35.599561
22092,-97.449950,35.599635
22093,-97.449917,35.599703
22120,-97.448279,35.598951
22084,-97.448274,35.599084
22083,-97.448279,35.599089
22090,-97.448416,35.599189
22089,-97.448395,35.599263
22088,-97.448374,35.599337
22085,-97.448252,35.599157
22086,-97.448231,35.599231
22087,-97.448210,35.599305
22137,-97.447072,35.594699
22136,-97.447308,35.595444
22134,-97.447303,35.596176
22135,-97.447135,35.596176
22133,-97.447302,35.596294
22132,-97.447129,35.597055
22131,-97.445721,35.594699
22127,-97.444929,35.594699
22128,-97.444953,35.596912
22130,-97.445106,35.598015
22129,-97.444924,35.598267
22121,-97.447895,35.598951
22122,-97.446349,35.598998
22082,-97.446383,35.599132
22081,-97.446050,35.599238
22123,-97.445970,35.599118
22126,-97.443772,35.594699
22124,-97.444839,35.599852
22080,-97.444859,35.599988
22125,-97.444466,35.599872
22047,-97.442784,35.600031
22036,-97.470815,35.594447
22029,-97.470682,35.594588
22030,-97.470069,35.594591
22038,-97.468231,35.594462
22037,-97.467611,35.594465
22010,-97.467732,35.597393
22011,-97.467731,35.597421
22009,-97.467729,35.597561
22014,-97.467344,35.598092
22015,-97.466729,35.598097
22012,-97.466577,35.598236
22008,-97.466546,35.598236
22039,-97.465647,35.594475
22028,-97.465580,35.594614
22013,-97.465960,35.598103
22016,-97.465191,35.598109
22017,-97.465099,35.598110
22007,-97.465083,35.598263
22004,-97.464915,35.598261
22018,-97.464622,35.598114
22003,-97.464685,35.598252
22002,-97.464624,35.598252
22006,-97.465080,35.598568
22005,-97.464912,35.598543
22027,-97.463030,35.594626
22019,-97.463581,35.598126
22001,-97.463583,35.598264
22020,-97.463274,35.598129
22169,-97.460318,35.595491
22168,-97.460320,35.595629
22026,-97.460505,35.595838
22025,-97.460506,35.595878
22021,-97.462049,35.598142
22000,-97.462051,35.598280
22022,-97.461927,35.598144
21999,-97.461898,35.598282
22024,-97.460514,35.596766
22180,-97.460336,35.597635
22023,-97.460526,35.597880
21998,-97.460524,35.599108
21997,-97.460521,35.599311
21996,-97.460518,35.599482
22170,-97.460115,35.595493
22167,-97.460117,35.595631
22171,-97.458869,35.595505
22166,-97.458871,35.595643
22172,-97.458666,35.595507
22165,-97.458668,35.595645
22181,-97.460218,35.597778
22104,-97.459339,35.598751
22105,-97.458131,35.598735
22106,-97.456914,35.598836
22107,-97.456649,35.598854
22034,-97.475778,35.594362
22031,-97.475780,35.594500
22035,-97.475209,35.594369
22033,-97.474556,35.594516
22032,-97.473231,35.594537
22077,-97.445998,35.603732
22059,-97.446229,35.604255
22060,-97.446236,35.604400
22071,-97.446405,35.604694
22061,-97.446242,35.604545
22062,-97.446160,35.604681
22070,-97.446010,35.604819
22078,-97.445871,35.603630
22063,-97.445860,35.604682
22069,-97.445860,35.604820
22068,-97.445710,35.604821
22064,-97.445561,35.604683
22067,-97.445561,35.604821
22065,-97.445261,35.604685
26458,-97.445064,35.605901
26459,-97.444896,35.605833
26462,-97.444896,35.606579
26460,-97.444896,35.606647
26461,-97.444896,35.606715
26457,-97.445064,35.607563
22079,-97.443804,35.603416
22066,-97.443814,35.603554
24309,-97.442640,35.603623
24326,-97.442709,35.603763
24325,-97.442045,35.603760
22058,-97.442934,35.606181
24324,-97.441768,35.603831
24323,-97.441671,35.603870
24310,-97.441597,35.603746
24308,-97.440759,35.604701
24307,-97.440436,35.604781
22056,-97.442946,35.606990
22057,-97.442943,35.606869
22055,-97.442947,35.607605
22054,-97.442934,35.608476
22048,-97.442774,35.606840
22049,-97.442776,35.606964
22050,-97.442779,35.607603
24306,-97.438964,35.604822
24311,-97.438562,35.604695
24322,-97.438604,35.604832
23972,-97.439541,35.606751
23973,-97.438571,35.606757
24313,-97.436877,35.604471
24312,-97.437079,35.604531
24321,-97.437055,35.604671
23974,-97.437929,35.606760
23976,-97.437799,35.606757
23975,-97.437860,35.606897
23978,-97.437057,35.606745
23977,-97.437118,35.606884
23995,-97.437119,35.608461
23996,-97.436924,35.608461
23987,-97.436311,35.606744
23986,-97.436263,35.606745
23984,-97.436247,35.606745
23985,-97.436231,35.606745
23983,-97.436182,35.606746
23982,-97.436166,35.606746
23981,-97.436134,35.606746
23980,-97.436102,35.606746
23994,-97.437119,35.608599
23993,-97.436956,35.608599
23992,-97.436794,35.608599
24314,-97.435429,35.603892
24320,-97.435444,35.604048
24319,-97.435419,35.604038
24318,-97.435347,35.604011
24317,-97.435323,35.604002
24315,-97.434859,35.603713
24316,-97.434823,35.603847
23971,-97.435518,35.607669
26483,-97.432591,35.603775
26474,-97.431916,35.603897
26475,-97.431798,35.603911
26477,-97.431942,35.604033
26467,-97.432877,35.604602
26468,-97.432908,35.604730
26482,-97.432685,35.604516
26481,-97.432780,35.605360
26480,-97.432781,35.605458
26469,-97.432950,35.605553
26479,-97.432782,35.605555
26470,-97.432957,35.606367
23990,-97.435350,35.607725
23970,-97.435349,35.607822
23988,-97.435514,35.608376
23979,-97.435346,35.608349
23989,-97.435346,35.608447
23969,-97.435511,35.608661
23991,-97.435344,35.608611
23997,-97.435343,35.608662
26471,-97.432963,35.607018
26472,-97.432964,35.607181
26478,-97.432796,35.607183
26473,-97.432804,35.607997
26476,-97.431329,35.603928
26486,-97.426887,35.609111
26485,-97.429390,35.609139
26484,-97.432359,35.609161
26466,-97.434032,35.609151
26465,-97.438831,35.609141
26463,-97.444896,35.608275
26464,-97.444896,35.608343
21934,-97.448452,35.606837
21935,-97.448282,35.607268
21933,-97.448448,35.607984
21936,-97.448280,35.607860
21932,-97.448445,35.608576
21912,-97.454370,35.605450
21917,-97.454368,35.605588
21893,-97.454554,35.605836
21892,-97.454554,35.605930
21918,-97.454386,35.605836
21919,-97.454386,35.605930
21914,-97.454178,35.605586
21916,-97.454151,35.605586
21915,-97.454124,35.605586
21913,-97.453490,35.605444
21920,-97.454386,35.606540
21921,-97.454386,35.606774
21929,-97.451591,35.606084
21930,-97.451598,35.606724
21928,-97.451767,35.606786
21931,-97.451599,35.606852
21927,-97.451774,35.607522
21926,-97.451775,35.607650
21925,-97.451779,35.608322
21924,-97.451780,35.608386
22273,-97.458879,35.604601
22274,-97.458852,35.604601
22287,-97.458932,35.604739
22286,-97.458905,35.604739
22285,-97.458879,35.604739
22334,-97.458293,35.605529
22256,-97.457478,35.603792
22257,-97.457446,35.603792
22261,-97.457480,35.603930
22260,-97.457448,35.603930
22259,-97.457416,35.603930
22258,-97.457384,35.603930
22247,-97.456673,35.603086
22246,-97.456673,35.603115
22245,-97.456674,35.603144
22237,-97.456505,35.603088
22238,-97.456505,35.603117
22239,-97.456506,35.603146
22240,-97.456506,35.603174
21908,-97.456133,35.603334
22241,-97.456514,35.603951
21909,-97.456144,35.603657
22242,-97.456513,35.603976
22243,-97.456513,35.604001
21911,-97.456144,35.604374
22275,-97.458078,35.604601
22276,-97.458022,35.604601
22277,-97.457966,35.604601
22284,-97.458078,35.604739
22283,-97.458022,35.604739
22282,-97.457966,35.604739
22278,-97.457910,35.604601
22244,-97.457854,35.604601
22281,-97.457910,35.604739
22280,-97.457854,35.604739
22279,-97.457798,35.604739
22301,-97.458068,35.605392
22302,-97.458040,35.605392
22303,-97.458013,35.605392
22304,-97.457986,35.605393
22305,-97.457959,35.605393
22306,-97.457932,35.605393
22333,-97.458070,35.605530
22332,-97.458042,35.605530
22331,-97.458014,35.605530
22330,-97.457987,35.605531
22329,-97.457959,35.605531
22345,-97.458159,35.606221
22346,-97.458100,35.606221
22347,-97.458041,35.606221
22348,-97.457982,35.606221
22349,-97.457923,35.606221
22356,-97.458159,35.606359
22355,-97.458100,35.606359
22354,-97.458041,35.606359
22353,-97.457982,35.606359
22352,-97.457923,35.606359
22350,-97.457863,35.606221
22351,-97.457863,35.606359
22307,-97.456526,35.605587
22308,-97.456526,35.605794
22309,-97.456526,35.606001
22310,-97.456526,35.606208
22311,-97.456526,35.606379
22367,-97.458139,35.607031
22368,-97.458081,35.607031
22369,-97.458023,35.607031
22370,-97.457964,35.607031
22371,-97.457906,35.607031
22372,-97.457848,35.607031
22378,-97.458139,35.607169
22377,-97.458081,35.607169
22376,-97.458023,35.607169
22375,-97.457964,35.607169
22374,-97.457906,35.607169
22373,-97.457848,35.607169
22328,-97.456694,35.607208
22327,-97.456694,35.607235
22312,-97.456526,35.606673
22313,-97.456526,35.606687
22314,-97.456526,35.606701
22315,-97.456526,35.607182
22316,-97.456526,35.607208
22317,-97.456526,35.607235
22318,-97.456526,35.607261
22326,-97.456698,35.607846
22325,-97.456698,35.607872
22324,-97.456698,35.607899
22323,-97.456699,35.607925
22322,-97.456699,35.607952
22319,-97.456530,35.607846
22320,-97.456530,35.607872
22321,-97.456530,35.607899
21896,-97.455972,35.603154
21907,-97.455928,35.603286
21897,-97.455819,35.603131
21898,-97.454835,35.603131
21906,-97.454835,35.603269
21905,-97.454790,35.603269
21904,-97.454768,35.603269
21903,-97.454667,35.603269
21902,-97.454634,35.603269
21901,-97.454142,35.603269
21910,-97.455532,35.605443
21895,-97.455959,35.605579
21894,-97.454554,35.605602
21891,-97.454554,35.606774
21890,-97.454554,35.606915
21922,-97.454386,35.607361
21923,-97.454386,35.607947
22189,-97.458466,35.602370
22190,-97.458466,35.602395
22191,-97.458466,35.602420
22227,-97.457646,35.602370
22226,-97.457654,35.602423
22228,-97.457431,35.602231
22251,-97.457490,35.602422
22252,-97.457486,35.602423
22229,-97.457402,35.602231
22230,-97.457373,35.602231
22231,-97.457345,35.602231
22232,-97.457316,35.602231
22250,-97.457345,35.602369
22249,-97.456664,35.602401
22248,-97.456664,35.602429
22233,-97.456511,35.602348
22234,-97.456496,35.602403
22235,-97.456496,35.602431
22197,-97.460103,35.603037
22204,-97.459503,35.603001
22196,-97.459503,35.603139
22205,-97.459436,35.603001
22195,-97.459436,35.603139
22213,-97.459795,35.603908
22212,-97.459812,35.604186
22292,-97.459810,35.604358
22291,-97.459810,35.604368
22214,-97.459559,35.603800
22215,-97.459521,35.603799
22216,-97.459483,35.603799
22268,-97.459559,35.603938
22267,-97.459521,35.603937
22266,-97.459483,35.603937
22217,-97.459445,35.603799
22192,-97.458467,35.602445
22193,-97.458467,35.602470
22194,-97.458468,35.602495
22218,-97.458610,35.603795
22219,-97.458572,35.603795
22265,-97.458610,35.603933
22264,-97.458572,35.603933
22220,-97.458534,35.603795
22221,-97.458496,35.603794
22263,-97.458534,35.603933
22262,-97.458496,35.603932
22293,-97.459722,35.605436
22269,-97.459594,35.604601
22270,-97.459567,35.604601
22290,-97.459594,35.604739
22289,-97.459567,35.604739
22288,-97.459541,35.604739
22294,-97.459708,35.605431
22295,-97.459479,35.605391
22296,-97.459429,35.605391
22297,-97.459380,35.605391
22298,-97.459330,35.605391
22299,-97.459281,35.605391
22300,-97.459232,35.605391
22389,-97.459832,35.605954
22388,-97.459824,35.606372
22387,-97.459824,35.606399
22386,-97.459824,35.606427
22385,-97.459824,35.606455
22339,-97.459479,35.605529
22338,-97.459431,35.605529
22337,-97.459384,35.605529
22336,-97.459336,35.605529
22335,-97.459289,35.605529
22340,-97.459639,35.606221
22341,-97.459579,35.606221
22342,-97.459520,35.606221
22343,-97.459461,35.606221
22361,-97.459639,35.606359
22360,-97.459579,35.606359
22359,-97.459520,35.606359
22358,-97.459461,35.606359
22344,-97.459402,35.606221
22357,-97.459402,35.606359
22271,-97.458932,35.604601
22272,-97.458905,35.604601
22225,-97.457654,35.602451
22224,-97.457654,35.602479
22253,-97.457486,35.602451
22223,-97.457659,35.603093
22222,-97.457659,35.603121
22254,-97.457491,35.603093
22255,-97.457491,35.603121
22236,-97.456496,35.602460
22362,-97.459599,35.607031
22363,-97.459540,35.607031
22364,-97.459482,35.607031
22365,-97.459423,35.607031
22366,-97.459365,35.607031
22384,-97.459599,35.607169
22383,-97.459540,35.607169
22382,-97.459482,35.607169
22381,-97.459423,35.607169
22380,-97.459365,35.607169
22379,-97.459307,35.607169
21977,-97.462657,35.602367
21995,-97.462627,35.602231
21976,-97.462610,35.602379
21975,-97.462552,35.602394
21974,-97.462494,35.602410
21973,-97.462436,35.602425
22211,-97.459759,35.602332
22210,-97.459715,35.602332
22209,-97.459671,35.602332
22208,-97.459627,35.602333
17278,-97.465091,35.604093
17350,-97.465121,35.604229
17279,-97.465035,35.604076
17280,-97.464979,35.604060
17349,-97.465033,35.604221
17348,-97.464977,35.604204
17281,-97.464923,35.604043
17347,-97.464921,35.604188
17346,-97.464865,35.604171
21952,-97.464810,35.604934
21953,-97.464754,35.604923
21954,-97.464698,35.604912
21955,-97.464620,35.604901
21956,-97.464562,35.604902
21951,-97.464772,35.605068
21950,-97.464716,35.605057
21949,-97.464660,35.605046
21948,-97.464624,35.605039
21947,-97.464566,35.605040
17312,-97.463493,35.602950
17313,-97.463438,35.602951
17299,-97.463458,35.603089
17314,-97.463384,35.602952
17315,-97.463329,35.602953
17298,-97.463403,35.603090
17297,-97.463347,35.603090
17282,-97.463731,35.604095
17283,-97.463671,35.604097
17284,-97.463611,35.604098
17345,-97.463737,35.604233
17344,-97.463677,35.604235
17343,-97.463617,35.604236
17342,-97.463557,35.604238
17285,-97.463551,35.604100
17286,-97.463491,35.604102
17341,-97.463497,35.604240
17340,-97.463438,35.604242
17316,-97.463274,35.602953
17317,-97.463219,35.602954
17296,-97.463292,35.603091
17295,-97.463237,35.603092
17294,-97.463181,35.603093
17318,-97.463165,35.602955
17319,-97.463110,35.602956
17320,-97.463055,35.602956
17293,-97.463126,35.603093
17292,-97.463070,35.603094
17321,-97.463001,35.602957
17291,-97.463015,35.603095
17290,-97.462959,35.603096
17289,-97.462904,35.603096
21972,-97.462378,35.602440
21957,-97.463349,35.604925
21946,-97.463353,35.605063
21958,-97.463291,35.604926
21959,-97.463175,35.604928
21960,-97.463117,35.604929
21945,-97.463295,35.605064
21944,-97.463237,35.605065
21943,-97.463179,35.605066
21942,-97.463121,35.605067
17322,-97.462126,35.602969
17323,-97.461899,35.602972
17328,-97.461901,35.603110
17324,-97.461791,35.602973
17329,-97.461817,35.603111
17325,-97.461684,35.602974
17330,-97.461734,35.603112
17331,-97.461651,35.603113
17332,-97.461567,35.603114
17333,-97.461484,35.603115
17288,-97.462097,35.603495
17287,-97.462097,35.603510
17336,-97.461929,35.603499
17337,-97.461929,35.603514
17338,-97.461929,35.603528
17339,-97.461930,35.603543
17326,-97.461180,35.602719
17327,-97.461180,35.602721
17334,-97.460989,35.603029
17335,-97.460976,35.603029
22201,-97.460296,35.602893
22202,-97.460229,35.602895
22200,-97.460302,35.603031
22199,-97.460235,35.603033
21970,-97.461134,35.603968
21969,-97.461134,35.603987
21968,-97.461134,35.603993
21971,-97.460966,35.603968
21967,-97.460978,35.604290
21966,-97.460958,35.604294
21961,-97.461904,35.604952
21962,-97.461846,35.604954
21963,-97.461788,35.604955
21941,-97.461908,35.605090
21940,-97.461850,35.605092
21939,-97.461792,35.605093
21964,-97.461730,35.604956
21965,-97.461672,35.604957
21938,-97.461734,35.605094
21937,-97.461676,35.605095
22203,-97.460163,35.602897
22198,-97.460169,35.603035
22182,-97.459757,35.602194
22183,-97.459713,35.602194
22184,-97.459669,35.602194
22185,-97.459625,35.602195
22186,-97.459206,35.602197
22207,-97.459208,35.602335
22187,-97.459162,35.602197
22188,-97.459118,35.602198
22206,-97.459164,35.602335
21899,-97.454097,35.603131
21900,-97.453717,35.603131
22073,-97.446404,35.604394
22076,-97.446253,35.603945
22075,-97.446357,35.604077
22074,-97.446397,35.604249
22072,-97.446410,35.604539
17256,-97.468817,35.602869
17231,-97.469659,35.604531
17232,-97.469577,35.604531
17433,-97.469676,35.604682
17434,-97.469676,35.604877
17435,-97.469676,35.605072
17436,-97.469676,35.605267
17382,-97.468498,35.605025
17381,-97.468417,35.605027
16976,-97.468866,35.605807
16975,-97.468879,35.605851
16977,-97.468854,35.605764
16974,-97.468893,35.605917
16973,-97.468889,35.605962
16972,-97.468884,35.606007
16978,-97.468690,35.605796
16980,-97.468715,35.605883
16979,-97.468702,35.605839
16981,-97.468725,35.605905
16982,-97.468721,35.605950
16983,-97.468709,35.606035
16986,-97.468587,35.607058
21985,-97.465678,35.602152
21986,-97.465678,35.602152
21987,-97.465617,35.602152
17304,-97.465827,35.602320
17303,-97.465809,35.602362
17302,-97.465791,35.602405
21988,-97.465556,35.602153
21989,-97.465495,35.602153
21990,-97.465434,35.602154
21984,-97.465558,35.602291
21983,-97.465497,35.602291
21982,-97.465436,35.602292
21991,-97.464156,35.602168
21992,-97.464096,35.602168
21981,-97.464158,35.602306
21980,-97.464098,35.602306
21993,-97.464035,35.602169
21994,-97.463974,35.602170
21979,-97.464037,35.602307
21978,-97.463976,35.602308
17242,-97.468388,35.603667
17257,-97.468208,35.603674
17241,-97.468368,35.603716
17240,-97.468348,35.603766
17239,-97.468328,35.603815
17238,-97.468308,35.603865
17258,-97.468188,35.603724
17259,-97.468168,35.603773
17260,-97.468148,35.603823
17261,-97.468128,35.603872
17262,-97.468108,35.603922
17267,-97.466650,35.603774
17268,-97.466537,35.603767
17357,-97.466559,35.603903
17356,-97.466519,35.603910
17269,-97.466461,35.603780
17270,-97.466405,35.603797
17355,-97.466463,35.603927
17354,-97.466407,35.603944
17233,-97.468411,35.604889
17234,-97.468330,35.604892
17235,-97.468249,35.604894
17236,-97.468168,35.604896
17237,-97.468087,35.604899
17380,-97.468336,35.605030
17379,-97.468255,35.605032
17378,-97.468174,35.605034
17377,-97.468093,35.605037
17376,-97.467863,35.605041
17375,-97.467747,35.605044
16992,-97.467804,35.606447
16993,-97.467643,35.606206
16994,-97.467638,35.606326
16995,-97.467636,35.606447
17266,-97.466732,35.604640
17265,-97.466731,35.604649
17264,-97.466731,35.604658
17263,-97.466730,35.604667
17358,-97.466565,35.604620
17359,-97.466564,35.604628
17360,-97.466563,35.604637
17361,-97.466563,35.604646
17362,-97.466577,35.604881
17363,-97.466545,35.604889
17364,-97.466514,35.604898
17365,-97.466483,35.604906
17366,-97.466465,35.604912
17367,-97.466433,35.604916
17374,-97.466631,35.605011
17373,-97.466599,35.605019
17372,-97.466568,35.605028
17371,-97.466537,35.605036
17370,-97.466493,35.605048
17369,-97.466461,35.605052
17368,-97.466429,35.605057
17301,-97.465773,35.602448
17305,-97.465597,35.602445
17306,-97.465579,35.602487
17271,-97.466349,35.603814
17272,-97.466293,35.603830
17353,-97.466351,35.603960
17273,-97.466236,35.603847
17274,-97.466180,35.603864
17275,-97.466124,35.603881
17352,-97.466294,35.603977
17307,-97.464860,35.602931
17308,-97.464805,35.602932
17309,-97.464696,35.602934
17310,-97.464641,35.602934
17311,-97.464587,35.602935
17300,-97.464677,35.603072
17276,-97.465181,35.604091
17277,-97.465121,35.604091
17351,-97.465181,35.604229
16991,-97.467804,35.606687
16990,-97.467804,35.606928
16996,-97.467636,35.606687
16997,-97.467636,35.606928
16988,-97.467842,35.607357
16989,-97.467828,35.607347
17002,-97.467761,35.607481
17001,-97.467746,35.607471
16999,-97.467718,35.607451
17000,-97.467732,35.607461
16998,-97.467644,35.607105
17011,-97.466720,35.606810
17010,-97.466772,35.607636
17012,-97.466606,35.607654
17013,-97.466616,35.607812
17188,-97.472774,35.603785
17183,-97.472770,35.603923
17189,-97.472646,35.603783
17182,-97.472642,35.603921
17179,-97.473018,35.604618
17180,-97.472835,35.604558
17395,-97.472930,35.604736
17181,-97.472672,35.604540
17394,-97.472704,35.604682
17396,-97.472620,35.605281
17397,-97.472558,35.605281
17419,-97.472620,35.605419
17418,-97.472558,35.605419
17420,-97.472642,35.605886
17190,-97.472379,35.603781
17191,-97.472308,35.603781
17220,-97.472379,35.603919
17219,-97.472308,35.603919
17192,-97.472237,35.603781
17193,-97.472167,35.603781
17218,-97.472237,35.603919
17217,-97.472167,35.603919
17194,-97.470897,35.603781
17216,-97.470897,35.603919
17195,-97.470827,35.603781
17196,-97.470756,35.603781
17215,-97.470827,35.603919
17214,-97.470756,35.603919
17197,-97.470686,35.603781
17198,-97.470615,35.603781
17213,-97.470686,35.603919
17212,-97.470615,35.603919
17199,-97.470545,35.603781
17200,-97.470474,35.603781
17211,-97.470545,35.603919
17210,-97.470474,35.603919
17221,-97.472290,35.604521
17393,-97.472379,35.604659
17392,-97.472296,35.604659
17222,-97.472202,35.604521
17391,-97.472213,35.604659
17390,-97.472131,35.604659
17223,-97.472113,35.604521
17398,-97.472496,35.605281
17399,-97.472434,35.605281
17417,-97.472496,35.605419
17416,-97.472434,35.605419
17400,-97.472372,35.605281
17401,-97.472310,35.605281
17415,-97.472372,35.605419
17421,-97.472409,35.606265
17422,-97.472356,35.606247
17423,-97.472303,35.606229
17453,-97.472345,35.606393
17452,-97.472292,35.606375
17424,-97.472250,35.606212
17451,-97.472239,35.606357
17450,-97.472186,35.606340
17402,-97.471380,35.605281
17414,-97.471380,35.605419
17403,-97.471317,35.605281
17404,-97.471255,35.605281
17413,-97.471317,35.605419
17412,-97.471255,35.605419
17405,-97.471193,35.605281
17406,-97.471131,35.605281
17411,-97.471193,35.605419
17410,-97.471131,35.605419
17407,-97.471069,35.605281
17408,-97.471007,35.605281
17409,-97.471069,35.605419
17389,-97.470479,35.604665
17425,-97.471282,35.606050
17449,-97.471280,35.606188
17426,-97.471225,35.606049
17427,-97.471168,35.606049
17428,-97.471111,35.606048
17448,-97.471223,35.606187
17447,-97.471166,35.606187
17446,-97.471109,35.606186
17429,-97.471054,35.606048
17430,-97.470998,35.606048
17445,-97.471052,35.606186
17444,-97.470996,35.606186
17431,-97.470941,35.606047
17443,-97.470939,35.606185
17442,-97.470882,35.606185
17201,-97.470404,35.603781
17209,-97.470404,35.603919
17202,-97.470333,35.603781
17203,-97.470263,35.603781
17208,-97.470333,35.603919
17207,-97.470263,35.603919
17204,-97.470192,35.603781
17205,-97.470122,35.603781
17206,-97.470192,35.603919
17248,-97.469014,35.602521
17249,-97.468990,35.602569
17250,-97.468967,35.602617
17251,-97.468943,35.602666
17247,-97.469099,35.602716
17246,-97.469076,35.602764
17245,-97.469052,35.602813
17244,-97.469029,35.602861
17243,-97.468983,35.602924
17252,-97.468920,35.602714
17253,-97.468896,35.602763
17254,-97.468874,35.602817
17255,-97.468853,35.602838
17224,-97.470434,35.604527
17225,-97.470346,35.604528
17388,-97.470396,35.604666
17226,-97.470257,35.604528
17387,-97.470314,35.604666
17386,-97.470231,35.604666
17227,-97.470169,35.604528
17385,-97.470149,35.604666
17228,-97.470080,35.604529
17229,-97.469992,35.604529
17384,-97.470066,35.604667
17383,-97.469983,35.604667
17230,-97.469904,35.604529
17432,-97.469845,35.605444
17437,-97.469677,35.605446
17438,-97.469677,35.605474
17439,-97.469678,35.605501
17440,-97.469678,35.605528
17441,-97.469678,35.605556
17454,-97.471767,35.606891
17455,-97.471699,35.606874
17456,-97.471630,35.606856
17476,-97.471715,35.607021
17475,-97.471647,35.607004
17457,-97.471550,35.606842
17474,-97.471578,35.606986
17473,-97.471518,35.606976
17480,-97.470810,35.607566
17481,-97.470770,35.607567
17482,-97.470730,35.607567
17483,-97.470691,35.607568
17484,-97.470651,35.607568
17485,-97.470611,35.607569
17492,-97.470613,35.607707
17491,-97.470573,35.607707
17458,-97.470316,35.606821
17459,-97.470244,35.606821
17472,-97.470316,35.606959
17471,-97.470244,35.606959
17460,-97.470173,35.606821
17461,-97.470101,35.606821
17470,-97.470173,35.606959
17469,-97.470101,35.606959
17462,-97.470029,35.606821
17463,-97.469957,35.606821
17468,-97.470029,35.606959
17467,-97.469957,35.606959
17464,-97.469885,35.606821
17465,-97.469652,35.606818
17466,-97.469641,35.606817
17486,-97.469664,35.606971
17487,-97.469663,35.606993
17488,-97.469663,35.607016
17489,-97.469663,35.607039
17490,-97.469662,35.607061
16971,-97.469143,35.606968
16984,-97.468861,35.606903
16985,-97.468701,35.606971
16969,-97.468869,35.607360
16968,-97.468791,35.607482
16967,-97.468781,35.607477
16966,-97.468771,35.607473
16970,-97.468622,35.607243
16987,-97.468476,35.607175
16965,-97.468286,35.607746
17159,-97.472803,35.606913
17158,-97.472637,35.606867
17155,-97.473122,35.607558
17156,-97.473078,35.607556
17120,-97.473114,35.607696
17119,-97.473070,35.607694
17157,-97.472471,35.606822
17115,-97.472180,35.608349
17094,-97.472182,35.608487
17116,-97.472116,35.608349
17117,-97.472053,35.608349
17093,-97.472118,35.608487
17092,-97.472055,35.608487
17477,-97.471619,35.607641
17478,-97.471581,35.607631
17479,-97.471543,35.607622
17500,-97.471531,35.607763
17499,-97.471493,35.607754
17118,-97.471989,35.608350
17091,-97.471991,35.608488
17501,-97.471580,35.608348
17502,-97.471540,35.608348
17518,-97.471578,35.608486
17498,-97.471455,35.607744
17497,-97.470812,35.607704
17496,-97.470772,35.607705
17495,-97.470732,35.607705
17494,-97.470693,35.607706
17493,-97.470653,35.607706
17503,-97.470869,35.608341
17517,-97.470867,35.608479
17504,-97.470829,35.608341
17505,-97.470790,35.608340
17506,-97.470750,35.608340
17516,-97.470827,35.608479
17515,-97.470788,35.608478
17514,-97.470748,35.608478
17507,-97.470710,35.608340
17508,-97.470671,35.608339
17509,-97.470631,35.608339
17513,-97.470708,35.608478
17512,-97.470669,35.608477
17511,-97.470629,35.608477
17510,-97.470592,35.608338
16961,-97.468735,35.608230
16962,-97.468722,35.608237
16963,-97.468710,35.608245
16960,-97.468848,35.608333
16959,-97.468835,35.608340
16958,-97.468822,35.608347
16964,-97.468282,35.607757
17009,-97.468101,35.607981
17003,-97.468040,35.608124
17008,-97.468062,35.608261
17007,-97.468047,35.608264
17004,-97.468024,35.608127
17005,-97.468009,35.608130
17006,-97.468031,35.608267
16957,-97.475869,35.604594
16951,-97.475704,35.604539
16953,-97.475667,35.604574
16952,-97.475626,35.604616
16955,-97.475595,35.604655
16950,-97.475567,35.604746
16954,-97.475561,35.604769
16956,-97.475538,35.604859
16947,-97.473964,35.602855
16946,-97.473836,35.602848
16945,-97.473708,35.602841
16937,-97.473617,35.602700
17186,-97.473031,35.603789
17185,-97.473027,35.603927
17187,-97.472902,35.603787
17184,-97.472898,35.603925
17178,-97.473172,35.604774
17177,-97.473230,35.604952
17176,-97.473220,35.605163
17175,-97.473144,35.605328
17166,-97.473276,35.606003
17167,-97.473193,35.605925
17169,-97.473091,35.605887
17168,-97.473142,35.605906
17165,-97.473287,35.606048
17164,-97.473298,35.606093
17163,-97.473304,35.606152
17162,-97.473304,35.606198
17171,-97.473123,35.606076
17170,-97.473112,35.606031
28729,-97.475916,35.607222
17142,-97.475102,35.607463
17143,-97.475058,35.607461
17144,-97.475014,35.607459
17141,-97.475531,35.607657
17140,-97.475544,35.607805
17139,-97.475544,35.607940
17132,-97.475376,35.607898
17133,-97.475376,35.608050
17138,-97.475544,35.608075
17137,-97.475544,35.608210
17134,-97.475376,35.608202
17136,-97.475544,35.608442
17135,-97.475544,35.608462
17131,-97.475028,35.607598
17105,-97.474946,35.608434
17104,-97.474883,35.608435
17145,-97.474227,35.607500
17146,-97.474185,35.607509
17147,-97.474143,35.607518
17148,-97.474100,35.607528
17149,-97.474058,35.607537
17150,-97.474015,35.607546
17130,-97.474271,35.607632
17129,-97.474229,35.607641
17128,-97.474187,35.607650
17127,-97.474144,35.607660
17126,-97.474102,35.607669
17125,-97.474059,35.607678
17151,-97.473973,35.607556
17152,-97.473944,35.607562
17124,-97.474017,35.607688
17123,-97.473960,35.607698
17153,-97.473900,35.607565
17122,-97.473916,35.607701
17106,-97.473770,35.608341
17107,-97.473706,35.608341
17103,-97.473772,35.608479
17102,-97.473708,35.608479
17108,-97.473643,35.608341
17109,-97.473579,35.608342
17101,-97.473645,35.608479
17100,-97.473581,35.608480
17172,-97.473160,35.606829
17161,-97.473180,35.606965
17174,-97.472857,35.606783
17173,-97.473023,35.606828
17160,-97.472969,35.606958
17154,-97.473166,35.607560
17121,-97.473158,35.607698
17110,-97.473516,35.608342
17111,-97.473452,35.608342
17099,-97.473518,35.608480
17098,-97.473454,35.608480
17112,-97.473388,35.608343
17113,-97.473325,35.608343
17097,-97.473390,35.608481
17096,-97.473327,35.608481
17114,-97.473261,35.608343
17095,-97.473263,35.608481
16938,-97.472350,35.602731
16944,-97.472375,35.602868
16935,-97.474912,35.601915
16934,-97.474852,35.601835
16948,-97.475297,35.602801
16936,-97.473936,35.602715
16943,-97.471620,35.602369
16940,-97.471384,35.602232
16941,-97.471229,35.602234
16942,-97.471151,35.602234
24427,-97.448087,35.610160
24424,-97.448049,35.610294
23965,-97.447637,35.609124
24405,-97.447885,35.610291
24406,-97.447883,35.610476
24374,-97.446914,35.610431
24373,-97.446914,35.610465
24372,-97.446914,35.610499
24371,-97.446914,35.610533
24370,-97.446914,35.610568
23966,-97.446209,35.609131
23967,-97.446209,35.609131
24376,-97.446484,35.609655
24400,-97.446431,35.609638
24375,-97.446904,35.610381
24377,-97.446742,35.610415
24378,-97.446746,35.610431
24379,-97.446746,35.610550
24380,-97.446688,35.610578
24381,-97.446645,35.610577
24382,-97.446602,35.610576
24383,-97.446559,35.610576
24399,-97.446171,35.609756
24398,-97.446150,35.609757
24332,-97.446138,35.609619
24333,-97.446116,35.609620
23968,-97.445770,35.609129
24334,-97.445671,35.609443
24335,-97.445503,35.609441
24336,-97.445500,35.609538
26835,-97.444902,35.609341
24337,-97.445498,35.609636
24338,-97.445496,35.609815
24397,-97.445664,35.610411
24396,-97.445664,35.610519
24339,-97.445496,35.610411
24340,-97.445496,35.610438
24341,-97.445496,35.610492
24342,-97.445496,35.610519
24343,-97.445496,35.610547
26836,-97.444937,35.610105
24407,-97.447881,35.610662
24408,-97.447879,35.610847
24369,-97.446915,35.610749
24368,-97.446916,35.610786
24367,-97.446917,35.610823
24366,-97.446918,35.610860
24365,-97.446919,35.610897
24364,-97.446919,35.610935
24363,-97.446920,35.610972
24362,-97.446921,35.611009
24361,-97.446922,35.611046
24388,-97.446727,35.610717
24387,-97.446684,35.610716
24389,-97.446751,35.610937
24386,-97.446641,35.610715
24385,-97.446598,35.610714
24384,-97.446555,35.610714
24390,-97.446708,35.611449
24391,-97.446665,35.611448
24360,-97.446704,35.611587
24359,-97.446661,35.611586
24392,-97.446622,35.611447
24393,-97.446578,35.611447
24358,-97.446618,35.611585
24357,-97.446574,35.611585
24356,-97.446531,35.611584
24355,-97.446488,35.611583
24354,-97.446444,35.611582
24353,-97.446401,35.611582
24395,-97.445664,35.610783
24394,-97.445666,35.610909
24344,-97.445496,35.610731
24345,-97.445496,35.610767
24346,-97.445497,35.610803
24347,-97.445497,35.610839
24348,-97.445498,35.610875
24349,-97.445498,35.610911
24350,-97.445499,35.610947
24351,-97.445499,35.610983
24352,-97.445500,35.611019
22525,-97.442925,35.609119
24430,-97.450263,35.609458
23964,-97.450161,35.609112
24431,-97.450191,35.609595
24446,-97.449829,35.610285
24445,-97.449801,35.610355
24432,-97.449669,35.610241
24433,-97.449641,35.610311
24434,-97.449612,35.610382
24429,-97.448447,35.609270
24401,-97.448279,35.609274
24402,-97.448280,35.609313
24403,-97.448282,35.609352
24404,-97.448283,35.609391
24428,-97.448349,35.609678
24426,-97.448306,35.610187
24425,-97.448215,35.610320
24442,-97.450325,35.610964
24443,-97.450212,35.610928
24444,-97.450122,35.610919
24436,-97.450190,35.611064
24435,-97.450100,35.611055
24422,-97.448359,35.611141
24421,-97.448284,35.611279
24420,-97.448135,35.611279
24423,-97.448060,35.611141
24419,-97.448047,35.611290
24418,-97.448055,35.611551
24417,-97.448055,35.611588
24416,-97.448056,35.611626
24415,-97.448056,35.611664
24409,-97.447887,35.611553
24410,-97.447887,35.611590
24411,-97.447888,35.611628
24412,-97.447888,35.611666
24413,-97.447889,35.611704
24414,-97.447889,35.611742
24441,-97.450564,35.611751
24440,-97.450564,35.611826
24439,-97.450564,35.611901
24437,-97.450396,35.611751
24438,-97.450396,35.611826
24447,-97.451917,35.609249
24331,-97.451730,35.609249
23963,-97.451529,35.609111
24327,-97.451453,35.609249
23961,-97.452918,35.609111
23962,-97.452864,35.609111
24329,-97.454369,35.609249
24328,-97.454186,35.609249
24330,-97.455987,35.609244
23960,-97.455830,35.609106
22051,-97.460256,35.609229
22052,-97.458960,35.609235
22053,-97.458670,35.609236
22607,-97.433579,35.609751
22608,-97.433537,35.609751
22609,-97.433495,35.609751
22610,-97.433453,35.609751
22611,-97.433411,35.609751
22606,-97.433579,35.609889
22605,-97.433537,35.609889
22604,-97.433495,35.609889
22603,-97.433453,35.609889
22602,-97.433411,35.609889
22601,-97.433369,35.609889
22612,-97.432367,35.609708
22613,-97.432367,35.609726
22614,-97.432333,35.609868
22615,-97.432316,35.609899
22634,-97.430764,35.610430
22633,-97.430764,35.610477
22635,-97.430596,35.610406
22636,-97.430596,35.610477
22571,-97.433839,35.612761
22572,-97.433781,35.612761
22570,-97.433839,35.612899
22573,-97.433724,35.612761
22574,-97.433666,35.612761
22569,-97.433724,35.612899
22595,-97.433579,35.610741
22596,-97.433532,35.610741
22597,-97.433486,35.610741
22594,-97.433579,35.610879
22593,-97.433532,35.610879
22592,-97.433486,35.610879
22598,-97.433439,35.610741
22599,-97.433393,35.610741
22600,-97.433346,35.610741
22591,-97.433439,35.610879
22590,-97.433393,35.610879
22583,-97.433579,35.611701
22584,-97.433532,35.611701
22585,-97.433486,35.611701
22582,-97.433579,35.611839
22581,-97.433532,35.611839
22580,-97.433486,35.611839
22586,-97.433439,35.611701
22587,-97.433393,35.611701
22588,-97.433346,35.611701
22579,-97.433439,35.611839
22589,-97.432424,35.610910
22616,-97.432257,35.610675
22617,-97.432257,35.610709
22618,-97.432256,35.610892
22619,-97.432256,35.610928
22578,-97.432426,35.612108
22620,-97.432256,35.611650
22621,-97.432256,35.611687
22622,-97.432257,35.611998
22577,-97.432428,35.612364
22576,-97.432430,35.612620
22623,-97.432259,35.612291
22624,-97.432262,35.612584
22568,-97.432740,35.613773
22575,-97.432433,35.612877
22625,-97.432265,35.612877
22632,-97.430764,35.611548
22631,-97.430764,35.611619
22637,-97.430596,35.611524
22638,-97.430596,35.611596
22630,-97.430764,35.611667
22639,-97.430596,35.611667
22629,-97.430764,35.612666
22640,-97.430596,35.612642
22628,-97.430764,35.612738
22627,-97.430764,35.612809
22626,-97.430764,35.612857
22641,-97.430596,35.612714
22642,-97.430596,35.612785
22643,-97.430596,35.612857
22660,-97.432596,35.613845
22567,-97.432981,35.614546
22566,-97.432980,35.614580
22565,-97.432980,35.614614
22661,-97.432812,35.614561
22662,-97.432812,35.614612
22564,-97.432973,35.615381
22563,-97.432972,35.615432
22663,-97.432805,35.615362
22664,-97.432804,35.615413
22562,-97.432964,35.616319
22665,-97.432796,35.616265
22666,-97.432796,35.616317
22659,-97.430760,35.613833
22644,-97.430592,35.613833
22658,-97.430758,35.614628
22657,-97.430758,35.614661
22645,-97.430590,35.614611
22646,-97.430590,35.614661
22656,-97.430756,35.615406
22655,-97.430756,35.615455
22647,-97.430588,35.615389
22648,-97.430588,35.615439
22654,-97.430756,35.615489
22649,-97.430588,35.615489
22653,-97.430754,35.616283
22652,-97.430754,35.616317
22650,-97.430586,35.616267
22651,-97.430586,35.616317
22535,-97.438436,35.610362
22530,-97.441527,35.612701
22550,-97.441506,35.612839
22531,-97.440583,35.612701
22549,-97.440583,35.612839
22536,-97.438270,35.610978
22537,-97.438271,35.611547
22534,-97.438442,35.612413
22533,-97.438442,35.612504
22538,-97.438274,35.612504
22548,-97.439511,35.612839
22547,-97.439468,35.612839
22532,-97.438443,35.612687
22539,-97.438275,35.612687
22546,-97.438259,35.612839
22540,-97.438057,35.612701
22545,-97.438035,35.612839
22541,-97.437030,35.612704
22544,-97.436985,35.612842
22543,-97.436024,35.612845
22542,-97.435890,35.612707
22526,-97.442751,35.610621
22524,-97.442914,35.612340
22527,-97.442751,35.610653
22528,-97.442749,35.611473
22529,-97.442748,35.611630
26840,-97.459033,35.610491
26837,-97.458290,35.609859
26838,-97.458295,35.609883
26839,-97.458301,35.609908
26876,-97.458124,35.609885
26877,-97.458129,35.609909
26878,-97.458135,35.609934
26874,-97.458024,35.610487
26873,-97.457909,35.610485
26872,-97.457794,35.610484
26864,-97.457907,35.610623
26865,-97.457792,35.610622
26866,-97.457676,35.610620
26871,-97.457436,35.610020
26870,-97.457436,35.610077
26869,-97.457436,35.610096
26875,-97.457410,35.610484
26867,-97.457422,35.610622
26868,-97.457416,35.610622
29036,-97.455209,35.610013
29037,-97.455139,35.610011
29040,-97.455015,35.609969
29038,-97.455080,35.610005
29039,-97.455048,35.609993
29041,-97.454969,35.609926
29043,-97.454889,35.610059
29042,-97.454843,35.610016
29073,-97.454675,35.610099
29072,-97.454641,35.610120
29074,-97.454573,35.609991
29075,-97.454539,35.610012
29076,-97.454505,35.610033
29077,-97.454471,35.610055
28974,-97.452394,35.609862
28973,-97.452394,35.609867
28972,-97.452394,35.609872
28971,-97.452394,35.609877
28970,-97.452394,35.609883
28969,-97.452394,35.609888
28968,-97.452394,35.609893
28967,-97.452394,35.609899
28966,-97.452394,35.609904
28975,-97.452226,35.609862
28976,-97.452226,35.609867
28977,-97.452226,35.609872
28978,-97.452226,35.609878
28979,-97.452226,35.609883
28980,-97.452226,35.609889
28981,-97.452226,35.609894
28982,-97.452226,35.609899
28965,-97.452394,35.610127
28964,-97.452392,35.610293
28963,-97.452391,35.610301
28962,-97.452391,35.610318
28961,-97.452391,35.610327
28960,-97.452391,35.610336
28959,-97.452391,35.610344
28958,-97.452390,35.610353
28957,-97.452390,35.610362
28955,-97.452390,35.610370
28956,-97.452390,35.610379
28945,-97.452224,35.610291
28946,-97.452223,35.610299
28947,-97.452223,35.610307
28948,-97.452223,35.610316
28949,-97.452223,35.610324
28950,-97.452223,35.610333
28951,-97.452223,35.610341
28952,-97.452223,35.610350
28953,-97.452222,35.610358
28954,-97.452222,35.610367
26857,-97.459101,35.610629
26858,-97.459067,35.610629
26859,-97.459033,35.610629
26860,-97.458999,35.610629
26861,-97.458965,35.610629
28995,-97.458924,35.611242
28994,-97.458924,35.611287
28993,-97.458924,35.611333
28992,-97.458924,35.611379
28996,-97.458756,35.611242
28997,-97.458756,35.611287
28998,-97.458756,35.611333
28999,-97.458756,35.611379
28991,-97.458924,35.611424
29000,-97.458756,35.611424
29001,-97.458756,35.611470
29266,-97.459148,35.612466
29265,-97.459131,35.612524
29002,-97.458984,35.612434
29003,-97.458967,35.612492
29004,-97.458950,35.612550
29005,-97.458934,35.612616
26862,-97.458138,35.610627
26863,-97.458022,35.610625
29015,-97.457904,35.611248
29014,-97.457895,35.611326
29016,-97.457736,35.611236
29017,-97.457727,35.611314
29013,-97.457894,35.611399
29012,-97.457894,35.611478
29011,-97.457901,35.611544
29010,-97.457918,35.611621
29018,-97.457726,35.611399
29019,-97.457726,35.611478
29020,-97.457735,35.611568
29021,-97.457752,35.611645
29009,-97.457936,35.611699
29008,-97.457953,35.611777
29007,-97.457967,35.611862
29006,-97.457974,35.611940
29024,-97.457799,35.611872
29022,-97.457770,35.611723
29023,-97.457787,35.611801
29032,-97.456469,35.611957
29031,-97.456476,35.612025
29030,-97.456479,35.612081
29029,-97.456482,35.612138
29050,-97.456305,35.611985
29051,-97.456308,35.612031
29052,-97.456311,35.612087
29053,-97.456314,35.612144
29028,-97.456484,35.612195
29027,-97.456487,35.612252
29026,-97.456490,35.612309
29025,-97.456493,35.612366
29054,-97.456316,35.612201
29055,-97.456319,35.612258
29056,-97.456322,35.612315
29057,-97.456325,35.612372
29264,-97.456866,35.613472
29263,-97.456875,35.613502
29262,-97.456884,35.613532
29261,-97.456894,35.613562
29260,-97.456722,35.613566
29259,-97.456713,35.613536
29258,-97.456704,35.613506
29034,-97.455819,35.610735
29035,-97.455756,35.610670
29033,-97.455872,35.610773
29047,-97.455762,35.610877
29046,-97.455709,35.610839
29045,-97.455656,35.610802
29049,-97.455849,35.610940
29048,-97.455815,35.610914
29044,-97.455604,35.610730
29067,-97.455123,35.611607
29065,-97.455361,35.611754
29064,-97.455383,35.611799
29063,-97.455412,35.611871
29059,-97.455493,35.612097
29062,-97.455426,35.611907
29060,-97.455470,35.612014
29061,-97.455455,35.611978
29066,-97.455340,35.611721
29228,-97.455115,35.611745
29229,-97.455192,35.611785
29230,-97.455223,35.611843
29231,-97.455252,35.611915
29232,-97.455281,35.611986
29233,-97.455310,35.612058
29234,-97.455327,35.612121
29058,-97.455504,35.612183
29235,-97.455336,35.612183
29236,-97.455336,35.612259
29068,-97.455098,35.611606
29071,-97.454514,35.610712
29070,-97.454514,35.610747
29069,-97.454514,35.610782
29078,-97.454346,35.610712
29079,-97.454346,35.610747
29080,-97.454346,35.610782
29081,-97.454346,35.610817
29227,-97.454514,35.611732
29082,-97.454346,35.611732
29226,-97.454514,35.612010
29083,-97.454346,35.612010
29225,-97.454514,35.612289
29084,-97.454346,35.612289
29224,-97.454514,35.612567
29085,-97.454346,35.612567
29257,-97.455864,35.613702
29237,-97.455696,35.613702
29256,-97.455829,35.614087
29255,-97.455824,35.614101
29238,-97.455669,35.614047
29239,-97.455664,35.614061
29254,-97.455724,35.614582
29253,-97.455724,35.614610
29252,-97.455724,35.614639
29251,-97.455724,35.614668
29240,-97.455556,35.614582
29241,-97.455556,35.614610
29242,-97.455556,35.614639
29223,-97.454514,35.612872
29086,-97.454346,35.612872
29222,-97.454514,35.613364
29221,-97.454514,35.613388
29220,-97.454514,35.613411
29219,-97.454514,35.613435
29087,-97.454346,35.613364
29088,-97.454346,35.613388
29089,-97.454346,35.613411
29090,-97.454346,35.613435
29218,-97.454514,35.613951
29091,-97.454346,35.613951
29217,-97.454514,35.613975
29216,-97.454514,35.613998
29092,-97.454346,35.613975
29093,-97.454346,35.613998
29215,-97.454514,35.614692
29214,-97.454514,35.614714
29204,-97.454346,35.614692
29205,-97.454346,35.614714
29111,-97.453464,35.611442
29110,-97.453464,35.611447
29109,-97.453464,35.611453
29112,-97.453280,35.611290
29113,-97.453078,35.611288
29115,-97.453296,35.611577
29108,-97.453463,35.611742
29107,-97.453462,35.611779
29106,-97.453462,35.611816
29116,-97.453294,35.611760
29117,-97.453294,35.611798
29118,-97.453294,35.611836
29119,-97.453294,35.611873
29120,-97.453288,35.612664
29114,-97.452876,35.611286
29148,-97.452353,35.611432
29147,-97.452352,35.611479
29146,-97.452352,35.611527
29145,-97.452352,35.611575
29144,-97.452352,35.611622
29149,-97.452185,35.611432
29150,-97.452184,35.611467
29151,-97.452184,35.611502
29152,-97.452184,35.611572
29153,-97.452184,35.611608
29154,-97.452181,35.612312
29155,-97.452181,35.612348
29156,-97.452181,35.612453
29157,-97.452181,35.612489
29105,-97.453456,35.612676
29104,-97.453456,35.612713
29103,-97.453456,35.612751
29102,-97.453455,35.612788
29101,-97.453455,35.612826
29121,-97.453288,35.612701
29122,-97.453288,35.612739
29123,-97.453287,35.612776
29124,-97.453287,35.612814
29100,-97.453450,35.613611
29099,-97.453449,35.613648
29098,-97.453449,35.613685
29125,-97.453282,35.613604
29126,-97.453282,35.613642
29127,-97.453281,35.613680
29097,-97.453449,35.613723
29096,-97.453449,35.613760
29095,-97.453448,35.613798
29094,-97.453448,35.613835
29128,-97.453281,35.613717
29129,-97.453281,35.613755
29203,-97.453444,35.614692
29130,-97.453258,35.614541
29188,-97.453276,35.614692
29143,-97.452348,35.612672
29142,-97.452348,35.612720
29141,-97.452348,35.612768
29140,-97.452348,35.612816
29139,-97.452348,35.612863
29158,-97.452178,35.613193
29159,-97.452178,35.613228
29160,-97.452178,35.613264
29161,-97.452178,35.613299
29162,-97.452178,35.613334
29131,-97.453054,35.614681
29132,-97.452781,35.614683
29138,-97.452344,35.613818
29137,-97.452344,35.613866
29136,-97.452344,35.613913
29135,-97.452344,35.613961
29134,-97.452344,35.614009
29133,-97.452344,35.614057
29187,-97.452353,35.614702
29163,-97.452177,35.614223
29164,-97.452184,35.614538
29250,-97.455724,35.615306
29249,-97.455724,35.615335
29248,-97.455724,35.615364
29247,-97.455724,35.615393
29243,-97.455556,35.615306
29244,-97.455556,35.615335
29245,-97.455556,35.615364
29246,-97.455556,35.615393
29213,-97.454514,35.614737
29206,-97.454346,35.614737
29212,-97.454514,35.615265
29211,-97.454514,35.615288
29207,-97.454346,35.615265
29208,-97.454346,35.615288
29209,-97.454346,35.615311
29210,-97.454346,35.615334
29202,-97.453444,35.614722
29201,-97.453444,35.614752
29189,-97.453276,35.614722
29190,-97.453276,35.614752
29200,-97.453448,35.615447
29199,-97.453448,35.615477
29198,-97.453448,35.615507
29197,-97.453449,35.615537
29196,-97.453449,35.615567
29191,-97.453280,35.615447
29192,-97.453280,35.615477
29194,-97.453281,35.615537
29193,-97.453280,35.615507
29195,-97.453281,35.615567
29186,-97.452352,35.614760
29185,-97.452352,35.614818
29165,-97.452184,35.614732
29166,-97.452184,35.614793
29184,-97.452345,35.616154
29183,-97.452344,35.616212
29167,-97.452177,35.616141
29168,-97.452176,35.616203
29182,-97.452344,35.616270
29181,-97.452344,35.616328
29180,-97.452344,35.616387
29169,-97.452176,35.616264
29170,-97.452176,35.616325
29171,-97.452176,35.616387
28944,-97.451453,35.612372
28943,-97.451443,35.612387
28942,-97.451438,35.612393
28731,-97.451364,35.612218
28730,-97.451305,35.612308
28941,-97.451424,35.612425
28732,-97.451096,35.613071
28733,-97.451033,35.613071
28940,-97.451342,35.613223
28939,-97.451339,35.613411
28938,-97.451337,35.613599
28882,-97.451159,35.613209
28881,-97.451031,35.613209
28937,-97.451335,35.613788
28936,-97.451334,35.613957
28883,-97.451149,35.613801
28896,-97.451149,35.613939
28884,-97.451106,35.613801
28885,-97.451063,35.613801
28886,-97.451020,35.613801
28895,-97.451106,35.613939
28894,-97.451063,35.613939
28893,-97.451020,35.613939
28935,-97.451334,35.614484
28934,-97.451334,35.614507
28933,-97.451334,35.614684
28932,-97.451334,35.614709
28897,-97.451166,35.614507
28910,-97.451166,35.614685
28898,-97.451106,35.614521
28899,-97.451064,35.614521
28900,-97.451021,35.614521
28909,-97.451106,35.614659
28908,-97.451064,35.614659
28907,-97.451021,35.614659
28734,-97.450971,35.613071
28735,-97.450908,35.613071
28880,-97.450967,35.613209
28879,-97.450903,35.613209
28887,-97.450977,35.613801
28888,-97.450934,35.613801
28889,-97.450892,35.613801
28892,-97.450977,35.613939
28891,-97.450934,35.613939
28890,-97.450892,35.613939
28901,-97.450979,35.614521
28902,-97.450936,35.614521
28903,-97.450894,35.614521
28906,-97.450979,35.614659
28905,-97.450936,35.614659
28904,-97.450894,35.614659
28736,-97.449593,35.613071
28737,-97.449530,35.613071
28878,-97.449563,35.613209
28877,-97.449499,35.613209
28738,-97.449468,35.613071
28739,-97.449405,35.613071
28740,-97.449342,35.613071
28741,-97.449280,35.613071
28742,-97.449217,35.613071
28876,-97.449435,35.613209
28875,-97.449371,35.613209
28874,-97.449308,35.613209
28873,-97.449244,35.613209
28872,-97.449180,35.613209
28743,-97.448027,35.613071
28744,-97.447965,35.613071
28871,-97.447967,35.613209
28863,-97.448881,35.613809
28864,-97.448838,35.613808
28862,-97.448877,35.613947
28861,-97.448834,35.613946
28865,-97.448796,35.613807
28866,-97.448753,35.613806
28867,-97.448711,35.613806
28860,-97.448792,35.613945
28859,-97.448749,35.613944
28858,-97.448707,35.613944
28868,-97.448668,35.613805
28869,-97.448626,35.613804
28857,-97.448664,35.613943
28856,-97.448622,35.613942
28850,-97.448899,35.614521
28851,-97.448855,35.614521
28849,-97.448899,35.614659
28848,-97.448855,35.614659
28852,-97.448812,35.614521
28853,-97.448769,35.614521
28847,-97.448812,35.614659
28846,-97.448769,35.614659
28854,-97.448682,35.614521
28855,-97.448639,35.614521
28931,-97.451334,35.614734
28930,-97.451334,35.614759
28929,-97.451334,35.615412
28928,-97.451334,35.615434
28927,-97.451334,35.615457
28926,-97.451334,35.615479
28911,-97.451149,35.615261
28923,-97.451149,35.615399
28912,-97.451061,35.615261
28913,-97.451018,35.615261
28922,-97.451105,35.615399
28921,-97.451061,35.615399
28920,-97.451018,35.615399
28925,-97.451335,35.616131
28924,-97.451335,35.616141
22445,-97.451149,35.615981
22446,-97.451104,35.615981
22447,-97.451059,35.615981
22448,-97.451015,35.615981
22444,-97.451149,35.616119
22443,-97.451085,35.616119
22442,-97.451022,35.616119
28914,-97.450974,35.615261
28915,-97.450930,35.615261
28916,-97.450887,35.615261
28919,-97.450974,35.615399
28918,-97.450930,35.615399
28917,-97.450887,35.615399
22449,-97.450970,35.615981
22441,-97.450959,35.616119
28745,-97.447902,35.613071
28746,-97.447840,35.613071
28870,-97.447903,35.613209
28983,-97.460343,35.609965
26848,-97.459354,35.610172
26849,-97.459354,35.610184
26850,-97.459354,35.610196
26851,-97.459354,35.610209
26846,-97.459186,35.610172
26845,-97.459186,35.610184
26844,-97.459186,35.610196
26843,-97.459186,35.610209
26847,-97.459186,35.610215
26842,-97.459101,35.610491
26841,-97.459067,35.610491
28987,-97.459844,35.611232
28986,-97.459844,35.611259
28985,-97.459844,35.611286
28984,-97.459844,35.611313
26852,-97.459354,35.610642
26853,-97.459354,35.610649
26854,-97.459354,35.610657
26855,-97.459354,35.610664
28988,-97.459676,35.611259
28989,-97.459676,35.611286
28990,-97.459676,35.611313
29267,-97.459697,35.612074
26856,-97.459135,35.610629
17030,-97.461800,35.610795
17031,-97.461803,35.610807
17033,-97.461814,35.610846
17032,-97.461807,35.610820
17034,-97.461817,35.610859
17014,-97.461770,35.611127
17015,-97.461748,35.611130
17016,-97.461739,35.611131
17017,-97.461717,35.611131
17018,-97.461695,35.611131
17019,-97.461674,35.611131
17021,-97.461630,35.611132
17023,-97.461609,35.611132
17024,-97.461587,35.611132
17026,-97.461565,35.611132
17028,-97.461522,35.611133
17029,-97.461500,35.611133
17020,-97.461654,35.611270
17022,-97.461632,35.611270
17025,-97.461589,35.611270
17027,-97.461546,35.611271
19087,-97.462785,35.613529
19085,-97.462853,35.613606
19084,-97.462879,35.613640
19086,-97.462826,35.613572
19089,-97.462665,35.613625
19091,-97.462711,35.613680
19090,-97.462684,35.613646
19088,-97.462630,35.613596
19058,-97.462339,35.613277
19068,-97.462490,35.613498
19092,-97.462737,35.613714
17036,-97.461900,35.612558
17038,-97.461900,35.612558
17040,-97.461900,35.612558
17042,-97.461900,35.612558
17044,-97.461900,35.612558
17046,-97.461900,35.612558
17048,-97.461900,35.612558
17050,-97.461900,35.612558
17052,-97.461900,35.612558
17054,-97.461900,35.612558
17056,-97.461900,35.612558
17059,-97.461900,35.612558
17035,-97.461880,35.612422
17037,-97.461880,35.612422
17039,-97.461880,35.612422
17041,-97.461880,35.612422
17043,-97.461880,35.612422
17045,-97.461880,35.612422
17047,-97.461880,35.612422
17049,-97.461880,35.612422
17051,-97.461880,35.612422
17053,-97.461880,35.612422
17055,-97.461880,35.612422
17057,-97.461880,35.612422
17058,-97.461880,35.612422
17060,-97.461860,35.612561
17061,-97.461821,35.612565
17062,-97.461801,35.612569
17063,-97.461764,35.612580
17065,-97.461666,35.612463
17069,-97.461639,35.612482
17064,-97.461727,35.612591
17066,-97.461690,35.612602
17068,-97.461653,35.612613
17067,-97.461628,35.612474
17071,-97.461600,35.612474
17073,-97.461560,35.612466
17072,-97.461528,35.612602
17070,-97.461567,35.612610
17074,-97.461490,35.612594
17075,-97.461452,35.612586
17076,-97.461414,35.612578
17077,-97.461376,35.612570
17078,-97.461359,35.612569
17079,-97.461319,35.612569
19059,-97.462065,35.613212
19067,-97.462089,35.613352
19060,-97.461791,35.613201
19061,-97.461526,35.613201
19066,-97.461615,35.613339
19062,-97.461262,35.613201
19065,-97.461130,35.613339
19118,-97.461112,35.613396
19117,-97.461112,35.613440
19116,-97.461111,35.613483
19115,-97.461111,35.613527
19063,-97.460929,35.613201
19064,-97.460907,35.613201
19119,-97.460945,35.613351
19120,-97.460944,35.613394
19121,-97.460944,35.613438
19122,-97.460943,35.613481
19123,-97.460943,35.613525
19050,-97.464760,35.613219
17080,-97.464776,35.613372
17081,-97.464776,35.613410
17082,-97.464776,35.613449
17083,-97.464776,35.613488
17084,-97.464776,35.613527
19051,-97.464385,35.613215
17085,-97.464776,35.614343
17086,-97.464776,35.614382
19052,-97.464011,35.613212
19049,-97.463993,35.613363
19048,-97.463992,35.613406
19071,-97.463825,35.613361
19072,-97.463824,35.613404
19047,-97.463992,35.613449
19046,-97.463991,35.613492
19045,-97.463991,35.613536
19044,-97.463990,35.613579
19073,-97.463824,35.613447
19074,-97.463823,35.613490
19075,-97.463823,35.613534
19076,-97.463822,35.613577
19056,-97.463631,35.613182
19057,-97.463577,35.613177
19053,-97.463792,35.613198
19054,-97.463738,35.613193
19055,-97.463685,35.613187
19070,-97.463718,35.613329
19069,-97.463611,35.613318
19043,-97.463997,35.614440
19077,-97.463829,35.614446
19041,-97.464002,35.614527
19040,-97.464004,35.614570
19042,-97.464000,35.614484
19039,-97.464007,35.614613
19078,-97.463832,35.614490
19079,-97.463834,35.614533
17087,-97.464776,35.614421
17088,-97.464776,35.615314
17089,-97.464776,35.615353
17090,-97.464776,35.615392
19083,-97.463039,35.614501
19082,-97.463038,35.614542
19081,-97.463036,35.614582
19080,-97.463035,35.614622
19093,-97.462871,35.614497
19094,-97.462870,35.614538
19095,-97.462868,35.614578
19096,-97.462867,35.614618
19038,-97.463766,35.615646
19037,-97.463542,35.615636
19036,-97.463326,35.615629
19035,-97.463103,35.615636
19034,-97.462922,35.615660
19033,-97.462908,35.615664
19102,-97.462087,35.614209
19101,-97.462089,35.614261
19100,-97.462091,35.614314
19099,-97.462096,35.614419
19098,-97.462099,35.614471
19097,-97.462101,35.614524
19104,-97.461921,35.614267
19103,-97.461919,35.614215
19105,-97.461923,35.614320
19106,-97.461926,35.614372
19107,-97.461928,35.614425
19108,-97.461931,35.614477
19109,-97.461933,35.614530
19114,-97.461116,35.614436
19112,-97.461121,35.614523
19111,-97.461123,35.614567
19110,-97.461126,35.614610
19113,-97.461119,35.614480
19124,-97.460948,35.614442
19125,-97.460951,35.614486
19126,-97.460953,35.614529
19127,-97.460955,35.614573
19128,-97.460958,35.614616
19129,-97.460960,35.614660
19134,-97.462191,35.615682
19133,-97.461894,35.615644
19132,-97.461863,35.615642
19131,-97.461833,35.615640
19130,-97.461802,35.615639
28845,-97.448726,35.614659
28844,-97.448682,35.614659
28843,-97.448639,35.614659
22450,-97.450035,35.615981
22451,-97.449990,35.615981
22452,-97.449946,35.615981
22453,-97.449901,35.615981
22454,-97.449857,35.615981
22455,-97.449812,35.615981
22456,-97.449767,35.615981
22439,-97.449568,35.616119
22438,-97.449505,35.616119
22437,-97.449442,35.616119
22436,-97.449378,35.616119
22435,-97.449252,35.616119
22434,-97.449189,35.616119
28836,-97.448910,35.615250
28837,-97.448866,35.615249
28835,-97.448908,35.615388
28834,-97.448864,35.615387
28838,-97.448823,35.615249
28839,-97.448780,35.615248
28840,-97.448737,35.615248
28833,-97.448821,35.615387
28832,-97.448778,35.615386
28831,-97.448735,35.615386
28841,-97.448693,35.615248
28842,-97.448650,35.615247
28830,-97.448691,35.615386
28829,-97.448648,35.615385
22457,-97.448743,35.615981
22458,-97.448698,35.615981
22459,-97.448654,35.615981
22433,-97.447988,35.616119
28747,-97.447621,35.613068
28748,-97.447583,35.613068
28815,-97.447656,35.613222
28816,-97.447656,35.613444
28817,-97.447656,35.613666
28818,-97.447656,35.613942
28819,-97.447656,35.613968
28820,-97.447656,35.613994
28821,-97.447656,35.614020
28822,-97.447657,35.614673
28823,-97.447657,35.614695
28824,-97.447657,35.614718
28786,-97.446834,35.614109
28785,-97.446834,35.614145
28784,-97.446834,35.614181
28783,-97.446834,35.614216
28782,-97.446834,35.614252
28825,-97.447657,35.614740
28826,-97.447663,35.615391
28827,-97.447662,35.615414
28828,-97.447661,35.615437
22432,-97.447924,35.616119
28751,-97.446827,35.612462
28752,-97.446816,35.612440
28750,-97.446834,35.612512
28749,-97.446834,35.612535
28811,-97.446660,35.612492
28753,-97.446600,35.612320
28754,-97.446562,35.612319
28755,-97.446524,35.612319
28756,-97.446486,35.612318
28757,-97.446448,35.612318
28758,-97.446410,35.612318
28759,-97.446372,35.612317
28812,-97.446666,35.612697
28813,-97.446666,35.612931
28790,-97.446834,35.613247
28789,-97.446834,35.613283
28788,-97.446834,35.613319
28787,-97.446834,35.613355
28814,-97.446666,35.613212
28791,-97.446666,35.613758
28792,-97.446666,35.613783
28793,-97.446666,35.613808
28794,-97.446666,35.613833
28795,-97.446666,35.614379
28796,-97.446666,35.614404
28797,-97.446666,35.614429
28798,-97.446666,35.614454
28810,-97.445648,35.612518
28809,-97.445644,35.612540
28808,-97.445644,35.612571
28807,-97.445644,35.612603
28760,-97.445482,35.612500
28761,-97.445476,35.612540
28762,-97.445476,35.612571
28763,-97.445476,35.612603
28764,-97.445476,35.612634
28806,-97.445644,35.613291
28805,-97.445644,35.613322
28804,-97.445644,35.613354
28803,-97.445644,35.613385
28765,-97.445476,35.613291
28766,-97.445476,35.613322
28767,-97.445476,35.613354
28768,-97.445476,35.613385
22502,-97.445408,35.614069
22501,-97.445408,35.614207
28802,-97.445645,35.614221
28801,-97.445645,35.614249
28800,-97.445645,35.614278
28799,-97.445646,35.614307
28769,-97.445477,35.614223
28770,-97.445477,35.614251
28771,-97.445477,35.614280
28772,-97.445478,35.614309
28773,-97.445478,35.614338
22503,-97.445357,35.614069
22504,-97.445306,35.614069
22500,-97.445357,35.614207
22499,-97.445306,35.614207
22517,-97.444434,35.613198
22518,-97.444372,35.613195
22516,-97.444426,35.613336
22515,-97.444364,35.613333
22519,-97.444311,35.613192
22520,-97.444247,35.613190
22514,-97.444303,35.613330
22513,-97.444243,35.613328
22521,-97.444186,35.613189
22522,-97.444125,35.613187
22512,-97.444182,35.613327
22511,-97.444121,35.613325
22523,-97.444064,35.613186
22510,-97.444060,35.613324
22505,-97.444186,35.614065
22506,-97.444135,35.614065
22498,-97.444186,35.614203
22497,-97.444135,35.614203
22507,-97.444085,35.614065
22508,-97.444034,35.614064
22509,-97.443983,35.614064
22496,-97.444085,35.614203
22495,-97.444034,35.614202
22494,-97.443983,35.614202
22431,-97.447861,35.616119
22460,-97.447632,35.615977
22461,-97.447571,35.615975
22462,-97.447511,35.615973
22430,-97.447626,35.616115
22429,-97.447595,35.616114
22428,-97.446955,35.616095
22427,-97.446924,35.616094
28781,-97.446519,35.615089
28780,-97.446488,35.615089
28779,-97.446124,35.615184
28778,-97.446125,35.615217
28775,-97.445940,35.615089
28774,-97.445929,35.615089
28776,-97.445957,35.615202
28777,-97.445957,35.615236
22426,-97.446192,35.616073
22425,-97.446162,35.616072
22424,-97.445950,35.616069
22423,-97.445908,35.616069
22463,-97.445787,35.615931
22422,-97.445866,35.616069
22464,-97.444941,35.615891
22465,-97.444900,35.615891
22421,-97.444996,35.616029
22420,-97.444955,35.616029
22419,-97.444913,35.616029
22418,-97.444871,35.616029
22483,-97.444447,35.614992
22484,-97.444420,35.614995
22485,-97.444394,35.614998
22486,-97.444368,35.615001
22482,-97.444471,35.615128
22481,-97.444444,35.615131
22480,-97.444418,35.615134
22479,-97.444392,35.615137
22487,-97.444165,35.615011
22488,-97.444139,35.615011
22478,-97.444165,35.615149
22477,-97.444139,35.615149
22466,-97.444860,35.615891
22467,-97.444820,35.615891
22468,-97.443930,35.615891
22469,-97.443890,35.615891
22470,-97.443849,35.615891
22417,-97.443957,35.616029
22416,-97.443916,35.616029
22415,-97.443874,35.616029
22489,-97.443606,35.615011
22476,-97.443606,35.615149
22490,-97.443579,35.615011
22491,-97.443553,35.615011
22475,-97.443579,35.615149
22474,-97.443553,35.615149
22492,-97.443336,35.615014
22473,-97.443342,35.615152
22472,-97.443333,35.615152
22493,-97.443327,35.615014
22471,-97.443809,35.615891
22414,-97.443833,35.616029
22551,-97.442756,35.615876
22553,-97.441697,35.616353
22554,-97.441447,35.616353
22555,-97.440655,35.616355
22552,-97.442739,35.616351
22556,-97.439613,35.616357
22557,-97.438571,35.616359
22558,-97.437675,35.616363
22559,-97.436509,35.616371
22560,-97.436378,35.616371
22561,-97.435789,35.616371
29179,-97.452344,35.616668
29178,-97.452344,35.616673
29177,-97.452344,35.616679
29176,-97.452344,35.616685
29172,-97.452176,35.616668
29173,-97.452176,35.616673
29174,-97.452176,35.616679
29175,-97.452176,35.616685
