41885,-97.477379,35.740909
41834,-97.477319,35.740781
41862,-97.477199,35.742593
41863,-97.477081,35.742595
41860,-97.477085,35.742733
41814,-97.473229,35.734316
41817,-97.473195,35.734450
41818,-97.473388,35.734623
41813,-97.473319,35.734980
41819,-97.473195,35.734886
41812,-97.472897,35.735528
41810,-97.473220,35.736564
41821,-97.473040,35.736540
41811,-97.473000,35.735854
41820,-97.472959,35.736255
41809,-97.473054,35.737305
41822,-97.473024,35.736930
41823,-97.472861,35.737347
41835,-97.476400,35.740721
41884,-97.476376,35.740857
41836,-97.476284,35.740708
41883,-97.476260,35.740844
41837,-97.475417,35.740865
41882,-97.475465,35.740997
41881,-97.475390,35.741015
41880,-97.475352,35.741024
41838,-97.475211,35.740915
41806,-97.473676,35.739019
41805,-97.473822,35.739194
41804,-97.473895,35.739282
41803,-97.474043,35.739622
41807,-97.473285,35.738608
41808,-97.472959,35.737997
41824,-97.472791,35.738013
41825,-97.472889,35.738404
41829,-97.473496,35.739088
41828,-97.473409,35.739122
41826,-97.473242,35.739036
41827,-97.473211,35.739190
41839,-97.474484,35.740993
41879,-97.474486,35.741131
41840,-97.474367,35.740994
41878,-97.474369,35.741132
41841,-97.473586,35.741002
41877,-97.473588,35.741140
41842,-97.473508,35.741003
41876,-97.473510,35.741141
41843,-97.473391,35.741004
41875,-97.473393,35.741142
41844,-97.472538,35.741002
41874,-97.472528,35.741140
41815,-97.472313,35.734299
41816,-97.472325,35.734437
40616,-97.468914,35.733515
40615,-97.468904,35.733653
41845,-97.472421,35.740997
41873,-97.472411,35.741135
41846,-97.471635,35.740985
41872,-97.471637,35.741123
41847,-97.471557,35.740985
41830,-97.470247,35.739823
41831,-97.470225,35.739823
41832,-97.470075,35.739824
41848,-97.470314,35.741221
41849,-97.470288,35.741250
41833,-97.468999,35.739971
41864,-97.476224,35.742603
41865,-97.476106,35.742603
41859,-97.476106,35.742741
41866,-97.475129,35.742607
41867,-97.474875,35.742608
41858,-97.475246,35.742745
41857,-97.475129,35.742745
41856,-97.474265,35.742746
41868,-97.473290,35.742587
41869,-97.473173,35.742590
41855,-97.473316,35.742724
41854,-97.473179,35.742728
41896,-97.473125,35.745230
41907,-97.473125,35.745368
41906,-97.472964,35.745369
41870,-97.472235,35.742793
41853,-97.472239,35.742931
41852,-97.471458,35.742950
41851,-97.471340,35.742952
41897,-97.472109,35.745238
41905,-97.472111,35.745376
41898,-97.471987,35.745239
41899,-97.471865,35.745240
41904,-97.471989,35.745377
41903,-97.471867,35.745378
41900,-97.471012,35.745247
41901,-97.470891,35.745248
41902,-97.470893,35.745386
41871,-97.470369,35.742082
41850,-97.470201,35.742074
40647,-97.468065,35.732006
40646,-97.468004,35.732015
40617,-97.468032,35.733490
40614,-97.468222,35.733621
40613,-97.467556,35.733704
40612,-97.467221,35.733774
40618,-97.466742,35.733764
40611,-97.466577,35.733960
40619,-97.466125,35.733930
40610,-97.465578,35.734208
40620,-97.465287,35.734136
40622,-97.464382,35.733908
40609,-97.464750,35.734413
40621,-97.464508,35.734328
40606,-97.464523,35.736313
40607,-97.464519,35.736306
40608,-97.464501,35.736274
40605,-97.464527,35.736321
40603,-97.464356,35.736346
40604,-97.464365,35.736362
40602,-97.464348,35.736330
40591,-97.460335,35.735592
40590,-97.460332,35.736648
40589,-97.460330,35.737705
40588,-97.460328,35.738761
41983,-97.460318,35.742218
41984,-97.460319,35.743571
41985,-97.460326,35.744472
41986,-97.460333,35.745374
41987,-97.460332,35.746276
41982,-97.460494,35.747178
41988,-97.460326,35.747178
41992,-97.461730,35.748071
41981,-97.461101,35.747936
41991,-97.460485,35.747916
41990,-97.460469,35.748797
41989,-97.460461,35.749524
43299,-97.457601,35.740623
43289,-97.457437,35.740657
43300,-97.457381,35.740424
43298,-97.457635,35.740858
43297,-97.457638,35.741079
43290,-97.457470,35.741081
43296,-97.457641,35.741301
43295,-97.457637,35.741536
43291,-97.457471,35.741512
43301,-97.456800,35.740395
43302,-97.456320,35.740397
43288,-97.456328,35.740535
43286,-97.456134,35.741263
43309,-97.456362,35.741686
43303,-97.456047,35.740408
43304,-97.455760,35.740546
43287,-97.455867,35.740775
43305,-97.455707,35.740819
43306,-97.455793,35.741030
43308,-97.456074,35.741432
43307,-97.455918,35.741240
43326,-97.454642,35.739953
43325,-97.454640,35.740042
43324,-97.454639,35.740177
43323,-97.454635,35.740537
43322,-97.454444,35.741108
43123,-97.453322,35.740484
43122,-97.453748,35.740865
43164,-97.453614,35.740996
43121,-97.453910,35.741348
43321,-97.453951,35.741676
43165,-97.453673,35.741192
43124,-97.452668,35.740272
43125,-97.452166,35.740601
43163,-97.452334,35.740979
43162,-97.452334,35.741383
43126,-97.452166,35.741242
43294,-97.457375,35.741853
43284,-97.457335,35.742530
43312,-97.457197,35.742711
43283,-97.457376,35.742870
43282,-97.457390,35.743212
43313,-97.457220,35.743045
43314,-97.457213,35.743373
43281,-97.457373,35.743547
43292,-97.456974,35.741916
43293,-97.457070,35.742028
43285,-97.457066,35.742047
43311,-97.456930,35.742127
43310,-97.456582,35.741831
43280,-97.457361,35.743844
43261,-97.457193,35.743840
43279,-97.457355,35.744007
43278,-97.457349,35.744171
43262,-97.457187,35.744003
43263,-97.457181,35.744167
43277,-97.457344,35.744335
43264,-97.457176,35.744331
43276,-97.457316,35.744682
43275,-97.457302,35.744845
43274,-97.457289,35.745009
43273,-97.457275,35.745173
43272,-97.457261,35.745468
43265,-97.457148,35.744672
43266,-97.457134,35.744835
43267,-97.457121,35.744999
43268,-97.457107,35.745163
43269,-97.457095,35.745488
43271,-97.457379,35.746031
43270,-97.457213,35.746057
43317,-97.454370,35.742393
43316,-97.454553,35.742558
43169,-97.454381,35.742607
43318,-97.454164,35.742234
43315,-97.454769,35.742840
43170,-97.454654,35.742996
43254,-97.455197,35.745771
43260,-97.454954,35.743938
43259,-97.454973,35.744218
43171,-97.454785,35.743927
43258,-97.455021,35.744466
43257,-97.455081,35.744719
43172,-97.454861,35.744520
43256,-97.455089,35.744990
43255,-97.455094,35.745404
43183,-97.454926,35.745418
43173,-97.454267,35.745145
43181,-97.454151,35.745245
43182,-97.454363,35.745374
43319,-97.454014,35.742134
43320,-97.453750,35.741984
43167,-97.453662,35.742102
43168,-97.454072,35.742350
43155,-97.453622,35.743343
43156,-97.453576,35.743303
43157,-97.453530,35.743264
43158,-97.453503,35.743240
43153,-97.453454,35.743397
43154,-97.453500,35.743437
43152,-97.453408,35.743358
43166,-97.452963,35.741959
43161,-97.452336,35.742195
43127,-97.452166,35.741788
43128,-97.452167,35.742177
43160,-97.452337,35.742398
43159,-97.452339,35.742654
43129,-97.452169,35.742418
43151,-97.452344,35.743212
43130,-97.452172,35.742724
43131,-97.452175,35.743047
43150,-97.452348,35.743699
43132,-97.452179,35.743560
43133,-97.452180,35.743743
43175,-97.453557,35.744557
43178,-97.453244,35.744502
43174,-97.453928,35.744846
43180,-97.453968,35.745084
43179,-97.453618,35.744792
43176,-97.452857,35.744271
43177,-97.452614,35.744271
43134,-97.452182,35.743927
43135,-97.452183,35.744110
43149,-97.452357,35.744419
43148,-97.452363,35.744550
43147,-97.452372,35.744747
43136,-97.452189,35.744438
43137,-97.452196,35.744574
43138,-97.452202,35.744710
43145,-97.452584,35.745360
43146,-97.452413,35.744929
43139,-97.452238,35.744921
43253,-97.455303,35.746029
43252,-97.455247,35.746317
43184,-97.454934,35.746377
43185,-97.453704,35.746331
43190,-97.453616,35.746449
43186,-97.453363,35.746147
43187,-97.453090,35.745959
43189,-97.453267,35.746259
43188,-97.453132,35.746181
43144,-97.452575,35.746305
43143,-97.452556,35.746318
43140,-97.452446,35.746214
43141,-97.452408,35.746241
43142,-97.452389,35.746254
42383,-97.443089,35.727016
42382,-97.442763,35.726449
43674,-97.443047,35.728169
42384,-97.442867,35.728176
42413,-97.442818,35.728309
42385,-97.442802,35.728171
42386,-97.442781,35.728170
42387,-97.442760,35.728168
42388,-97.442738,35.728167
42412,-97.442784,35.728307
42389,-97.441931,35.728032
42390,-97.441825,35.728021
42411,-97.441984,35.728175
42418,-97.442801,35.729068
42415,-97.442783,35.729068
42381,-97.440765,35.726509
42391,-97.441740,35.728013
42392,-97.441496,35.728008
42410,-97.441141,35.728141
42409,-97.441106,35.728141
42417,-97.441485,35.729059
42416,-97.441361,35.729059
42414,-97.440874,35.729064
42393,-97.440748,35.727998
42394,-97.440705,35.727998
42407,-97.440321,35.728131
42408,-97.440321,35.728131
42406,-97.440201,35.728129
42405,-97.440133,35.728128
42419,-97.442820,35.730250
42420,-97.442818,35.730355
43673,-97.442960,35.731360
42585,-97.442798,35.730371
42586,-97.442646,35.730371
42584,-97.442798,35.730509
42583,-97.442747,35.730509
42582,-97.442645,35.730509
42421,-97.442778,35.731855
42422,-97.442558,35.731868
42478,-97.442757,35.732008
42477,-97.442706,35.732007
42581,-97.441479,35.730509
42580,-97.441428,35.730509
42579,-97.441327,35.730509
42587,-97.440224,35.730371
42578,-97.440211,35.730509
42423,-97.441403,35.731859
42424,-97.441377,35.731859
42425,-97.441327,35.731858
42476,-97.441501,35.731998
42475,-97.441451,35.731997
42474,-97.441350,35.731997
42517,-97.441281,35.733048
42519,-97.441211,35.732910
42521,-97.441187,35.732909
42518,-97.441233,35.733048
42426,-97.440247,35.731850
42427,-97.440172,35.731849
42428,-97.440072,35.731849
42473,-97.440195,35.731988
42472,-97.440145,35.731987
42471,-97.440095,35.731987
42470,-97.440019,35.731986
42522,-97.440091,35.732900
42523,-97.440043,35.732900
42526,-97.439948,35.732899
42520,-97.440041,35.733038
42524,-97.439994,35.733037
42525,-97.439946,35.733037
48896,-97.438639,35.726248
48895,-97.438638,35.726282
48893,-97.438471,35.726244
48894,-97.438614,35.727145
42395,-97.438427,35.727972
42396,-97.438396,35.727972
42404,-97.438429,35.728110
42397,-97.437668,35.727980
42398,-97.437638,35.727980
42399,-97.437623,35.727980
42402,-97.436778,35.728127
42400,-97.436533,35.727990
42403,-97.436529,35.728128
42401,-97.436351,35.727989
42588,-97.438962,35.730371
42589,-97.438911,35.730371
42577,-97.438993,35.730509
42576,-97.438866,35.730509
42574,-97.437751,35.730371
42429,-97.438917,35.731840
42430,-97.438841,35.731839
42469,-97.438990,35.731978
42468,-97.438940,35.731978
42467,-97.438889,35.731977
42527,-97.438852,35.732890
42530,-97.438756,35.732889
42528,-97.438850,35.733028
42529,-97.438778,35.733027
42531,-97.437732,35.732881
42573,-97.437497,35.729466
42571,-97.437455,35.729598
42570,-97.437423,35.729591
42567,-97.437392,35.729588
42575,-97.437506,35.730390
42572,-97.436652,35.729432
42569,-97.436635,35.729432
42568,-97.436619,35.729432
42566,-97.436602,35.729431
42565,-97.436586,35.729431
42563,-97.436569,35.729431
42562,-97.436553,35.729431
42564,-97.436654,35.729570
42561,-97.436571,35.729569
42559,-97.436555,35.729569
42560,-97.436536,35.729430
42558,-97.435772,35.729423
42431,-97.436294,35.730670
42432,-97.436126,35.730622
42433,-97.436126,35.730646
42434,-97.436126,35.730670
42465,-97.437509,35.731967
42466,-97.437557,35.731968
42532,-97.437528,35.732880
42533,-97.437528,35.733018
42535,-97.437454,35.733017
42537,-97.437417,35.733017
42464,-97.436320,35.731959
42435,-97.436119,35.731820
42463,-97.435987,35.731957
42462,-97.435935,35.731956
42534,-97.436647,35.732877
42536,-97.436610,35.732876
42538,-97.436592,35.732876
42539,-97.436573,35.732876
42542,-97.436537,35.732876
42543,-97.436500,35.732876
42540,-97.436573,35.733014
42541,-97.436537,35.733014
42544,-97.436500,35.733014
42545,-97.435730,35.732874
42546,-97.435693,35.733011
42547,-97.435656,35.733011
43327,-97.448632,35.739791
43328,-97.446258,35.739914
43660,-97.451294,35.747559
43661,-97.451432,35.749073
43653,-97.446967,35.747538
43659,-97.447154,35.748260
43654,-97.446986,35.748260
43655,-97.446986,35.748968
43658,-97.447154,35.749677
43656,-97.446986,35.749677
43652,-97.444872,35.747523
42479,-97.442644,35.734319
42620,-97.442687,35.734458
42619,-97.442642,35.734457
42618,-97.442598,35.734457
42617,-97.442553,35.734456
42621,-97.442618,35.734989
42622,-97.442568,35.734989
42623,-97.442518,35.734989
42624,-97.442469,35.734989
42625,-97.442419,35.734989
42672,-97.442618,35.735127
42671,-97.442568,35.735127
42670,-97.442518,35.735127
42669,-97.442469,35.735127
42668,-97.442419,35.735127
42673,-97.442600,35.735680
42727,-97.442598,35.735818
42674,-97.442551,35.735680
42675,-97.442501,35.735680
42676,-97.442452,35.735680
42726,-97.442549,35.735818
42725,-97.442499,35.735818
42724,-97.442450,35.735818
42728,-97.442581,35.736358
42779,-97.442577,35.736496
42729,-97.442532,35.736357
42730,-97.442483,35.736356
42778,-97.442528,35.736495
42777,-97.442479,35.736494
42776,-97.442429,35.736493
42780,-97.442559,35.737049
42781,-97.442510,35.737049
42782,-97.442461,35.737048
42783,-97.442412,35.737048
42824,-97.442557,35.737187
42823,-97.442508,35.737187
42822,-97.442459,35.737186
42821,-97.442410,35.737186
42515,-97.441340,35.733609
42516,-97.441387,35.733747
42514,-97.441313,35.733747
42513,-97.441289,35.733746
42480,-97.441352,35.734307
42616,-97.441348,35.734445
42615,-97.441299,35.734444
42614,-97.441250,35.734443
42626,-97.441425,35.734985
42627,-97.441375,35.734985
42628,-97.441325,35.734984
42667,-97.441425,35.735123
42666,-97.441375,35.735123
42665,-97.441325,35.735122
42629,-97.441275,35.734984
42664,-97.441275,35.735122
42512,-97.440134,35.733599
42511,-97.440109,35.733599
42509,-97.440011,35.733598
42510,-97.440058,35.733737
42481,-97.440134,35.734282
42482,-97.440061,35.734280
42483,-97.440037,35.734280
42613,-97.440081,35.734419
42612,-97.440057,35.734418
42611,-97.440033,35.734418
42610,-97.440008,35.734417
42630,-97.440182,35.734980
42631,-97.440132,35.734980
42632,-97.440082,35.734980
42633,-97.440032,35.734979
42663,-97.440182,35.735118
42662,-97.440132,35.735118
42661,-97.440082,35.735118
42677,-97.441414,35.735674
42678,-97.441364,35.735674
42679,-97.441315,35.735674
42723,-97.441412,35.735812
42722,-97.441362,35.735812
42721,-97.441313,35.735812
42731,-97.441397,35.736334
42732,-97.441348,35.736333
42733,-97.441299,35.736332
42775,-97.441393,35.736472
42774,-97.441344,35.736471
42773,-97.441295,35.736470
42680,-97.441266,35.735674
42681,-97.441216,35.735673
42720,-97.441264,35.735812
42719,-97.441214,35.735811
42734,-97.441250,35.736331
42735,-97.441200,35.736330
42772,-97.441246,35.736469
42771,-97.441196,35.736468
42784,-97.441381,35.737040
42785,-97.441331,35.737039
42786,-97.441282,35.737039
42820,-97.441379,35.737178
42819,-97.441329,35.737177
42787,-97.441233,35.737039
42818,-97.441280,35.737177
42817,-97.441231,35.737177
42816,-97.441182,35.737176
42682,-97.440178,35.735664
42683,-97.440129,35.735664
42684,-97.440079,35.735663
42685,-97.440030,35.735662
42718,-97.440127,35.735802
42717,-97.440077,35.735801
42716,-97.440028,35.735800
42736,-97.440161,35.736325
42770,-97.440163,35.736463
42737,-97.440112,35.736326
42738,-97.440063,35.736326
42739,-97.440013,35.736327
42769,-97.440114,35.736464
42768,-97.440065,35.736464
42767,-97.440015,35.736465
42740,-97.439964,35.736327
42766,-97.439966,35.736465
42788,-97.440153,35.737030
42789,-97.440104,35.737030
42790,-97.440054,35.737029
42791,-97.440005,35.737029
42815,-97.440151,35.737168
42814,-97.440102,35.737168
42813,-97.440052,35.737167
42812,-97.440003,35.737167
42825,-97.442536,35.737737
42826,-97.442482,35.737736
42827,-97.442428,35.737735
42828,-97.442374,35.737734
42829,-97.442321,35.737733
42854,-97.442532,35.737875
42853,-97.442478,35.737874
42852,-97.442424,35.737873
42851,-97.442370,35.737872
42855,-97.442515,35.738418
42856,-97.442461,35.738417
42862,-97.442513,35.738556
42861,-97.442459,35.738555
42857,-97.442407,35.738416
42858,-97.442353,35.738416
42860,-97.442405,35.738554
42859,-97.442351,35.738554
42863,-97.442504,35.739118
42864,-97.442450,35.739117
42865,-97.442396,35.739116
42866,-97.442342,35.739116
42871,-97.442557,35.739257
42870,-97.442475,35.739255
42869,-97.442394,35.739254
42868,-97.442367,35.739254
42867,-97.442340,35.739254
42872,-97.442547,35.739731
42873,-97.442303,35.739732
42874,-97.442222,35.739733
42875,-97.441897,35.739735
42830,-97.441071,35.737710
42831,-97.441025,35.737709
42832,-97.440980,35.737708
42833,-97.440935,35.737707
42834,-97.439942,35.737701
42835,-97.439897,35.737701
42836,-97.439852,35.737701
42837,-97.439806,35.737701
42838,-97.439761,35.737701
42876,-97.441707,35.739736
42877,-97.440824,35.739883
42975,-97.439764,35.740900
42508,-97.438903,35.733590
42507,-97.438876,35.733728
42505,-97.438780,35.733589
42506,-97.438827,35.733727
42504,-97.438778,35.733727
42484,-97.438866,35.734263
42485,-97.438842,35.734263
42486,-97.438818,35.734263
42609,-97.438913,35.734402
42608,-97.438816,35.734401
42607,-97.438767,35.734400
42634,-97.438939,35.734975
42635,-97.438889,35.734975
42636,-97.438839,35.734975
42637,-97.438789,35.734975
42638,-97.438740,35.734974
42660,-97.438939,35.735113
42659,-97.438889,35.735113
42658,-97.438839,35.735113
42657,-97.438789,35.735113
42656,-97.438740,35.735112
42686,-97.438942,35.735661
42687,-97.438892,35.735661
42715,-97.438942,35.735799
42714,-97.438892,35.735799
42688,-97.438843,35.735661
42689,-97.438793,35.735661
42713,-97.438843,35.735799
42712,-97.438793,35.735799
42741,-97.438928,35.736336
42742,-97.438879,35.736336
42765,-97.438930,35.736474
42764,-97.438881,35.736474
42743,-97.438829,35.736337
42744,-97.438780,35.736337
42763,-97.438831,35.736475
42762,-97.438782,35.736475
42792,-97.438925,35.737020
42793,-97.438876,35.737020
42794,-97.438827,35.737019
42795,-97.438777,35.737019
42811,-97.438923,35.737158
42810,-97.438874,35.737158
42809,-97.438825,35.737157
42808,-97.438775,35.737157
42503,-97.437518,35.733719
42502,-97.437476,35.733719
42500,-97.437434,35.733581
42487,-97.437519,35.734251
42606,-97.437517,35.734389
42605,-97.437475,35.734388
42488,-97.437436,35.734250
42604,-97.437434,35.734388
42639,-97.437517,35.734971
42640,-97.437465,35.734971
42655,-97.437519,35.735109
42654,-97.437467,35.735109
42653,-97.437415,35.735109
42499,-97.436482,35.733565
42496,-97.436441,35.733563
42497,-97.436454,35.733702
42501,-97.436433,35.733701
42495,-97.436354,35.733561
42498,-97.436412,35.733700
42494,-97.436354,35.733699
42489,-97.436487,35.734244
42603,-97.436505,35.734382
42602,-97.436423,35.734381
42490,-97.436363,35.734243
42601,-97.436361,35.734381
42600,-97.436340,35.734381
42599,-97.436319,35.734381
42641,-97.436228,35.734978
42642,-97.436176,35.734978
42652,-97.436230,35.735116
42651,-97.436178,35.735116
42643,-97.436124,35.734978
42644,-97.436073,35.734978
42645,-97.436021,35.734979
42650,-97.436126,35.735116
42649,-97.436075,35.735116
42648,-97.436023,35.735117
42647,-97.435998,35.735117
42646,-97.435972,35.735117
42690,-97.437530,35.735659
42691,-97.437463,35.735657
42711,-97.437526,35.735797
42710,-97.437459,35.735795
42692,-97.437396,35.735656
42693,-97.437329,35.735655
42709,-97.437392,35.735794
42708,-97.437325,35.735793
42745,-97.437523,35.736327
42746,-97.437485,35.736325
42747,-97.437447,35.736324
42761,-97.437515,35.736465
42760,-97.437477,35.736463
42748,-97.437409,35.736322
42759,-97.437439,35.736462
42758,-97.437401,35.736460
42796,-97.437516,35.737012
42797,-97.437492,35.737012
42798,-97.437469,35.737012
42799,-97.437445,35.737013
42807,-97.437520,35.737150
42806,-97.437496,35.737150
42805,-97.437473,35.737150
42804,-97.437449,35.737151
42803,-97.437426,35.737151
42800,-97.436929,35.737020
42801,-97.436899,35.737022
42802,-97.436893,35.737160
42749,-97.436563,35.736293
42750,-97.436526,35.736298
42751,-97.436489,35.736303
42752,-97.436451,35.736309
42757,-97.436591,35.736429
42756,-97.436554,35.736434
42755,-97.436517,35.736439
42754,-97.436479,35.736445
42753,-97.436414,35.736314
42694,-97.435839,35.735704
42695,-97.435754,35.735733
42696,-97.435698,35.735763
42707,-97.435885,35.735836
42706,-97.435846,35.735847
42705,-97.435790,35.735877
42704,-97.435734,35.735906
42703,-97.435698,35.735933
42702,-97.435652,35.735972
42839,-97.438815,35.737701
42840,-97.438770,35.737701
42841,-97.438725,35.737701
42842,-97.438680,35.737701
42974,-97.439065,35.739871
42992,-97.439232,35.739937
42991,-97.439232,35.739958
42989,-97.439230,35.740129
42990,-97.439251,35.741067
42987,-97.439584,35.741464
42988,-97.439472,35.741339
42977,-97.439114,35.741173
42976,-97.439085,35.741093
42843,-97.437508,35.737701
42844,-97.437499,35.737701
42845,-97.437491,35.737701
42846,-97.437483,35.737701
42850,-97.437526,35.737852
42849,-97.437508,35.737839
42848,-97.437499,35.737839
42847,-97.437491,35.737839
43108,-97.437208,35.741111
43107,-97.437317,35.741213
43110,-97.437318,35.741602
43109,-97.437099,35.741010
42878,-97.436074,35.739710
43111,-97.436102,35.741006
43672,-97.442565,35.743799
43671,-97.442574,35.744465
43670,-97.442592,35.745614
42984,-97.441662,35.742374
42985,-97.441571,35.742409
42983,-97.441509,35.742587
42982,-97.441365,35.742818
42981,-97.441491,35.743298
42978,-97.441191,35.742843
42979,-97.441256,35.742942
42980,-97.441269,35.742961
42986,-97.439995,35.741844
43061,-97.439950,35.743668
43064,-97.439782,35.743716
43058,-97.440499,35.744231
43059,-97.440470,35.744205
43056,-97.440746,35.744455
43057,-97.440528,35.744257
43055,-97.440344,35.744297
43060,-97.440038,35.743760
43065,-97.440208,35.744192
43054,-97.439850,35.744657
43053,-97.439787,35.744728
43669,-97.442605,35.746445
43668,-97.442610,35.746774
43651,-97.442666,35.749387
43062,-97.439688,35.743393
43030,-97.439602,35.743269
43029,-97.439516,35.743471
43063,-97.439611,35.743536
43031,-97.439353,35.743390
43032,-97.439251,35.743440
43027,-97.439413,35.743521
43028,-97.439310,35.743571
43026,-97.439001,35.743723
43086,-97.438508,35.742553
43087,-97.438408,35.742443
43085,-97.438372,35.742634
43088,-97.438330,35.742489
43084,-97.438275,35.742691
43089,-97.438175,35.742581
43066,-97.439683,35.744613
43067,-97.439651,35.744648
43052,-97.439691,35.745136
43051,-97.439686,35.745179
43050,-97.439692,35.745673
43033,-97.438216,35.744029
43034,-97.438131,35.744097
43035,-97.438047,35.744165
43023,-97.437867,35.745179
43106,-97.437275,35.741800
43105,-97.437084,35.741913
43103,-97.436700,35.742140
43083,-97.437546,35.743129
43082,-97.437474,35.743181
43090,-97.437432,35.743027
43091,-97.437289,35.743132
43081,-97.437332,35.743287
43080,-97.437275,35.743339
43104,-97.436600,35.742028
43102,-97.436408,35.742153
43101,-97.436355,35.742382
43100,-97.436198,35.742526
43098,-97.436040,35.742670
43099,-97.435993,35.742506
43097,-97.435883,35.742815
43096,-97.435719,35.742960
43079,-97.436739,35.743843
43078,-97.436676,35.743902
43025,-97.437457,35.744965
43036,-97.437276,35.744843
43024,-97.437419,35.745099
43037,-97.437112,35.744989
43040,-97.436706,35.745363
43092,-97.436611,35.743753
43093,-97.436548,35.743812
43077,-97.436613,35.743961
43094,-97.436517,35.743841
43095,-97.435710,35.744258
43076,-97.435726,35.744394
43039,-97.436671,35.745396
43038,-97.436635,35.745428
43073,-97.436209,35.745720
43048,-97.439629,35.746417
43049,-97.439629,35.746417
43068,-97.439531,35.746305
43069,-97.439520,35.746321
43047,-97.439452,35.746459
43046,-97.439313,35.746460
43070,-97.439171,35.746323
43045,-97.439104,35.746461
43044,-97.437709,35.746466
43071,-97.437574,35.746325
43043,-97.437570,35.746463
43072,-97.437434,35.746322
43042,-97.437430,35.746460
43041,-97.437284,35.746452
43022,-97.436248,35.746019
43019,-97.436140,35.745859
43020,-97.436126,35.745921
43021,-97.436090,35.745965
42557,-97.434804,35.729559
42556,-97.434746,35.729635
42554,-97.434872,35.729735
42555,-97.434704,35.729723
42553,-97.434813,35.731413
42552,-97.434644,35.731446
42550,-97.434811,35.731483
42551,-97.434643,35.731481
42436,-97.434822,35.731811
42549,-97.434802,35.731963
42548,-97.434801,35.731972
42590,-97.434639,35.732811
42437,-97.434618,35.731811
42591,-97.434618,35.732879
42440,-97.433488,35.729560
42439,-97.433473,35.730020
42438,-97.433459,35.730461
42441,-97.433291,35.730457
42442,-97.433291,35.730476
42443,-97.433276,35.730936
42444,-97.433275,35.730955
42461,-97.433296,35.732042
42460,-97.433275,35.732048
48830,-97.431953,35.733358
48829,-97.431960,35.733495
48849,-97.431283,35.730799
48848,-97.431288,35.730810
48847,-97.431321,35.731341
48850,-97.431014,35.730584
48851,-97.430893,35.730556
48846,-97.430938,35.730706
48845,-97.430875,35.730692
48852,-97.429775,35.730612
48844,-97.429777,35.730750
48853,-97.429678,35.730613
48843,-97.429680,35.730751
42445,-97.431045,35.731814
42446,-97.430927,35.731809
42459,-97.431003,35.731946
42447,-97.429794,35.731804
42458,-97.429796,35.731942
42448,-97.429695,35.731805
42457,-97.429697,35.731943
48831,-97.430512,35.733345
48832,-97.430526,35.733483
48854,-97.428565,35.730619
48842,-97.428567,35.730757
48855,-97.428469,35.730620
48841,-97.428471,35.730758
42449,-97.428564,35.731813
42456,-97.428566,35.731951
48833,-97.429078,35.733341
42450,-97.428466,35.731814
42455,-97.428468,35.731952
48856,-97.427358,35.730607
48857,-97.427261,35.730606
48840,-97.427356,35.730745
48839,-97.427259,35.730744
42451,-97.427335,35.731821
42454,-97.427337,35.731959
42452,-97.427237,35.731822
42453,-97.427239,35.731960
48815,-97.425983,35.732350
48838,-97.426141,35.732737
42887,-97.425939,35.733349
42888,-97.425937,35.733487
42889,-97.425709,35.733346
42890,-97.425707,35.733484
42891,-97.425479,35.733344
42926,-97.425534,35.733483
42892,-97.425249,35.733342
42592,-97.435396,35.733561
42493,-97.435396,35.733699
42491,-97.435455,35.734237
42492,-97.435413,35.734237
42598,-97.435411,35.734375
42593,-97.434273,35.733740
42594,-97.434272,35.733764
42595,-97.434271,35.733768
42596,-97.434271,35.733768
42597,-97.434264,35.733981
42697,-97.435642,35.735792
42698,-97.435578,35.735837
42699,-97.435532,35.735876
42700,-97.435485,35.735916
42701,-97.435438,35.735955
48828,-97.432872,35.734066
48834,-97.432704,35.734068
48826,-97.432774,35.735243
48827,-97.432660,35.735054
48825,-97.432740,35.735301
48823,-97.431966,35.735208
48824,-97.431832,35.735313
42879,-97.435313,35.739705
42880,-97.434933,35.739703
43112,-97.435191,35.741327
43113,-97.435257,35.741453
42993,-97.434395,35.739852
42995,-97.434394,35.739950
42996,-97.434394,35.740000
42994,-97.434560,35.740246
42997,-97.434387,35.741085
43115,-97.434571,35.741371
42998,-97.434387,35.741184
43000,-97.434386,35.741282
43114,-97.434571,35.741509
42999,-97.434554,35.741522
43001,-97.434554,35.741556
43003,-97.434554,35.741590
43002,-97.434386,35.741522
42881,-97.433403,35.739833
42883,-97.432411,35.739688
42884,-97.432409,35.739826
48822,-97.430894,35.735158
48821,-97.430898,35.735296
48820,-97.429922,35.735316
48818,-97.429070,35.735047
48817,-97.428936,35.735129
48819,-97.428982,35.735180
42882,-97.431417,35.739682
42885,-97.428693,35.739674
43004,-97.434383,35.743181
43005,-97.434380,35.743267
43006,-97.434378,35.743353
43074,-97.435439,35.745418
43018,-97.435437,35.745556
43075,-97.435366,35.745417
43007,-97.434359,35.744171
43008,-97.434356,35.744402
43009,-97.434356,35.744491
43016,-97.434534,35.745640
43017,-97.434534,35.745659
43010,-97.434365,35.745427
43011,-97.434366,35.745660
43549,-97.433094,35.744181
43548,-97.433097,35.744395
43550,-97.432848,35.743957
43551,-97.432651,35.743964
43535,-97.432588,35.744103
43547,-97.433102,35.744928
43546,-97.433104,35.745035
43545,-97.433105,35.745184
43544,-97.433108,35.745397
43543,-97.433109,35.745504
43542,-97.433111,35.745717
43536,-97.432934,35.744845
43537,-97.432935,35.744951
43538,-97.432937,35.745164
43539,-97.432938,35.745292
43540,-97.432941,35.745506
43552,-97.432449,35.743968
43553,-97.432071,35.743977
43554,-97.431936,35.743980
43534,-97.432008,35.744116
43015,-97.434538,35.746053
43014,-97.434538,35.746093
43012,-97.434370,35.746094
43013,-97.434370,35.746104
43541,-97.433113,35.745933
43483,-97.432909,35.746409
43484,-97.432571,35.746271
43481,-97.432234,35.746409
43482,-97.431896,35.746409
43457,-97.432754,35.749192
43458,-97.431653,35.748269
43555,-97.431286,35.743991
43556,-97.431195,35.743991
43533,-97.431546,35.744697
43523,-97.431378,35.744718
43557,-97.431014,35.743991
43522,-97.430941,35.744129
43558,-97.430741,35.743991
43532,-97.431547,35.744911
43524,-97.431379,35.744932
43531,-97.431548,35.745124
43525,-97.431380,35.745146
43530,-97.431549,35.745338
43526,-97.431381,35.745359
43529,-97.431550,35.745552
43528,-97.431550,35.745765
43527,-97.431382,35.745573
43559,-97.430440,35.743974
43510,-97.430245,35.744098
41784,-97.430146,35.744112
43521,-97.430106,35.744302
43520,-97.430067,35.744493
43519,-97.430028,35.744683
43560,-97.430009,35.743930
43513,-97.429959,35.744062
43514,-97.429980,35.744090
43515,-97.429940,35.744280
43516,-97.429882,35.744566
43518,-97.430004,35.744869
43517,-97.429836,35.744859
43512,-97.429482,35.743942
43561,-97.429270,35.743766
43511,-97.429012,35.743892
43508,-97.428587,35.744987
43507,-97.428986,35.745449
43505,-97.428840,35.745519
43562,-97.428068,35.743761
43501,-97.428088,35.743914
43502,-97.428099,35.744210
43509,-97.428358,35.744613
43503,-97.428204,35.744671
43504,-97.428449,35.745067
43496,-97.428086,35.745133
43495,-97.427833,35.745153
43497,-97.427698,35.745021
43485,-97.430595,35.746286
43480,-97.430902,35.746418
43479,-97.430627,35.746423
43486,-97.430186,35.746288
43478,-97.430210,35.746426
43487,-97.429746,35.746279
43477,-97.429742,35.746417
43456,-97.430789,35.748548
43459,-97.430765,35.748412
43455,-97.429878,35.748455
43506,-97.429194,35.745859
43476,-97.429329,35.746410
43488,-97.428645,35.746287
43475,-97.428904,35.746417
43474,-97.428651,35.746425
43489,-97.428467,35.746292
43454,-97.428845,35.747846
43449,-97.427700,35.749823
48837,-97.426265,35.734567
48836,-97.426277,35.735307
43331,-97.426518,35.735581
48816,-97.426582,35.735835
43330,-97.426739,35.736574
43332,-97.426639,35.736912
42930,-97.426341,35.735895
42929,-97.426206,35.736066
42931,-97.425774,35.737473
42932,-97.425789,35.737548
43329,-97.427234,35.738697
42973,-97.427069,35.738859
42934,-97.425805,35.737623
42936,-97.425841,35.737784
42935,-97.425639,35.737645
42933,-97.425631,35.737608
42972,-97.426424,35.738865
42971,-97.425901,35.738870
42970,-97.425769,35.738872
42937,-97.425546,35.738737
42969,-97.425637,35.738874
42968,-97.425506,35.738876
42886,-97.427441,35.739680
42967,-97.424011,35.738894
42938,-97.423841,35.738750
42939,-97.423841,35.738750
42940,-97.423666,35.738745
42966,-97.423704,35.738884
43611,-97.423491,35.739826
42923,-97.423104,35.734773
42924,-97.422936,35.734981
42921,-97.423104,35.735206
42922,-97.422936,35.735206
42928,-97.423358,35.736203
42927,-97.423123,35.736207
42920,-97.422689,35.736187
42941,-97.421949,35.738039
42942,-97.421861,35.738155
42943,-97.421650,35.737887
42944,-97.421351,35.737735
42945,-97.421562,35.738003
43577,-97.422617,35.739983
43578,-97.422447,35.739878
43576,-97.422631,35.740769
43575,-97.422633,35.740876
43580,-97.422465,35.740878
43579,-97.422463,35.740771
43574,-97.422646,35.741661
43581,-97.422478,35.741663
42964,-97.421309,35.738741
42965,-97.421309,35.738879
42962,-97.421029,35.738741
42963,-97.420890,35.738879
42961,-97.420820,35.738879
43334,-97.426985,35.741790
43333,-97.426965,35.741839
43335,-97.426555,35.742324
43563,-97.427431,35.743761
43564,-97.427168,35.743765
43500,-97.427186,35.743901
43565,-97.426802,35.743968
43499,-97.426851,35.744214
43566,-97.426693,35.744164
43567,-97.426601,35.744358
43494,-97.427053,35.745135
43498,-97.426571,35.744943
43492,-97.426246,35.745264
43493,-97.425976,35.745139
43469,-97.426037,35.745168
43491,-97.426289,35.745509
43470,-97.426116,35.745391
43471,-97.426125,35.745606
43568,-97.425606,35.744964
43570,-97.424352,35.745630
43572,-97.423742,35.745479
43571,-97.423694,35.745611
43490,-97.427454,35.746449
43473,-97.427265,35.746642
43472,-97.426071,35.745807
43466,-97.425751,35.747766
43453,-97.427192,35.747861
43460,-97.427024,35.747875
43461,-97.427024,35.747875
43452,-97.427348,35.748767
43462,-97.427180,35.748755
43450,-97.427341,35.749370
43451,-97.427105,35.749072
43445,-97.426963,35.749146
43446,-97.427199,35.749444
43463,-97.426277,35.748701
43444,-97.425921,35.748839
43465,-97.425913,35.748139
43467,-97.425745,35.748137
43464,-97.425909,35.748413
43569,-97.424688,35.745857
43468,-97.425257,35.748719
43443,-97.425263,35.748857
43368,-97.424825,35.748866
43336,-97.423970,35.748219
43367,-97.423978,35.748841
43362,-97.423393,35.747886
43363,-97.423798,35.748530
43366,-97.423689,35.748844
43364,-97.423531,35.748710
43365,-97.423537,35.748848
43582,-97.422479,35.741770
43573,-97.422656,35.742553
43583,-97.422488,35.742555
43584,-97.422498,35.743447
43585,-97.422499,35.743554
43586,-97.422422,35.745333
43587,-97.422302,35.745337
43588,-97.422222,35.745340
43589,-97.421417,35.745343
43591,-97.421299,35.745204
43590,-97.421297,35.745342
43592,-97.420416,35.745334
43337,-97.423357,35.747748
43338,-97.423149,35.747747
43339,-97.422525,35.747744
43340,-97.421695,35.747744
43341,-97.421314,35.747759
43361,-97.422542,35.747882
43360,-97.421911,35.748573
43355,-97.421727,35.748138
43356,-97.421733,35.748284
43357,-97.421743,35.748577
43358,-97.421747,35.748675
43359,-97.421754,35.748870
43342,-97.421021,35.747770
43667,-97.451437,35.752618
43666,-97.450721,35.752613
43664,-97.450008,35.752470
43665,-97.449293,35.752465
43657,-97.446986,35.750385
43648,-97.442825,35.753062
43647,-97.442832,35.753228
43650,-97.442808,35.752029
43649,-97.442805,35.752374
43646,-97.442848,35.754249
43612,-97.441401,35.754182
43613,-97.441424,35.754321
43620,-97.438168,35.754356
43619,-97.436541,35.754342
43614,-97.435582,35.754209
43616,-97.432348,35.754153
43448,-97.428133,35.750179
43447,-97.427672,35.750040
43617,-97.429640,35.754163
43615,-97.429046,35.754157
43441,-97.425442,35.753547
43440,-97.425419,35.753684
43372,-97.423816,35.750787
43373,-97.423456,35.750774
43370,-97.424020,35.751188
43371,-97.424020,35.751203
43369,-97.424038,35.751857
43420,-97.423458,35.750912
43421,-97.423866,35.751712
43422,-97.423870,35.751861
43442,-97.425369,35.753544
43439,-97.425383,35.753683
43438,-97.425164,35.753675
43398,-97.424042,35.752143
43399,-97.423873,35.752155
43400,-97.423870,35.752305
43401,-97.423862,35.752618
43402,-97.423859,35.752768
43403,-97.423855,35.752917
43618,-97.425880,35.754295
43374,-97.422796,35.750781
43375,-97.422466,35.750785
43419,-97.422798,35.750919
48877,-97.428845,35.727092
48876,-97.428876,35.727164
48875,-97.428906,35.727236
48863,-97.428685,35.727138
48864,-97.428716,35.727210
48879,-97.428334,35.726229
48861,-97.428186,35.726293
48878,-97.428422,35.726363
48862,-97.428274,35.726427
48874,-97.429020,35.728045
48873,-97.429020,35.728083
48872,-97.428809,35.729125
48865,-97.428724,35.729002
48871,-97.428736,35.729140
48866,-97.427936,35.729000
48867,-97.427867,35.728999
48870,-97.427932,35.729138
48869,-97.427897,35.729137
48868,-97.427763,35.728997
48813,-97.425696,35.727293
48812,-97.425932,35.727509
48883,-97.425999,35.727739
48882,-97.426163,35.728360
48814,-97.425906,35.728019
42893,-97.422919,35.733320
42894,-97.422917,35.733458
42895,-97.422725,35.733318
42898,-97.422723,35.733456
42896,-97.422532,35.733317
42897,-97.422339,35.733315
42900,-97.420498,35.733331
42899,-97.420502,35.733469
42902,-97.420305,35.733334
42901,-97.420309,35.733472
42903,-97.420111,35.733337
42904,-97.420115,35.733475
42925,-97.423104,35.733905
42919,-97.420608,35.735145
42918,-97.420637,35.735320
42917,-97.420427,35.735053
42916,-97.420447,35.735224
42915,-97.420305,35.735152
42914,-97.420247,35.734962
42912,-97.420066,35.734871
42911,-97.420067,35.735032
42910,-97.419931,35.734802
42909,-97.419877,35.734935
42913,-97.420162,35.735080
42946,-97.421047,35.737588
42947,-97.420820,35.737480
42905,-97.418114,35.733210
42906,-97.417946,35.733252
42907,-97.417927,35.733843
42908,-97.417926,35.734170
42960,-97.420750,35.738741
42958,-97.420609,35.738742
42959,-97.420613,35.738880
42957,-97.420474,35.738883
43606,-97.419390,35.740900
43602,-97.419400,35.741688
43600,-97.419401,35.741795
43598,-97.419412,35.742691
43596,-97.419422,35.743479
42951,-97.418089,35.737447
42952,-97.418088,35.737569
42948,-97.417921,35.737334
42949,-97.417921,35.737447
42950,-97.417920,35.737569
42954,-97.418087,35.737681
42953,-97.417919,35.737681
42955,-97.417919,35.737803
42956,-97.417918,35.737915
43608,-97.419239,35.739894
43607,-97.419221,35.740794
43605,-97.419222,35.740902
43604,-97.419224,35.741009
43603,-97.419232,35.741690
43609,-97.417083,35.739733
43601,-97.419233,35.741797
43599,-97.419243,35.742586
43597,-97.419244,35.742693
43595,-97.419254,35.743481
43594,-97.419255,35.743553
43593,-97.419255,35.743589
43343,-97.420728,35.747782
43344,-97.420436,35.747794
43354,-97.420200,35.748162
43353,-97.420208,35.748337
43345,-97.420032,35.748177
43352,-97.420212,35.748434
43346,-97.420040,35.748352
43347,-97.420044,35.748440
43351,-97.420220,35.748609
43348,-97.420053,35.748624
43349,-97.420057,35.748711
43350,-97.420065,35.748886
43423,-97.424905,35.756915
43424,-97.424910,35.757289
43376,-97.421967,35.750791
43408,-97.422157,35.751788
43409,-97.421989,35.751788
43418,-97.421475,35.750931
43397,-97.423230,35.753505
43404,-97.422968,35.753508
43396,-97.422417,35.753515
43407,-97.422158,35.752113
43406,-97.422158,35.752276
43410,-97.421989,35.751951
43411,-97.421990,35.752276
43405,-97.422160,35.752585
43412,-97.421993,35.752911
43395,-97.421665,35.753531
43394,-97.421349,35.753540
43377,-97.420701,35.750797
43378,-97.420361,35.750799
43417,-97.420857,35.750935
43379,-97.420023,35.750801
43413,-97.421027,35.753411
43393,-97.420833,35.753884
43391,-97.420665,35.753886
43414,-97.420146,35.752031
43415,-97.420169,35.752865
43390,-97.419276,35.753567
43381,-97.418244,35.748631
43382,-97.418265,35.749743
43380,-97.418913,35.750807
43383,-97.418268,35.749931
43384,-97.418275,35.750308
43385,-97.418281,35.750666
43386,-97.418286,35.750999
43387,-97.418288,35.751597
43416,-97.418462,35.752926
43388,-97.418293,35.752736
43389,-97.418294,35.753109
43425,-97.424941,35.760430
43437,-97.424954,35.761749
43436,-97.424964,35.762797
43435,-97.424966,35.762982
43434,-97.424974,35.763918
43433,-97.424974,35.763938
43432,-97.424974,35.763958
43431,-97.424975,35.764177
43645,-97.442874,35.760927
43643,-97.442893,35.764250
41967,-97.468516,35.748138
41966,-97.468530,35.748852
41965,-97.468530,35.748883
41964,-97.468529,35.748913
41963,-97.468513,35.749617
41962,-97.468512,35.749648
41968,-97.468220,35.747903
42003,-97.468362,35.748881
42004,-97.468361,35.748911
42005,-97.468345,35.749615
41969,-97.467303,35.747881
41970,-97.467265,35.747882
42002,-97.467309,35.748019
42001,-97.467271,35.748020
41971,-97.467227,35.747883
42000,-97.467233,35.748021
41972,-97.466342,35.747907
41973,-97.466304,35.747908
41999,-97.466348,35.748045
41998,-97.466310,35.748046
41974,-97.465382,35.747915
41997,-97.465384,35.748053
42032,-97.465346,35.748053
42029,-97.466040,35.749479
42028,-97.466036,35.749617
42027,-97.466003,35.749616
42030,-97.465974,35.749477
42026,-97.465970,35.749615
41975,-97.465344,35.747915
42031,-97.465223,35.749465
42025,-97.465219,35.749603
42024,-97.465186,35.749602
41976,-97.464237,35.747921
42033,-97.464254,35.748071
41977,-97.464186,35.747921
41978,-97.464136,35.747921
41996,-97.464188,35.748059
41995,-97.464138,35.748059
42034,-97.464210,35.749461
42049,-97.464236,35.749602
42035,-97.464126,35.749468
42048,-97.464144,35.749604
42036,-97.464032,35.749483
41979,-97.462982,35.747927
41980,-97.462932,35.747927
41994,-97.462984,35.748065
41993,-97.462934,35.748065
41961,-97.468500,35.750383
41960,-97.468499,35.750413
41959,-97.468491,35.751148
41958,-97.468491,35.751179
41957,-97.468482,35.752063
41956,-97.468481,35.752079
42006,-97.468332,35.750381
42007,-97.468331,35.750411
42008,-97.468298,35.751911
42009,-97.468203,35.751911
41955,-97.468298,35.752049
41954,-97.468250,35.752049
41952,-97.467585,35.753013
41951,-97.467597,35.753024
41953,-97.467574,35.753001
42074,-97.467455,35.753101
42073,-97.467444,35.753089
42071,-97.467149,35.752797
42072,-97.467160,35.752808
42011,-97.467039,35.752630
42012,-97.466982,35.752635
42070,-97.467059,35.752766
42069,-97.467002,35.752771
42019,-97.466006,35.751112
42020,-97.465974,35.751112
42021,-97.465943,35.751113
42018,-97.466010,35.751250
42017,-97.465978,35.751250
42022,-97.465218,35.751127
42023,-97.465187,35.751127
42016,-97.465222,35.751265
42013,-97.465614,35.752651
42068,-97.465616,35.752789
42014,-97.465557,35.752651
42010,-97.468295,35.753985
42245,-97.468298,35.754459
42075,-97.468012,35.754321
42076,-97.467820,35.754321
42077,-97.467627,35.754321
42078,-97.467433,35.754322
42079,-97.467240,35.754324
42244,-97.467242,35.754462
42050,-97.464236,35.750383
42051,-97.464207,35.751209
42015,-97.464309,35.751317
42052,-97.464133,35.751254
47934,-97.462552,35.750483
47935,-97.462552,35.750483
47941,-97.462552,35.750483
47942,-97.462552,35.750483
47943,-97.462552,35.750483
47944,-97.462552,35.750483
42047,-97.462531,35.750696
42037,-97.462409,35.750602
42038,-97.462385,35.750622
42039,-97.462362,35.750642
42046,-97.462507,35.750716
42045,-97.462484,35.750736
42044,-97.462472,35.750746
42053,-97.463974,35.752698
42067,-97.464048,35.752822
42054,-97.463941,35.752710
42066,-97.464015,35.752834
42065,-97.463983,35.752847
42064,-97.463310,35.753217
42055,-97.463206,35.753109
42056,-97.463178,35.753127
42057,-97.463149,35.753145
42063,-97.463282,35.753235
42062,-97.463253,35.753253
41068,-97.462431,35.753422
42058,-97.462431,35.753422
42059,-97.462415,35.753422
41069,-97.462379,35.753423
41067,-97.462479,35.753554
42061,-97.462479,35.753554
42060,-97.462423,35.753560
41066,-97.462387,35.753561
42040,-97.461864,35.751149
42043,-97.462012,35.751213
42042,-97.461996,35.751237
42041,-97.461848,35.751173
41070,-97.461566,35.753457
41071,-97.461566,35.753457
41072,-97.461566,35.753457
41062,-97.461574,35.753595
41063,-97.461574,35.753595
41064,-97.461574,35.753595
41065,-97.461574,35.753595
42216,-97.463417,35.755092
42217,-97.463417,35.755092
42218,-97.463417,35.755092
42224,-97.463419,35.755230
42225,-97.463419,35.755230
42241,-97.463419,35.755230
42242,-97.463419,35.755230
42243,-97.463419,35.755230
42219,-97.462855,35.755097
42220,-97.461730,35.755122
42223,-97.461420,35.755396
42221,-97.461254,35.755370
42222,-97.461202,35.755834
42227,-97.462123,35.757021
42229,-97.462241,35.757126
42228,-97.462020,35.757218
41861,-97.477203,35.742731
41889,-97.477174,35.745231
41915,-97.478249,35.746241
41916,-97.478242,35.747289
41917,-97.478235,35.747829
41890,-97.476130,35.745222
41914,-97.476171,35.745360
41913,-97.476150,35.745360
41891,-97.475927,35.745222
41912,-97.475968,35.745360
41892,-97.475034,35.745225
41893,-97.474912,35.745225
41911,-97.475034,35.745363
41910,-97.474912,35.745363
41894,-97.474019,35.745228
41895,-97.473897,35.745228
41909,-97.474019,35.745366
41908,-97.473897,35.745366
40599,-97.461874,35.734197
40598,-97.461677,35.734661
40593,-97.461523,35.734603
40597,-97.461624,35.735523
40594,-97.461372,35.735076
40596,-97.461841,35.735952
40595,-97.461462,35.735561
41923,-97.477680,35.750565
41924,-97.476783,35.750574
41925,-97.476697,35.750574
41926,-97.476612,35.750575
41927,-97.476427,35.750577
41934,-97.476585,35.750713
41928,-97.476256,35.750578
41929,-97.475929,35.750581
41933,-97.476073,35.750718
41932,-97.475902,35.750720
41943,-97.476519,35.751719
41930,-97.475359,35.750587
41942,-97.475566,35.751719
41937,-97.474768,35.751581
41931,-97.474291,35.750596
41941,-97.474139,35.751722
41939,-97.473092,35.751736
41936,-97.472877,35.751596
41940,-97.472922,35.751734
42251,-97.474052,35.755384
42252,-97.474134,35.755396
41946,-97.473849,35.755183
42250,-97.473764,35.755303
42249,-97.472535,35.754837
41938,-97.471259,35.751608
42269,-97.472432,35.754983
42270,-97.472280,35.754925
42268,-97.472184,35.755480
42267,-97.472184,35.755506
42271,-97.471848,35.755961
42272,-97.471700,35.755961
41948,-97.470804,35.754329
41947,-97.470481,35.754327
42273,-97.471112,35.755961
42274,-97.470994,35.755961
42266,-97.471848,35.756099
42265,-97.471671,35.756099
42248,-97.470400,35.754465
41949,-97.470279,35.754327
41950,-97.470158,35.754326
47566,-97.470391,35.755961
47567,-97.470391,35.755961
42247,-97.468986,35.754460
42246,-97.468783,35.754459
47561,-97.470391,35.756099
47562,-97.470391,35.756099
47563,-97.470391,35.756099
47564,-97.470391,35.756099
47565,-97.470391,35.756099
42264,-97.470374,35.756117
42263,-97.470374,35.756139
42275,-97.470206,35.756112
42276,-97.470206,35.756131
42277,-97.470206,35.756150
42278,-97.470207,35.756267
42361,-97.478442,35.742558
42360,-97.478438,35.743230
42359,-97.478435,35.743580
41886,-97.478262,35.744335
41888,-97.478259,35.744791
41887,-97.478420,35.745818
41781,-97.473053,35.728919
41785,-97.474585,35.729839
41786,-97.474474,35.729545
41782,-97.474333,35.729620
41783,-97.474395,35.729686
41779,-97.471367,35.729437
41772,-97.470993,35.729436
41773,-97.470778,35.729598
41778,-97.470547,35.731107
41774,-97.470288,35.730403
41775,-97.470282,35.730458
41776,-97.470279,35.730740
41777,-97.470367,35.731102
40705,-97.466593,35.729375
40713,-97.465943,35.726182
40683,-97.465736,35.725950
40712,-97.465989,35.726725
40711,-97.466003,35.727263
40684,-97.465813,35.726474
40685,-97.465829,35.727007
40710,-97.466014,35.727715
40709,-97.466026,35.728189
40688,-97.465861,35.728299
40686,-97.465842,35.727545
40687,-97.465856,35.728084
40708,-97.466032,35.728405
40689,-97.465909,35.728632
40707,-97.466091,35.728665
40706,-97.466280,35.729037
40690,-97.466169,35.729149
40691,-97.466330,35.729328
40701,-97.467944,35.730320
40702,-97.467661,35.730128
40695,-97.467411,35.730134
40696,-97.467613,35.730275
40699,-97.468351,35.730596
40698,-97.468324,35.730757
40700,-97.468147,35.730458
40697,-97.468121,35.730619
40703,-97.467360,35.729917
40693,-97.466910,35.729783
40694,-97.467110,35.729923
40704,-97.466859,35.729566
40692,-97.466609,35.729572
40648,-97.467972,35.731881
40649,-97.467295,35.731876
40650,-97.467234,35.731867
40645,-97.467265,35.732012
40644,-97.467204,35.732003
40651,-97.466581,35.731744
40652,-97.466522,35.731728
40643,-97.466529,35.731874
40642,-97.466470,35.731858
40655,-97.465603,35.731319
40653,-97.465700,35.731377
40654,-97.465651,35.731348
40656,-97.465554,35.731290
40637,-97.465503,35.731431
40657,-97.464552,35.730726
40658,-97.464387,35.730711
40636,-97.464417,35.730847
40638,-97.465675,35.731587
40641,-97.465755,35.731726
40639,-97.465597,35.731667
40640,-97.465571,35.731693
40674,-97.464136,35.729296
40675,-97.464062,35.729294
40676,-97.463988,35.729291
40677,-97.463101,35.729261
40670,-97.463095,35.729399
40678,-97.462075,35.729239
40666,-97.462073,35.729377
40679,-97.461883,35.729238
40665,-97.461881,35.729376
40682,-97.460584,35.728037
40681,-97.460584,35.728512
40680,-97.460567,35.728991
40673,-97.464130,35.729434
40672,-97.464056,35.729432
40671,-97.463963,35.729429
40635,-97.464298,35.730864
40634,-97.464241,35.730887
40669,-97.462325,35.729479
40668,-97.462325,35.729538
40633,-97.463472,35.731649
40659,-97.463366,35.731543
40632,-97.463369,35.731716
40660,-97.463281,35.731598
40661,-97.463178,35.731649
40631,-97.463266,35.731767
40667,-97.462157,35.729481
40664,-97.460542,35.731408
40662,-97.461917,35.731697
40663,-97.461796,35.731695
40630,-97.461913,35.731835
40629,-97.461792,35.731833
40628,-97.460368,35.733380
40623,-97.463936,35.733659
40601,-97.463868,35.733785
40624,-97.463408,35.733589
40625,-97.462902,35.733583
40600,-97.462900,35.733721
40626,-97.462397,35.733577
40627,-97.461709,35.733570
40592,-97.461726,35.733722
42369,-97.478453,35.727902
42368,-97.478450,35.728085
42367,-97.478438,35.728790
42366,-97.478432,35.729123
41759,-97.478021,35.728976
42364,-97.478426,35.730831
42365,-97.478427,35.730855
41789,-97.477152,35.729481
41792,-97.477332,35.730156
41791,-97.477341,35.730657
41790,-97.477176,35.730835
41793,-97.478451,35.732660
41760,-97.476274,35.728898
41761,-97.475761,35.728657
41762,-97.475490,35.728524
41788,-97.475402,35.728642
41787,-97.474597,35.728530
41763,-97.474366,35.728435
41764,-97.474248,35.728460
41801,-97.478300,35.733924
41800,-97.478303,35.734169
41799,-97.478307,35.734435
41798,-97.478310,35.734680
41797,-97.478313,35.734946
41796,-97.478316,35.735190
41795,-97.478316,35.735455
41794,-97.478316,35.735701
41802,-97.478316,35.735966
35565,-97.480962,35.739818
35563,-97.480903,35.739955
35564,-97.480253,35.739951
35568,-97.484583,35.739845
35562,-97.483082,35.739832
35561,-97.482741,35.739968
35570,-97.486433,35.739874
42213,-97.460503,35.760803
42215,-97.460505,35.760960
42214,-97.460507,35.761071
42212,-97.460514,35.761767
42211,-97.460514,35.761843
42209,-97.460519,35.764027
42208,-97.460519,35.764060
42138,-97.459761,35.763155
42081,-97.459501,35.762397
42080,-97.459561,35.762548
42082,-97.459341,35.762439
42083,-97.459401,35.762590
42084,-97.459462,35.762741
42085,-97.459505,35.763337
42137,-97.459483,35.763636
42136,-97.459071,35.764068
42135,-97.458553,35.764403
42086,-97.458240,35.764375
42088,-97.457775,35.763065
42089,-97.457494,35.762519
42090,-97.457196,35.762179
42092,-97.457350,35.762591
42093,-97.457544,35.762959
42087,-97.457733,35.763747
42094,-97.457592,35.764157
42091,-97.457088,35.762285
42134,-97.457750,35.764634
42133,-97.457074,35.764703
42132,-97.456389,35.764653
42098,-97.455156,35.763376
42097,-97.455172,35.763694
42096,-97.455169,35.763942
42099,-97.454935,35.762996
42100,-97.454614,35.762829
42101,-97.454981,35.763328
42102,-97.455004,35.763630
42103,-97.455001,35.763940
42095,-97.455166,35.764253
42104,-97.454998,35.764251
42131,-97.455154,35.764669
42126,-97.454986,35.764659
42109,-97.452831,35.762630
42110,-97.452742,35.762257
42111,-97.452576,35.762283
42112,-97.452665,35.762656
42108,-97.452920,35.763003
42113,-97.452754,35.763029
42107,-97.452954,35.763394
42114,-97.452786,35.763394
42106,-97.452913,35.763796
42115,-97.452755,35.763748
42116,-97.452618,35.764135
42105,-97.453082,35.764508
42125,-97.453082,35.764646
42117,-97.452628,35.764657
42124,-97.452807,35.764975
35684,-97.478674,35.757646
42357,-97.478400,35.756700
42289,-97.478232,35.756700
35683,-97.478654,35.757508
35682,-97.478577,35.757506
35681,-97.478500,35.757504
42290,-97.478225,35.757495
35680,-97.478521,35.757643
42291,-97.478007,35.757483
42333,-97.477995,35.757621
42332,-97.477940,35.757618
42292,-97.476856,35.757750
42356,-97.478413,35.759437
35679,-97.478428,35.759592
42344,-97.477734,35.760079
42343,-97.477566,35.760097
42345,-97.477732,35.760263
42346,-97.477731,35.760277
42347,-97.477731,35.760292
42348,-97.477730,35.760322
42334,-97.477723,35.760650
42335,-97.477723,35.760665
42336,-97.477722,35.760695
42342,-97.477563,35.760268
42341,-97.477563,35.760283
42340,-97.477563,35.760297
42339,-97.477562,35.760327
42338,-97.477547,35.761036
42288,-97.476321,35.754598
42254,-97.476144,35.754577
42255,-97.476197,35.754873
42287,-97.476364,35.755728
42286,-97.476358,35.755784
42256,-97.476190,35.755772
42285,-97.476344,35.755855
42257,-97.476120,35.755975
42253,-97.474994,35.755137
42284,-97.476237,35.756125
42258,-97.475079,35.756951
42283,-97.475181,35.757061
42259,-97.473719,35.757192
42282,-97.473739,35.757328
42260,-97.473370,35.757233
42281,-97.473331,35.757379
42261,-97.472024,35.757549
42280,-97.472094,35.757673
42279,-97.471778,35.757792
42262,-97.471708,35.757668
42331,-97.476249,35.758805
42330,-97.476247,35.759430
42329,-97.476250,35.759529
42293,-97.476066,35.759277
42295,-97.476008,35.759273
42310,-97.475882,35.759402
42328,-97.476240,35.760659
42327,-97.476200,35.760796
42311,-97.476092,35.760595
42326,-97.476064,35.760796
42325,-97.476019,35.760813
42312,-97.475947,35.760689
42324,-97.474605,35.760843
42296,-97.474425,35.759109
42309,-97.474423,35.759247
42308,-97.474330,35.759246
42297,-97.474286,35.759107
42298,-97.474240,35.759107
42299,-97.473131,35.759091
42307,-97.473222,35.759230
42306,-97.473129,35.759229
42313,-97.473571,35.760703
42314,-97.473423,35.760705
42315,-97.473324,35.760706
42323,-97.473326,35.760844
42300,-97.472205,35.759104
42305,-97.472209,35.759242
42301,-97.472020,35.759107
42304,-97.472116,35.759244
42303,-97.470962,35.759262
42302,-97.470869,35.759263
42316,-97.472339,35.760719
42317,-97.472240,35.760720
42322,-97.472242,35.760858
42321,-97.472144,35.760859
42318,-97.471008,35.760735
42319,-97.470910,35.760737
42320,-97.470912,35.760875
42194,-97.469302,35.763867
42193,-97.468824,35.763801
42201,-97.468163,35.762283
42202,-97.467869,35.762285
42200,-97.467354,35.762232
42203,-97.467182,35.762176
42204,-97.467184,35.762218
42205,-97.467187,35.762261
42199,-97.467361,35.762444
41945,-97.478218,35.753376
35702,-97.478403,35.754364
41935,-97.478224,35.750711
41922,-97.478036,35.750562
41944,-97.477902,35.751719
41920,-97.478378,35.752379
41921,-97.478379,35.752429
41918,-97.478223,35.748907
41919,-97.478217,35.749446
42354,-97.478418,35.763598
42353,-97.478421,35.763941
42352,-97.478424,35.764412
42351,-97.478430,35.765929
42350,-97.478431,35.766303
42349,-97.478266,35.766855
42195,-97.469300,35.764396
42196,-97.469293,35.765027
42197,-97.469288,35.765522
42192,-97.468078,35.763807
42190,-97.467341,35.763913
42189,-97.467324,35.765118
42187,-97.467299,35.767626
42186,-97.467306,35.768254
42184,-97.466268,35.769020
42185,-97.466140,35.768883
42183,-97.465553,35.769029
42210,-97.460514,35.765277
42207,-97.460514,35.765667
42139,-97.459669,35.765911
42176,-97.459651,35.766047
42165,-97.459498,35.766245
42140,-97.458937,35.765865
42141,-97.458677,35.765919
42164,-97.457990,35.766205
42142,-97.457636,35.766135
42143,-97.457506,35.766163
42182,-97.464323,35.769051
42181,-97.463402,35.769068
42180,-97.463092,35.769069
42206,-97.460511,35.766319
42179,-97.461137,35.768931
42178,-97.460838,35.769069
42177,-97.460531,35.769069
42175,-97.459645,35.766428
42166,-97.459485,35.766347
42167,-97.459465,35.766521
42174,-97.459631,35.766573
42173,-97.459626,35.766729
42172,-97.459624,35.766763
42168,-97.459459,35.766691
42171,-97.459618,35.766934
42169,-97.459451,35.766896
42163,-97.457652,35.766718
42157,-97.457517,35.766851
42158,-97.457636,35.767278
42162,-97.457805,35.767445
42161,-97.457809,35.767756
42159,-97.457639,35.767603
42130,-97.455075,35.764993
42127,-97.454729,35.765252
42129,-97.454816,35.765399
42128,-97.454654,35.765615
42123,-97.452897,35.765278
42122,-97.452984,35.765600
42119,-97.452818,35.765622
42118,-97.452735,35.765314
42121,-97.453050,35.765918
42120,-97.452884,35.765940
42144,-97.456447,35.766577
42156,-97.456191,35.766952
42170,-97.457920,35.768391
42160,-97.457629,35.768863
42145,-97.455892,35.766987
42153,-97.455739,35.767764
42146,-97.455411,35.767474
42154,-97.455564,35.767606
42155,-97.455547,35.767554
42151,-97.455269,35.767783
42147,-97.455155,35.767681
42152,-97.455615,35.767856
42150,-97.455131,35.767885
42148,-97.455017,35.767783
42149,-97.454879,35.767885
43644,-97.442736,35.766158
43642,-97.442755,35.767922
43641,-97.450804,35.768965
43640,-97.447558,35.768917
43639,-97.442375,35.768875
43638,-97.441232,35.768731
43636,-97.437391,35.768849
43635,-97.436943,35.768708
43637,-97.440586,35.768728
43631,-97.431256,35.768823
43630,-97.431215,35.768823
43632,-97.430990,35.768683
43629,-97.430742,35.768681
43628,-97.430740,35.768819
43627,-97.429145,35.768815
43625,-97.428574,35.768814
43626,-97.428396,35.768676
43624,-97.428004,35.768813
43623,-97.427433,35.768812
43621,-97.425951,35.768672
43622,-97.425721,35.768809
43430,-97.424967,35.768160
42188,-97.432991,35.768701
43634,-97.432991,35.768701
43633,-97.432991,35.768839
43426,-97.423555,35.768690
43427,-97.422958,35.768698
43428,-97.419973,35.768730
43429,-97.418978,35.768754
