33068,-97.656454,35.697628
33069,-97.656439,35.701958
33070,-97.656439,35.701979
33071,-97.656269,35.704811
32944,-97.644416,35.697779
32943,-97.644415,35.697918
32945,-97.644286,35.697757
32946,-97.644221,35.697746
32942,-97.644187,35.697880
32947,-97.644156,35.697735
32941,-97.644056,35.697858
32927,-97.642069,35.698666
32928,-97.641901,35.698652
32929,-97.641901,35.698677
32936,-97.640619,35.697044
32934,-97.640451,35.697027
32935,-97.640451,35.697035
32926,-97.642256,35.699379
32925,-97.642182,35.699379
32924,-97.642145,35.699379
32923,-97.641868,35.699379
32933,-97.638684,35.697513
32932,-97.638693,35.697947
32931,-97.638697,35.698109
32930,-97.640301,35.699249
32922,-97.640307,35.699387
32921,-97.639525,35.699407
32920,-97.638743,35.699427
33080,-97.646979,35.710944
33079,-97.647567,35.711083
33081,-97.646509,35.710943
33078,-97.646509,35.711081
33082,-97.643178,35.710938
33083,-97.636569,35.710934
33077,-97.638477,35.714244
33075,-97.638645,35.714391
33076,-97.638476,35.714876
32875,-97.629023,35.699935
32877,-97.628889,35.699732
32878,-97.628845,35.699951
32874,-97.628918,35.700256
32879,-97.628747,35.700247
32880,-97.628734,35.700284
32873,-97.628887,35.700544
32872,-97.628889,35.700670
32887,-97.627004,35.698592
32888,-97.626836,35.698592
32876,-97.627251,35.699291
32885,-97.627186,35.699477
32884,-97.627272,35.699846
32886,-97.627022,35.698800
32889,-97.626854,35.698816
32883,-97.627094,35.700432
32862,-97.626967,35.700331
32882,-97.627034,35.700697
32907,-97.625098,35.697341
32848,-97.625296,35.697600
32849,-97.625138,35.697743
32845,-97.625299,35.698427
32850,-97.625164,35.698288
32847,-97.625279,35.698550
32906,-97.624860,35.697479
32908,-97.624651,35.697341
32905,-97.624385,35.697479
32909,-97.624105,35.697315
32851,-97.625099,35.698722
32846,-97.625258,35.698970
32852,-97.625113,35.699293
32843,-97.625450,35.700160
32890,-97.625317,35.699728
32861,-97.625323,35.699866
32844,-97.625523,35.700241
32853,-97.625362,35.700296
32891,-97.624276,35.700211
32860,-97.624258,35.700418
32904,-97.623902,35.697432
32910,-97.623538,35.697271
32903,-97.623439,35.697409
32911,-97.623081,35.697308
32902,-97.622072,35.698016
32898,-97.623075,35.698993
32897,-97.623160,35.699118
32892,-97.624036,35.700404
32893,-97.623232,35.700372
32828,-97.623094,35.700452
32899,-97.622965,35.699083
32896,-97.622995,35.699252
32900,-97.622800,35.699216
32895,-97.622830,35.699386
32894,-97.622719,35.700084
32827,-97.622607,35.700195
32912,-97.621900,35.697764
32913,-97.621902,35.697886
32821,-97.621906,35.698222
32822,-97.621837,35.698752
32901,-97.621849,35.699277
32823,-97.621716,35.699456
32824,-97.622000,35.699846
32826,-97.621901,35.700151
32825,-97.621863,35.700184
32871,-97.628934,35.700935
32866,-97.628725,35.701757
32881,-97.628661,35.701618
32865,-97.628445,35.701754
32870,-97.629023,35.702139
32867,-97.628831,35.701776
32869,-97.629007,35.702409
32868,-97.628983,35.702688
32864,-97.628000,35.701750
32863,-97.627901,35.701749
32842,-97.625597,35.701170
32854,-97.625456,35.701088
32841,-97.625714,35.702145
32840,-97.625714,35.702414
32855,-97.625547,35.702144
32856,-97.625546,35.702414
32859,-97.624119,35.701696
32839,-97.625101,35.703219
32857,-97.624782,35.703067
32838,-97.624741,35.703201
32858,-97.624201,35.702931
32837,-97.624298,35.703152
33084,-97.629876,35.711107
33085,-97.628042,35.711118
33087,-97.627237,35.711123
33086,-97.626016,35.711136
32830,-97.623547,35.700993
32829,-97.623067,35.701196
32831,-97.623930,35.701913
32832,-97.623589,35.702663
32833,-97.623469,35.702768
32836,-97.624029,35.702987
32835,-97.623658,35.702804
32834,-97.623538,35.702910
32820,-97.620798,35.700823
32819,-97.620794,35.701993
32818,-97.620630,35.702698
32817,-97.620802,35.703545
32816,-97.620801,35.704444
32957,-97.620627,35.706236
32815,-97.620786,35.708181
32961,-97.620618,35.708181
32960,-97.618971,35.707006
32959,-97.617381,35.707161
32958,-97.617381,35.707299
32962,-97.620616,35.709629
33088,-97.621188,35.711206
32963,-97.620778,35.711793
32964,-97.620775,35.712280
32965,-97.620771,35.712852
32967,-97.620764,35.713699
32966,-97.620764,35.713721
32968,-97.620758,35.714653
32969,-97.620756,35.714928
32970,-97.620577,35.716410
32814,-97.616630,35.711064
33093,-97.613741,35.705163
33094,-97.613573,35.705161
33092,-97.613717,35.705875
33095,-97.613536,35.706020
33091,-97.613668,35.707284
33096,-97.613500,35.707320
33089,-97.613701,35.708699
33097,-97.613535,35.708760
33102,-97.610993,35.708309
33100,-97.610603,35.708171
33101,-97.610311,35.708171
33090,-97.613727,35.709308
33098,-97.613567,35.709480
32813,-97.613781,35.711061
32810,-97.612759,35.711067
32812,-97.612610,35.711206
33099,-97.611224,35.709666
33103,-97.611056,35.709445
32811,-97.610623,35.711216
32971,-97.620564,35.718833
32809,-97.608032,35.711207
33106,-97.606506,35.707274
33105,-97.606591,35.707395
33110,-97.605241,35.705694
33109,-97.605397,35.705921
33111,-97.605229,35.705915
33108,-97.605392,35.707155
33112,-97.605223,35.707139
33107,-97.605401,35.707560
33116,-97.605246,35.707732
33113,-97.604791,35.707785
33114,-97.604632,35.707848
33104,-97.605414,35.708852
33117,-97.605246,35.708852
33115,-97.604756,35.707953
36126,-97.601278,35.704724
36149,-97.603068,35.706959
36148,-97.601411,35.704862
36134,-97.600159,35.705610
36144,-97.600202,35.706946
36145,-97.600067,35.707365
36143,-97.599616,35.707856
32808,-97.606177,35.711063
33121,-97.605246,35.710098
33118,-97.603938,35.709839
33120,-97.604557,35.709973
33119,-97.604447,35.709974
32806,-97.602990,35.715368
36142,-97.598427,35.705525
36146,-97.598427,35.708602
36147,-97.597903,35.708786
36127,-97.597238,35.704918
36128,-97.597050,35.704871
36129,-97.596834,35.704879
36141,-97.596598,35.705105
36130,-97.596224,35.705326
36140,-97.596365,35.705763
36131,-97.596197,35.705759
36139,-97.596268,35.706736
36138,-97.596204,35.707738
36132,-97.596085,35.708437
36133,-97.596130,35.708794
36136,-97.598708,35.709624
36137,-97.598084,35.709412
36135,-97.598393,35.709631
33007,-97.626415,35.725952
32972,-97.620727,35.722392
32974,-97.620726,35.723761
32975,-97.620556,35.725540
32984,-97.620513,35.728783
32985,-97.620489,35.730497
32986,-97.620488,35.731640
32976,-97.619305,35.725800
32977,-97.618927,35.725799
32978,-97.618550,35.725799
32979,-97.617870,35.725799
32980,-97.617190,35.725798
32981,-97.616787,35.725798
32982,-97.616284,35.725797
32983,-97.615528,35.725797
32805,-97.602954,35.717699
32691,-97.602791,35.718740
32692,-97.602775,35.720570
32693,-97.602746,35.721613
32694,-97.602746,35.721821
32695,-97.602754,35.725258
32696,-97.599032,35.725771
32697,-97.596544,35.725771
32698,-97.595126,35.725771
32799,-97.592970,35.727196
32800,-97.592577,35.726965
32761,-97.592626,35.727141
32801,-97.592256,35.726901
32760,-97.592256,35.727039
32802,-97.591792,35.726977
32803,-97.591556,35.726997
32759,-97.591315,35.727053
32798,-97.593113,35.727435
32797,-97.593161,35.727815
32762,-97.592951,35.727473
32763,-97.592993,35.727813
32796,-97.593157,35.728107
32764,-97.592989,35.728105
32795,-97.593152,35.728423
32794,-97.593148,35.728715
32765,-97.592984,35.728421
32766,-97.592980,35.728713
32793,-97.593140,35.729060
32767,-97.592974,35.729026
32751,-97.591483,35.728100
32750,-97.591687,35.728471
32749,-97.591704,35.729013
32748,-97.591676,35.729329
32734,-97.591536,35.729003
32792,-97.593033,35.729911
32768,-97.592867,35.729893
32791,-97.592981,35.730402
32790,-97.593079,35.731126
32770,-97.592911,35.731142
32769,-97.592823,35.730511
32747,-97.591647,35.729645
32735,-97.591498,35.729424
32736,-97.591470,35.729741
32746,-97.591615,35.730004
32745,-97.591604,35.730400
32737,-97.591436,35.730167
32744,-97.591610,35.730820
32789,-97.593132,35.731688
36116,-97.590033,35.719650
36117,-97.589762,35.719655
36115,-97.588858,35.719671
36118,-97.588723,35.719673
36114,-97.588177,35.719545
36112,-97.588181,35.719683
32804,-97.590636,35.726488
32758,-97.590497,35.726617
32701,-97.590203,35.726473
32757,-97.590199,35.726611
32700,-97.589443,35.726479
32756,-97.589484,35.726616
32752,-97.590927,35.727769
32733,-97.590321,35.729333
32753,-97.590088,35.727721
32754,-97.589436,35.727721
32717,-97.590106,35.728926
32755,-97.589163,35.726621
32699,-97.588990,35.726486
32702,-97.588640,35.727168
32703,-97.588636,35.727329
32704,-97.588633,35.727490
32718,-97.590168,35.729458
36150,-97.603004,35.699537
36125,-97.602842,35.699909
36123,-97.600154,35.696684
36122,-97.595423,35.696689
36121,-97.591009,35.696695
36120,-97.586731,35.696706
36119,-97.585903,35.696699
36089,-97.584616,35.696702
16647,-97.598678,35.691662
16646,-97.598000,35.691158
16645,-97.597359,35.690875
16640,-97.596809,35.690611
16641,-97.596026,35.690596
16644,-97.595672,35.690906
16642,-97.595389,35.690959
16643,-97.595105,35.691620
33055,-97.667139,35.711123
33052,-97.673894,35.725938
33050,-97.672335,35.726029
33051,-97.670749,35.726031
33054,-97.656454,35.718769
33053,-97.656454,35.721688
33046,-97.656284,35.726061
33072,-97.650596,35.725884
33044,-97.649963,35.726019
33047,-97.659731,35.740584
33045,-97.656266,35.733703
33074,-97.638627,35.719853
33073,-97.638611,35.720822
33043,-97.638533,35.732454
33011,-97.638365,35.732454
33042,-97.643080,35.740555
33015,-97.638394,35.741348
33016,-97.638394,35.741613
33012,-97.634011,35.740366
33010,-97.630500,35.725958
33009,-97.627045,35.725953
33008,-97.626717,35.725952
33014,-97.632108,35.740500
33049,-97.674113,35.711007
33048,-97.669565,35.740468
32987,-97.620490,35.732783
33013,-97.630839,35.740497
32988,-97.620493,35.733925
33006,-97.620661,35.734052
33005,-97.620664,35.735068
32995,-97.620497,35.736218
32996,-97.620499,35.737225
32997,-97.620500,35.737729
32998,-97.620502,35.738736
32999,-97.620504,35.739743
33000,-97.619251,35.740272
33001,-97.616729,35.740294
33003,-97.616099,35.740300
33004,-97.620680,35.746412
33017,-97.620682,35.750365
33002,-97.615469,35.740306
33024,-97.602844,35.741315
33023,-97.602844,35.743115
33022,-97.602840,35.744915
33018,-97.612339,35.754788
33019,-97.608632,35.754783
33021,-97.602826,35.751179
33020,-97.602805,35.752618
33036,-97.620663,35.762227
32738,-97.591441,35.730803
32743,-97.591661,35.731256
32739,-97.591493,35.731272
32742,-97.591684,35.731663
32741,-97.591692,35.732226
32786,-97.591658,35.732479
32740,-97.591526,35.732193
32788,-97.592304,35.732519
32787,-97.591992,35.732509
32732,-97.590372,35.729996
32731,-97.590388,35.730369
32730,-97.590454,35.730794
32722,-97.590307,35.730904
32729,-97.590495,35.731107
32723,-97.590327,35.731115
32719,-97.590204,35.730000
32720,-97.590220,35.730373
32721,-97.590239,35.730579
32785,-97.591167,35.732420
32784,-97.590856,35.732381
32728,-97.590493,35.731689
32724,-97.590336,35.731462
32725,-97.590310,35.731782
32727,-97.590434,35.732228
32783,-97.590451,35.732379
32726,-97.590266,35.732205
32782,-97.589900,35.732425
32781,-97.589705,35.732446
32716,-97.588674,35.729811
32705,-97.588508,35.729785
32706,-97.588449,35.730088
32713,-97.588766,35.731440
32715,-97.588622,35.730689
32707,-97.588489,35.730859
32714,-97.588690,35.730981
32708,-97.588598,35.731444
32712,-97.588764,35.731897
32711,-97.588747,35.732350
32709,-97.588596,35.731893
32710,-97.588579,35.732346
32780,-97.589143,35.732496
32778,-97.588755,35.732503
32779,-97.588755,35.732503
36107,-97.592480,35.740279
36109,-97.588673,35.737038
36108,-97.586330,35.737000
36079,-97.583857,35.741058
36086,-97.583861,35.741196
36088,-97.583202,35.742968
33025,-97.594196,35.754761
33035,-97.587631,35.754855
36090,-97.583955,35.752324
36102,-97.583894,35.752464
36103,-97.583851,35.752464
36104,-97.584860,35.754800
36105,-97.584860,35.754800
36106,-97.584860,35.754800
36080,-97.582981,35.741075
36085,-97.582985,35.741213
36081,-97.582105,35.741092
36084,-97.582109,35.741230
36082,-97.581229,35.741109
36083,-97.581233,35.741247
36087,-97.581506,35.742840
36091,-97.583046,35.752339
36101,-97.582184,35.752491
36100,-97.581968,35.752495
36092,-97.580990,35.752373
36093,-97.580449,35.752381
36094,-97.579908,35.752390
36099,-97.579912,35.752528
36095,-97.579186,35.752402
36098,-97.579190,35.752540
33026,-97.581322,35.754787
33027,-97.580829,35.754795
36096,-97.577940,35.752425
36097,-97.577450,35.752572
36113,-97.584791,35.719571
36111,-97.584774,35.719722
36110,-97.584774,35.721200
32807,-97.582402,35.711230
36171,-97.567294,35.698139
36170,-97.567294,35.699051
36169,-97.567096,35.703528
36168,-97.567095,35.704041
36167,-97.567079,35.708148
36166,-97.567081,35.709174
36158,-97.565890,35.698498
36165,-97.565144,35.698618
36164,-97.564083,35.698592
36163,-97.563536,35.698579
36159,-97.563317,35.698436
36160,-97.562674,35.698420
36162,-97.562282,35.698549
36161,-97.561928,35.698540
36051,-97.565197,35.711185
35019,-97.565367,35.711326
36052,-97.564330,35.711169
35093,-97.563637,35.711156
36053,-97.563637,35.711156
36054,-97.561902,35.711125
35018,-97.561968,35.711264
36055,-97.561035,35.711109
36056,-97.560168,35.711093
36057,-97.559821,35.711086
35017,-97.558568,35.711201
36058,-97.558468,35.711062
35094,-97.558434,35.711061
35095,-97.557045,35.711045
35016,-97.556696,35.711179
35096,-97.555310,35.711026
36047,-97.553873,35.711765
36048,-97.553872,35.711991
35097,-97.553285,35.711004
36049,-97.553868,35.713363
36037,-97.552204,35.712183
36038,-97.552036,35.712183
36036,-97.552207,35.712776
36039,-97.552039,35.712776
36043,-97.550653,35.712142
36044,-97.550485,35.712142
36042,-97.550649,35.712740
36045,-97.550481,35.712740
36050,-97.553866,35.713800
36040,-97.552042,35.713368
36035,-97.551780,35.714086
36034,-97.551571,35.714085
36041,-97.550646,35.713339
36046,-97.550478,35.713339
36033,-97.551134,35.714082
36032,-97.550660,35.714079
36028,-97.549532,35.713118
36031,-97.549776,35.714070
36029,-97.549545,35.716346
36030,-97.549736,35.721749
36059,-97.567070,35.719597
36072,-97.567246,35.720625
36073,-97.567247,35.720666
36074,-97.567248,35.720708
36075,-97.567249,35.720749
36076,-97.567249,35.720790
36060,-97.567104,35.721964
36061,-97.567103,35.722580
36062,-97.567097,35.723588
36071,-97.567909,35.725896
36070,-97.567247,35.728970
36063,-97.564618,35.725750
36064,-97.560906,35.725735
36065,-97.559669,35.725730
36066,-97.558530,35.725863
36067,-97.557194,35.725720
36068,-97.554101,35.725846
36077,-97.567247,35.713428
36078,-97.571654,35.740276
36069,-97.567220,35.734099
33032,-97.567176,35.747136
33031,-97.567176,35.748172
33030,-97.567304,35.754908
33028,-97.577966,35.754841
33029,-97.577176,35.754854
35952,-97.549247,35.699321
35951,-97.549296,35.699459
35953,-97.548859,35.699316
35950,-97.548927,35.699457
35954,-97.548516,35.699311
35949,-97.548357,35.699449
35959,-97.547414,35.698164
35960,-97.547323,35.697955
35958,-97.547414,35.698380
35957,-97.547414,35.698596
35961,-97.546790,35.697937
35924,-97.546855,35.698063
35962,-97.546357,35.698122
35955,-97.548225,35.699311
35948,-97.547953,35.699449
35956,-97.547414,35.698993
35926,-97.547282,35.699192
35925,-97.547246,35.698709
35947,-97.547017,35.699580
35927,-97.546999,35.699400
35928,-97.546784,35.699616
35946,-97.546931,35.700029
35929,-97.546763,35.700171
35945,-97.546928,35.700689
35930,-97.546760,35.700571
35879,-97.545648,35.698245
35833,-97.545054,35.697169
35878,-97.545093,35.697609
35877,-97.544841,35.697402
35834,-97.544722,35.697299
35923,-97.545870,35.698771
35922,-97.545768,35.698988
35880,-97.545666,35.698838
35921,-97.545398,35.699457
35881,-97.545186,35.699469
35920,-97.545115,35.699816
35882,-97.544907,35.699833
35919,-97.544860,35.700188
35883,-97.544710,35.700126
35918,-97.545010,35.700277
35917,-97.544958,35.700412
35916,-97.544887,35.700379
35884,-97.544481,35.700563
35835,-97.543583,35.697170
35844,-97.543479,35.697306
35836,-97.543403,35.697166
35845,-97.543592,35.698081
35876,-97.543656,35.698243
35875,-97.543569,35.698339
35874,-97.543429,35.698513
35846,-97.543347,35.698353
35847,-97.543210,35.698552
35837,-97.542953,35.697156
35838,-97.542313,35.697144
35843,-97.542542,35.697286
35842,-97.542425,35.697284
35841,-97.542251,35.697281
35873,-97.543076,35.699096
35848,-97.542973,35.698950
35872,-97.543016,35.699205
35871,-97.542847,35.699616
35849,-97.542734,35.699475
35870,-97.542468,35.700100
35869,-97.542304,35.700272
35839,-97.541673,35.697132
35840,-97.541396,35.697108
35855,-97.541480,35.698154
35856,-97.541477,35.698561
35854,-97.541643,35.698881
35853,-97.541642,35.699201
35852,-97.541640,35.699521
35857,-97.541476,35.698735
35858,-97.541475,35.699026
35859,-97.541473,35.699375
35860,-97.541471,35.699608
35851,-97.541638,35.699840
35850,-97.541636,35.700160
35868,-97.542139,35.700445
35861,-97.541469,35.699928
35862,-97.541468,35.700189
35863,-97.541466,35.700509
35964,-97.549704,35.702687
35967,-97.549384,35.704716
35966,-97.549270,35.704591
35968,-97.549114,35.704656
35965,-97.549032,35.704367
35969,-97.548886,35.704440
35970,-97.548597,35.704209
35944,-97.546926,35.700949
35943,-97.546924,35.701468
35942,-97.546924,35.701783
35941,-97.546924,35.701888
35940,-97.546756,35.701916
35979,-97.546339,35.704427
36008,-97.549610,35.705960
36009,-97.549610,35.705960
35971,-97.549048,35.705990
36027,-97.548920,35.706222
36026,-97.548686,35.706597
36025,-97.548554,35.706598
36024,-97.548323,35.706452
35972,-97.547392,35.705699
35973,-97.547350,35.705667
35985,-97.547278,35.705799
36023,-97.547696,35.706525
36022,-97.547317,35.706509
35977,-97.546814,35.705080
35975,-97.546964,35.705313
35976,-97.546832,35.705108
35974,-97.547152,35.705503
35984,-97.547205,35.705744
35983,-97.547005,35.705577
35982,-97.546816,35.705377
35978,-97.546676,35.704858
35980,-97.546552,35.704962
35981,-97.546682,35.705170
35986,-97.546938,35.706356
36021,-97.547002,35.706497
35931,-97.546052,35.701491
35939,-97.546015,35.701629
35932,-97.545744,35.701491
35933,-97.545545,35.701491
35938,-97.545636,35.701629
35937,-97.545363,35.702582
35935,-97.544781,35.701622
35936,-97.545194,35.702637
35906,-97.545576,35.703057
35907,-97.545497,35.703055
35905,-97.545527,35.703194
35904,-97.545442,35.703192
35903,-97.545369,35.703191
35908,-97.545170,35.703050
35902,-97.545032,35.703186
35901,-97.544421,35.703179
35993,-97.544361,35.704552
35994,-97.544193,35.704568
35992,-97.544394,35.704778
35995,-97.544228,35.704805
35885,-97.544106,35.701008
35886,-97.543987,35.701135
35915,-97.544068,35.701277
35934,-97.544184,35.701527
35914,-97.543731,35.701624
35887,-97.543472,35.701668
35888,-97.543451,35.701690
35889,-97.543218,35.701929
35890,-97.542970,35.702197
35900,-97.544148,35.703175
35911,-97.543789,35.702914
35910,-97.543790,35.702943
35909,-97.543791,35.702976
35912,-97.543622,35.702950
35913,-97.543623,35.702989
35899,-97.543607,35.703168
35898,-97.543441,35.703166
35891,-97.542580,35.703019
35892,-97.542481,35.703017
35897,-97.542576,35.703157
35896,-97.542356,35.703153
35987,-97.546154,35.706280
36020,-97.546149,35.706418
36019,-97.545773,35.706377
36018,-97.545241,35.706318
35991,-97.544463,35.705049
35990,-97.544549,35.705328
35996,-97.544303,35.705095
35989,-97.544635,35.705606
35998,-97.544471,35.705640
35997,-97.544385,35.705362
35988,-97.544721,35.705885
35999,-97.544557,35.705919
36017,-97.544675,35.706348
36016,-97.544421,35.706405
36015,-97.544026,35.706452
36007,-97.543511,35.706331
36014,-97.543632,35.706469
36010,-97.543511,35.706469
36011,-97.543511,35.706469
36012,-97.543511,35.706469
36013,-97.543511,35.706469
35864,-97.541458,35.700840
35867,-97.541602,35.701035
35866,-97.541577,35.701160
35865,-97.541422,35.701080
35895,-97.542137,35.703149
35893,-97.541790,35.703005
35894,-97.541589,35.703140
33682,-97.536151,35.705444
33033,-97.567317,35.766977
33034,-97.567141,35.768549
33453,-97.558038,35.754808
33452,-97.558036,35.754946
33451,-97.557486,35.754803
33433,-97.556661,35.754926
33434,-97.557051,35.755263
33435,-97.557223,35.755391
33444,-97.557218,35.755908
33445,-97.557216,35.756218
33438,-97.557048,35.756216
33446,-97.557042,35.756861
33450,-97.557206,35.757199
33432,-97.555921,35.754904
33431,-97.554444,35.754871
33436,-97.556029,35.757638
33449,-97.555771,35.757495
33427,-97.554764,35.757475
33439,-97.554519,35.757609
33430,-97.554385,35.754870
33429,-97.554325,35.754869
33447,-97.553512,35.757589
33428,-97.551869,35.754838
33426,-97.550567,35.754821
33443,-97.557049,35.758682
33442,-97.557052,35.758914
33440,-97.557223,35.759227
33441,-97.557057,35.759334
33437,-97.557051,35.761331
33448,-97.557217,35.761522
33415,-97.552626,35.758491
33413,-97.552532,35.758605
33412,-97.552511,35.758593
33417,-97.552673,35.760953
33420,-97.552839,35.761163
33419,-97.552838,35.761183
33418,-97.552838,35.761204
33409,-97.552838,35.761225
33421,-97.552838,35.761225
33416,-97.552838,35.761245
33410,-97.551725,35.761912
33425,-97.549623,35.757102
33424,-97.549620,35.757867
33407,-97.544997,35.754747
33376,-97.544848,35.757776
33390,-97.544848,35.757914
33377,-97.544448,35.757775
33389,-97.544448,35.757913
33406,-97.543968,35.754733
33378,-97.544049,35.757773
33388,-97.544049,35.757911
33379,-97.543649,35.757771
33387,-97.543649,35.757909
33423,-97.549617,35.758632
33422,-97.549610,35.760361
33411,-97.550323,35.761898
33408,-97.549958,35.761895
33414,-97.549594,35.763937
33375,-97.543319,35.756723
33362,-97.543222,35.756584
33380,-97.543249,35.757769
33386,-97.543249,35.757907
33374,-97.543125,35.756722
33373,-97.542930,35.756722
33363,-97.542736,35.756583
33372,-97.542736,35.756721
33364,-97.542542,35.756583
33371,-97.542542,35.756721
33365,-97.542250,35.756582
33370,-97.542250,35.756720
33381,-97.542850,35.757767
33385,-97.542850,35.757905
33382,-97.542450,35.757765
33384,-97.542450,35.757903
33404,-97.543118,35.759093
33391,-97.542941,35.758954
33403,-97.542852,35.759092
33392,-97.542586,35.758953
33402,-97.542586,35.759091
33393,-97.542498,35.758953
33401,-97.542320,35.759090
33394,-97.542232,35.758952
33366,-97.542056,35.756582
33369,-97.542056,35.756720
33367,-97.541764,35.756581
33368,-97.541570,35.756719
33383,-97.541650,35.757761
33356,-97.539159,35.754751
33454,-97.538561,35.754611
33355,-97.538561,35.754749
33349,-97.538376,35.756533
33348,-97.538544,35.756647
33350,-97.538376,35.757087
33351,-97.538544,35.757556
33354,-97.538376,35.757353
33334,-97.537414,35.755537
33333,-97.537434,35.755673
33335,-97.537063,35.755837
33455,-97.536075,35.754599
33347,-97.535150,35.754733
33346,-97.534073,35.754728
33336,-97.535957,35.756133
33337,-97.534934,35.757318
33332,-97.534050,35.757788
33395,-97.542054,35.758952
33400,-97.541966,35.759090
33396,-97.541789,35.758951
33399,-97.541789,35.759089
33397,-97.541611,35.758951
33398,-97.541611,35.759089
33352,-97.538544,35.758917
33353,-97.538376,35.758892
33275,-97.539489,35.762886
33276,-97.539189,35.763077
33274,-97.539071,35.763362
33278,-97.538574,35.763828
33277,-97.538463,35.763654
33279,-97.538406,35.763842
33280,-97.538593,35.764368
33283,-97.538592,35.764625
33285,-97.538591,35.765159
33281,-97.538425,35.764368
33282,-97.538424,35.764625
33284,-97.538423,35.765159
33287,-97.538590,35.765694
33289,-97.538589,35.766228
33286,-97.538422,35.765694
33288,-97.538421,35.766228
33273,-97.537859,35.763655
33272,-97.537341,35.763650
33271,-97.536823,35.763647
33269,-97.535247,35.763107
33270,-97.535788,35.763643
33345,-97.533535,35.754726
33344,-97.532997,35.754723
33338,-97.533051,35.757641
33331,-97.533017,35.757779
33339,-97.532503,35.757636
33330,-97.532501,35.757774
33340,-97.531954,35.757631
33329,-97.531920,35.757769
33343,-97.531904,35.755993
33342,-97.531904,35.756312
33341,-97.531904,35.756892
33252,-97.531733,35.758370
33328,-97.531899,35.758972
33253,-97.531728,35.760101
33254,-97.531726,35.760967
33457,-97.531751,35.751584
33456,-97.531904,35.754905
33251,-97.529846,35.754714
33291,-97.538588,35.766763
33290,-97.538420,35.766763
33293,-97.538587,35.767575
33292,-97.538419,35.767575
33294,-97.538418,35.767832
33308,-97.535664,35.769135
33315,-97.535357,35.768709
33314,-97.535356,35.768770
33316,-97.535189,35.768709
33317,-97.535188,35.768770
33313,-97.535356,35.768832
33312,-97.535356,35.768866
33311,-97.535355,35.768894
33310,-97.535355,35.768923
33309,-97.535372,35.769132
33307,-97.535370,35.769270
33318,-97.535188,35.768832
33319,-97.535188,35.768853
33320,-97.535188,35.768874
33321,-97.535187,35.768915
33322,-97.534990,35.769126
33323,-97.534555,35.769119
33327,-97.531919,35.762781
33326,-97.531930,35.763483
33268,-97.531945,35.765292
33255,-97.531747,35.762536
33256,-97.531748,35.762574
33257,-97.531767,35.763920
33258,-97.531783,35.766097
33260,-97.531959,35.767179
33267,-97.531966,35.768123
33324,-97.533270,35.769238
33266,-97.531968,35.768481
33265,-97.531973,35.769067
33325,-97.531989,35.769220
33259,-97.531790,35.767087
33264,-97.531745,35.769218
33263,-97.531533,35.769217
33262,-97.530746,35.769212
33261,-97.527815,35.769060
33301,-97.540286,35.769329
33295,-97.538586,35.767832
33297,-97.538585,35.768366
33298,-97.538584,35.768687
33299,-97.538584,35.768901
33304,-97.538599,35.769310
33296,-97.538417,35.768366
33300,-97.538416,35.768901
33303,-97.544229,35.769292
33302,-97.543167,35.769307
33306,-97.537347,35.769294
33305,-97.537200,35.769292
33592,-97.539743,35.741195
33586,-97.539586,35.741437
33593,-97.539454,35.740998
33594,-97.538470,35.740988
33595,-97.538256,35.740986
33597,-97.536407,35.739252
33596,-97.537387,35.741066
33585,-97.537530,35.741461
33578,-97.537361,35.741605
33591,-97.539754,35.741878
33590,-97.539754,35.742204
33587,-97.539586,35.742587
33589,-97.539754,35.742837
33588,-97.539586,35.742875
33546,-97.539768,35.744663
33544,-97.539486,35.744758
33547,-97.539412,35.744593
33543,-97.539235,35.744686
33548,-97.539174,35.744522
33542,-97.539116,35.744650
33545,-97.539736,35.744797
33549,-97.538820,35.744411
33541,-97.538527,35.744478
33550,-97.538271,35.744414
33513,-97.539170,35.746439
33512,-97.539158,35.746578
33511,-97.538845,35.746611
33514,-97.538814,35.746475
33515,-97.538494,35.746544
33510,-97.538510,35.746682
33516,-97.538174,35.746551
33509,-97.538136,35.746684
33478,-97.539202,35.748268
33479,-97.538979,35.748267
33477,-97.538979,35.748405
33476,-97.538644,35.748403
33584,-97.537527,35.741735
33579,-97.537357,35.741970
33580,-97.537352,35.742426
33583,-97.537519,35.742555
33582,-97.537515,35.742920
33581,-97.537348,35.742790
33551,-97.537980,35.744642
33554,-97.537083,35.744767
33540,-97.538040,35.744807
33539,-97.537884,35.744973
33552,-97.537754,35.744887
33538,-97.537477,35.745089
33553,-97.537182,35.744816
33537,-97.537102,35.744938
33555,-97.536836,35.744670
33556,-97.536127,35.744627
33535,-97.536125,35.744765
33536,-97.536778,35.744798
33557,-97.535493,35.744619
33534,-97.535491,35.744757
33558,-97.534986,35.744612
33533,-97.534984,35.744750
33559,-97.534478,35.744605
33532,-97.534476,35.744743
33517,-97.537878,35.746491
33508,-97.537793,35.746612
33518,-97.537523,35.746437
33507,-97.537486,35.746571
33519,-97.537177,35.746420
33506,-97.537154,35.746558
33520,-97.536838,35.746420
33505,-97.536476,35.746557
33521,-97.536249,35.746419
33504,-97.536136,35.746556
33480,-97.537975,35.748263
33481,-97.537774,35.748262
33475,-97.537975,35.748401
33474,-97.537774,35.748400
33482,-97.537529,35.748261
33473,-97.537529,35.748399
33483,-97.536859,35.748259
33484,-97.536614,35.748258
33472,-97.536859,35.748397
33471,-97.536614,35.748396
33485,-97.536413,35.748257
33470,-97.536413,35.748395
33522,-97.535684,35.746417
33503,-97.535684,35.746555
33523,-97.535118,35.746416
33502,-97.535118,35.746554
33524,-97.534666,35.746416
33501,-97.534666,35.746554
33525,-97.534213,35.746415
33486,-97.535766,35.748255
33487,-97.535520,35.748254
33469,-97.535766,35.748393
33468,-97.535520,35.748392
33488,-97.535297,35.748253
33467,-97.535297,35.748391
33489,-97.534673,35.748251
33466,-97.534673,35.748389
33490,-97.534427,35.748250
33491,-97.534182,35.748249
33465,-97.534427,35.748388
33464,-97.534182,35.748387
33565,-97.531953,35.740037
33574,-97.531968,35.740049
33577,-97.531974,35.740187
33564,-97.531942,35.741852
33531,-97.533842,35.744735
33530,-97.533208,35.744726
33560,-97.532576,35.744580
33529,-97.532574,35.744718
33563,-97.531773,35.741868
33562,-97.531767,35.742890
33561,-97.531762,35.743562
33526,-97.533647,35.746414
33500,-97.533647,35.746552
33527,-97.533082,35.746413
33499,-97.533082,35.746551
33528,-97.532516,35.746412
33498,-97.532516,35.746550
33492,-97.533490,35.748246
33463,-97.533490,35.748384
33493,-97.533267,35.748245
33494,-97.533066,35.748245
33462,-97.533267,35.748383
33461,-97.533066,35.748383
33495,-97.532397,35.748242
33496,-97.532174,35.748241
33497,-97.531951,35.748241
33460,-97.532397,35.748380
33459,-97.532174,35.748379
33458,-97.531951,35.748379
33642,-97.552267,35.740313
33641,-97.551455,35.740301
33643,-97.550636,35.740171
33635,-97.549754,35.738306
33636,-97.549597,35.742257
33637,-97.549595,35.742359
33638,-97.549737,35.743755
33639,-97.549730,35.744165
33640,-97.549662,35.747996
33618,-97.549577,35.729794
33619,-97.549579,35.730388
33620,-97.549585,35.732102
33632,-97.548707,35.732292
33631,-97.548135,35.732289
33621,-97.547861,35.732058
33630,-97.547754,35.732174
33629,-97.547137,35.732127
33622,-97.547006,35.731988
33623,-97.546834,35.731987
33628,-97.546755,35.732125
33624,-97.546662,35.731986
33627,-97.546717,35.732124
33626,-97.546526,35.732123
33625,-97.546490,35.731985
33644,-97.545181,35.725664
33616,-97.545179,35.725802
33615,-97.540766,35.725776
33645,-97.540440,35.725636
33646,-97.537616,35.725619
33603,-97.536406,35.733282
33604,-97.534965,35.732956
33633,-97.549595,35.734453
33634,-97.549763,35.734583
33602,-97.536384,35.734320
33601,-97.536384,35.735087
33600,-97.536384,35.735263
33572,-97.536216,35.735263
33598,-97.536384,35.736148
33599,-97.536216,35.736168
33573,-97.536227,35.738036
33612,-97.531907,35.728998
33609,-97.531742,35.728324
33605,-97.531927,35.732961
33611,-97.531904,35.729569
33610,-97.531902,35.729956
33608,-97.531900,35.730342
33607,-97.531894,35.731547
33606,-97.531894,35.731851
33570,-97.531923,35.735647
33569,-97.531927,35.736489
33568,-97.531933,35.737527
33571,-97.531755,35.735647
33567,-97.531938,35.738194
33566,-97.531944,35.738990
33617,-97.548332,35.725821
33656,-97.539312,35.720125
33655,-97.539196,35.720442
33657,-97.538512,35.719226
33654,-97.538786,35.721715
33671,-97.538622,35.721685
33653,-97.538642,35.722038
33672,-97.538490,35.721980
33658,-97.536899,35.719243
33670,-97.536917,35.719379
33659,-97.536561,35.719278
33669,-97.536621,35.719406
33660,-97.535379,35.719686
33668,-97.535457,35.719808
33667,-97.535174,35.719927
33661,-97.535096,35.719805
33652,-97.536850,35.722634
33651,-97.535461,35.722978
33673,-97.535327,35.722896
33650,-97.535232,35.723245
33674,-97.535090,35.723169
33662,-97.533892,35.719970
33666,-97.533894,35.720108
33663,-97.533736,35.719969
33664,-97.533577,35.719965
33665,-97.533573,35.720103
33679,-97.531964,35.719917
33687,-97.531796,35.719917
33678,-97.531945,35.722287
33677,-97.531939,35.723027
33675,-97.533937,35.723781
33649,-97.533937,35.723919
33676,-97.533532,35.723781
33648,-97.532923,35.723919
33690,-97.531930,35.724470
33688,-97.531780,35.721912
33689,-97.531766,35.723767
33647,-97.533833,35.725589
33680,-97.532016,35.708087
33685,-97.531859,35.709804
33686,-97.531857,35.711921
33683,-97.531828,35.704750
33681,-97.533267,35.705832
33684,-97.531838,35.706402
35830,-97.524093,35.696440
35254,-97.521987,35.698420
35256,-97.521924,35.698340
35255,-97.521957,35.698384
35257,-97.521891,35.698296
35258,-97.521858,35.698252
35252,-97.521780,35.698412
35251,-97.521747,35.698368
35250,-97.521714,35.698324
35253,-97.521813,35.698456
35262,-97.520756,35.696657
35261,-97.520751,35.696700
35244,-97.520588,35.696647
35259,-97.520480,35.697643
35260,-97.520409,35.697651
35249,-97.520502,35.697779
35248,-97.520431,35.697787
35223,-97.519939,35.700733
35222,-97.519913,35.700708
35245,-97.519481,35.697364
35247,-97.519410,35.697491
35246,-97.519381,35.697474
35226,-97.518921,35.699403
35225,-97.519062,35.699574
35224,-97.519101,35.699630
35221,-97.520069,35.700823
35208,-97.519811,35.700823
35263,-97.517390,35.696539
35264,-97.516197,35.696545
35243,-97.517361,35.696699
35242,-97.517356,35.696730
35241,-97.517351,35.696761
35238,-97.517193,35.696683
35239,-97.517188,35.696714
35240,-97.517183,35.696745
35227,-97.517553,35.699713
35207,-97.517523,35.699947
35237,-97.515084,35.696702
35236,-97.515084,35.696724
35234,-97.514916,35.696724
35235,-97.514916,35.696747
35214,-97.520796,35.701339
35213,-97.519994,35.700946
35212,-97.519729,35.701182
35211,-97.519720,35.701192
35209,-97.519595,35.701100
35210,-97.519586,35.701110
35176,-97.518990,35.702991
35175,-97.518931,35.703005
35185,-97.518824,35.702888
35186,-97.518766,35.702902
35206,-97.517433,35.700028
35205,-97.517377,35.700103
35204,-97.517357,35.700221
35228,-97.517223,35.700047
35203,-97.517364,35.700261
35202,-97.517371,35.700302
35200,-97.517191,35.700241
35201,-97.517205,35.700322
35230,-97.515592,35.699444
35195,-97.515719,35.699662
35229,-97.516477,35.699944
35199,-97.516379,35.700052
35198,-97.516337,35.700057
35197,-97.516319,35.700070
35196,-97.516201,35.699972
35231,-97.515135,35.699307
35232,-97.514653,35.699259
35233,-97.514183,35.699252
35194,-97.514179,35.699390
35190,-97.515965,35.702781
35191,-97.515805,35.702663
35187,-97.517405,35.703010
35188,-97.517344,35.703012
35174,-97.517492,35.703145
35173,-97.517430,35.703147
35172,-97.517368,35.703149
35189,-97.517284,35.703014
35171,-97.515888,35.702905
35170,-97.515839,35.702874
35217,-97.521960,35.701937
35218,-97.521928,35.701897
35216,-97.521980,35.701971
35215,-97.521792,35.701977
35180,-97.522630,35.702821
35181,-97.522584,35.702959
35182,-97.522206,35.702959
35179,-97.522191,35.702959
35183,-97.521900,35.702818
35219,-97.520922,35.701240
35220,-97.520884,35.701221
35178,-97.520518,35.702932
35177,-97.520456,35.702931
35184,-97.520292,35.702790
35081,-97.521478,35.704750
35080,-97.521267,35.704622
35078,-97.519479,35.704644
35077,-97.518228,35.704659
35075,-97.517922,35.704792
35079,-97.521342,35.705057
35083,-97.521475,35.706846
35082,-97.521308,35.706816
35084,-97.521486,35.707046
35086,-97.521510,35.707207
35085,-97.521332,35.707161
35088,-97.521527,35.707468
35090,-97.521522,35.707552
35087,-97.521362,35.707397
35089,-97.521357,35.707481
35076,-97.518080,35.704840
35074,-97.517907,35.705201
35072,-97.518077,35.705576
35073,-97.517910,35.705782
35071,-97.518081,35.706243
35070,-97.517912,35.706169
35091,-97.521348,35.707648
35092,-97.521475,35.708916
35069,-97.518093,35.708816
35068,-97.518069,35.709580
35067,-97.517896,35.709748
35066,-97.518043,35.710055
35065,-97.517871,35.710232
35064,-97.518032,35.710627
35063,-97.517864,35.710619
35062,-97.518025,35.711009
34178,-97.514221,35.705759
34177,-97.514223,35.706143
33693,-97.514055,35.706143
34176,-97.514234,35.707798
34175,-97.514234,35.708533
33694,-97.514066,35.708551
34174,-97.514234,35.709303
33695,-97.514066,35.709482
35192,-97.514334,35.702231
35193,-97.514197,35.702231
35169,-97.514406,35.702369
35168,-97.514336,35.702369
35167,-97.514266,35.702369
35166,-97.514197,35.702369
35027,-97.524428,35.705131
35028,-97.524262,35.705151
35026,-97.524556,35.705824
35029,-97.524390,35.705844
35030,-97.524526,35.706816
35031,-97.524559,35.707096
35035,-97.527850,35.707751
35023,-97.526911,35.707124
35024,-97.526205,35.707119
35034,-97.526037,35.707260
35046,-97.526459,35.708797
35047,-97.526107,35.708805
35045,-97.526463,35.708935
35041,-97.526151,35.710228
35042,-97.525775,35.710096
35033,-97.525521,35.707274
35025,-97.525171,35.707146
35032,-97.524833,35.707294
35048,-97.525755,35.708814
35049,-97.525579,35.708818
35044,-97.525565,35.709023
35050,-97.525397,35.709023
35043,-97.525568,35.709454
35040,-97.525283,35.710245
35039,-97.524803,35.710259
35055,-97.523765,35.709375
35054,-97.523936,35.709486
35053,-97.523939,35.709638
35056,-97.523769,35.709546
35057,-97.523773,35.709717
35051,-97.524677,35.710125
35038,-97.524623,35.710265
35052,-97.524417,35.710132
35060,-97.524421,35.710270
35059,-97.524106,35.710275
35058,-97.523784,35.710145
35022,-97.528695,35.708426
35021,-97.528718,35.708717
35036,-97.528552,35.708859
35020,-97.528714,35.710263
35037,-97.528546,35.710259
34989,-97.512504,35.698994
34968,-97.512428,35.698872
34988,-97.511838,35.699914
34987,-97.511814,35.699961
34969,-97.511733,35.699765
34970,-97.511707,35.699812
34971,-97.511682,35.699862
34986,-97.511789,35.700009
34985,-97.511765,35.700057
34972,-97.511658,35.699909
34973,-97.511633,35.699957
34965,-97.509740,35.698082
34955,-97.509591,35.698015
34964,-97.508862,35.699430
34956,-97.508707,35.699372
34957,-97.508648,35.699412
34963,-97.508796,35.699491
34962,-97.507101,35.700048
34958,-97.507014,35.699917
34961,-97.507026,35.700053
34960,-97.506964,35.700050
34959,-97.506638,35.699862
34991,-97.511594,35.704697
34984,-97.511401,35.701228
34983,-97.511395,35.701279
34974,-97.511227,35.701265
34975,-97.510428,35.702079
34982,-97.510493,35.702216
34981,-97.510420,35.702217
35164,-97.511604,35.704835
34992,-97.510164,35.704854
35163,-97.510140,35.704990
34976,-97.508841,35.702049
34977,-97.507368,35.702384
34980,-97.507408,35.702518
34993,-97.509003,35.704496
35162,-97.508890,35.704615
34979,-97.507132,35.702663
34978,-97.506981,35.702495
34949,-97.503860,35.697032
34950,-97.503827,35.697032
34951,-97.503794,35.697032
34952,-97.503762,35.697032
34948,-97.503858,35.697170
34947,-97.503825,35.697170
34946,-97.503792,35.697170
34727,-97.503578,35.697183
34942,-97.503881,35.697788
34943,-97.503847,35.697789
34944,-97.503813,35.697789
34945,-97.503780,35.697790
34941,-97.503849,35.697927
34940,-97.503815,35.697927
34939,-97.503782,35.697928
34937,-97.503755,35.698538
34936,-97.503867,35.698674
34935,-97.503831,35.698674
34934,-97.503795,35.698675
34933,-97.503759,35.698676
34741,-97.503592,35.697940
34742,-97.503583,35.698175
34743,-97.503569,35.698403
34938,-97.503719,35.698539
34932,-97.503723,35.698677
34927,-97.504618,35.699497
34744,-97.503426,35.699167
34745,-97.503426,35.699193
34928,-97.503739,35.699273
34929,-97.503675,35.699272
34930,-97.503643,35.699272
34926,-97.503673,35.699410
34931,-97.503612,35.699272
34925,-97.503604,35.699414
34774,-97.503436,35.699428
34920,-97.504097,35.700203
34919,-97.504082,35.700203
34918,-97.504066,35.700203
34917,-97.504051,35.700203
34921,-97.503797,35.700068
34922,-97.503768,35.700068
34923,-97.503739,35.700068
34924,-97.503710,35.700069
34916,-97.503712,35.700207
34915,-97.503466,35.700209
34914,-97.503382,35.700209
34913,-97.503298,35.700209
34702,-97.502826,35.697031
34703,-97.502793,35.697031
34704,-97.502761,35.697031
34726,-97.502826,35.697169
34725,-97.502761,35.697169
34728,-97.502737,35.697863
34729,-97.502708,35.697879
34739,-97.502669,35.698130
34740,-97.502666,35.698128
34730,-97.502547,35.698020
34731,-97.502518,35.698064
34732,-97.502503,35.698110
34738,-97.502636,35.698670
34733,-97.502468,35.698668
34705,-97.502078,35.697031
34706,-97.502017,35.697040
34707,-97.501986,35.697049
34724,-97.502078,35.697169
34723,-97.502075,35.697168
34708,-97.501683,35.697267
34709,-97.501662,35.697302
34722,-97.501648,35.697882
34721,-97.501648,35.697909
34710,-97.501480,35.697884
34720,-97.501649,35.697937
34719,-97.501650,35.697965
34711,-97.501481,35.697939
34712,-97.501482,35.697967
34718,-97.501665,35.698576
34717,-97.501665,35.698604
34716,-97.501666,35.698632
34713,-97.501497,35.698578
34714,-97.501497,35.698606
34715,-97.501498,35.698634
34737,-97.502635,35.698695
34736,-97.502635,35.698720
34734,-97.502467,35.698693
34735,-97.502467,35.698718
34773,-97.502641,35.699409
34775,-97.502459,35.700071
34776,-97.502412,35.700071
34777,-97.502366,35.700071
34772,-97.501763,35.699409
34771,-97.501732,35.699409
34770,-97.501701,35.699409
34769,-97.501465,35.699409
34912,-97.501452,35.700209
34778,-97.501340,35.700071
34911,-97.501368,35.700209
34910,-97.501284,35.700209
34909,-97.501201,35.700209
34996,-97.505546,35.705017
34997,-97.505411,35.704943
35141,-97.505317,35.705057
34896,-97.504215,35.700953
34897,-97.504185,35.700955
34882,-97.504174,35.701172
34883,-97.504006,35.701112
34884,-97.504006,35.701172
34898,-97.503378,35.700952
34899,-97.503312,35.700951
34881,-97.503970,35.701873
34880,-97.503943,35.701929
34885,-97.503814,35.701823
34886,-97.503787,35.701879
34887,-97.503760,35.701936
34888,-97.503732,35.702010
34889,-97.503676,35.702594
34877,-97.504001,35.703347
34878,-97.503913,35.703348
34876,-97.503959,35.703485
34875,-97.503915,35.703486
34879,-97.503870,35.703349
34998,-97.504210,35.704488
34895,-97.503186,35.701094
34894,-97.502850,35.701400
34893,-97.502732,35.701688
34892,-97.502723,35.701755
34900,-97.502719,35.701298
34901,-97.502694,35.701348
34867,-97.502555,35.701741
34891,-97.502714,35.701822
34890,-97.502707,35.701888
34868,-97.502546,35.701808
34869,-97.502539,35.701876
34870,-97.502506,35.702522
34871,-97.502506,35.702589
34905,-97.501276,35.700941
34906,-97.501258,35.700941
34907,-97.501239,35.700941
34908,-97.501221,35.700941
34904,-97.501258,35.701079
34903,-97.501239,35.701079
34902,-97.501221,35.701079
34866,-97.501352,35.701613
34865,-97.501295,35.701614
34874,-97.502931,35.703495
34873,-97.502851,35.703496
34872,-97.502771,35.703497
35140,-97.502956,35.704458
35139,-97.501458,35.704568
34999,-97.501436,35.704432
34752,-97.500279,35.697846
34751,-97.500267,35.697872
34750,-97.500254,35.697898
34749,-97.500241,35.697924
34759,-97.500128,35.697787
34760,-97.500115,35.697813
34761,-97.500102,35.697839
34762,-97.500089,35.697865
34748,-97.499962,35.698494
34763,-97.499808,35.698440
34764,-97.499796,35.698466
34746,-97.499915,35.699194
34747,-97.499860,35.699162
34768,-97.499956,35.699373
34766,-97.499817,35.699306
34767,-97.499872,35.699339
34765,-97.499762,35.699274
34779,-97.499912,35.700091
34780,-97.499861,35.700091
34781,-97.499811,35.700091
34782,-97.499770,35.700089
34812,-97.499912,35.700229
34811,-97.499861,35.700229
34810,-97.499811,35.700229
34809,-97.499750,35.700225
34788,-97.498783,35.698810
34787,-97.498766,35.698842
34786,-97.498750,35.698873
34785,-97.498733,35.698905
34783,-97.498896,35.699532
34784,-97.498869,35.699510
34808,-97.498778,35.699630
34807,-97.498745,35.699604
34825,-97.498079,35.700071
34824,-97.498094,35.700154
34864,-97.501183,35.701616
34813,-97.500459,35.700941
34814,-97.500433,35.700941
34820,-97.500459,35.701079
34819,-97.500433,35.701079
34815,-97.500407,35.700941
34816,-97.500381,35.700941
34818,-97.500407,35.701079
34817,-97.500381,35.701079
34688,-97.500459,35.702725
34687,-97.500458,35.702778
34863,-97.500111,35.701626
34862,-97.500093,35.701632
34861,-97.500056,35.701642
34860,-97.499178,35.701840
34859,-97.499139,35.701845
34689,-97.499482,35.702502
34690,-97.499396,35.702501
34698,-97.499392,35.702639
34691,-97.499278,35.702533
34697,-97.499350,35.702657
34692,-97.499209,35.702559
34696,-97.499261,35.702689
34685,-97.501056,35.703340
34684,-97.501054,35.703478
34683,-97.500935,35.703476
34682,-97.500816,35.703474
34686,-97.500699,35.703335
34681,-97.500697,35.703473
34680,-97.500578,35.703471
34699,-97.499392,35.703323
34700,-97.499299,35.703322
34679,-97.499390,35.703461
34701,-97.499205,35.703321
34678,-97.499203,35.703459
34858,-97.499101,35.701850
34693,-97.498999,35.702681
34694,-97.498963,35.702741
34857,-97.498285,35.701942
34856,-97.498246,35.701946
34855,-97.498207,35.701950
34823,-97.498104,35.700992
34822,-97.498104,35.701204
34821,-97.498098,35.701443
33357,-97.498076,35.701714
33358,-97.498097,35.701986
33359,-97.498092,35.702043
33360,-97.498088,35.702105
34695,-97.498935,35.702809
34677,-97.499110,35.703459
34953,-97.499518,35.696632
34755,-97.500400,35.697015
34754,-97.500400,35.697197
34753,-97.500399,35.697225
34757,-97.500233,35.697180
34758,-97.500232,35.697208
34794,-97.499444,35.697022
34795,-97.499410,35.697020
34796,-97.499376,35.697018
34793,-97.499361,35.697244
34792,-97.499363,35.697278
34797,-97.499194,35.697267
34798,-97.499195,35.697302
34791,-97.499193,35.698020
34790,-97.499178,35.698052
34789,-97.499162,35.698083
34799,-97.499037,35.697970
34800,-97.499022,35.698002
34801,-97.499006,35.698033
34802,-97.498992,35.698063
34803,-97.498629,35.698756
34804,-97.498612,35.698788
34805,-97.498596,35.698819
34806,-97.498579,35.698851
36363,-97.497952,35.699901
36364,-97.497952,35.699901
36365,-97.497952,35.699901
34826,-97.498029,35.699977
36366,-97.497864,35.700017
36367,-97.497864,35.700017
34842,-97.497893,35.700057
34843,-97.497913,35.700093
34844,-97.497926,35.700154
34827,-97.497271,35.699821
34828,-97.497215,35.699821
34829,-97.497160,35.699821
34830,-97.496866,35.699623
34841,-97.497046,35.699951
34831,-97.496866,35.699785
34840,-97.497054,35.700038
34839,-97.497054,35.700115
34832,-97.496880,35.699971
34833,-97.496886,35.700038
34834,-97.496886,35.700115
36176,-97.494765,35.698761
36175,-97.494766,35.698830
36174,-97.494768,35.698900
36197,-97.494600,35.698885
36173,-97.494770,35.698970
36172,-97.494771,35.699040
36198,-97.494606,35.699129
36199,-97.494610,35.699292
36200,-97.494614,35.699455
36201,-97.494616,35.699618
36263,-97.494954,35.700335
36230,-97.494786,35.700368
36192,-97.494269,35.699821
36191,-97.494239,35.699824
36190,-97.494038,35.699841
36189,-97.494007,35.699842
35000,-97.499831,35.704746
34838,-97.497147,35.700969
34837,-97.497102,35.700974
33361,-97.498084,35.702163
34853,-97.497878,35.702574
34676,-97.498338,35.703456
34675,-97.498278,35.703451
35001,-97.498786,35.704697
34854,-97.498029,35.702888
35002,-97.497596,35.704768
35138,-97.500234,35.705446
35137,-97.500261,35.705500
35006,-97.500105,35.705552
35005,-97.498808,35.704833
35004,-97.497604,35.704906
34836,-97.497026,35.701002
34835,-97.496891,35.701020
34845,-97.496664,35.701807
34847,-97.496660,35.701945
34846,-97.496596,35.701944
36262,-97.495534,35.700913
36261,-97.495534,35.700965
36260,-97.495534,35.701017
36232,-97.495366,35.701017
36231,-97.495126,35.700854
36259,-97.495534,35.701661
36258,-97.495376,35.702494
35265,-97.496149,35.702815
35003,-97.496393,35.704771
36233,-97.494688,35.701481
36257,-97.494740,35.701624
36256,-97.494566,35.701596
36254,-97.494406,35.701656
36255,-97.494406,35.701720
36234,-97.494181,35.701391
36235,-97.493886,35.701391
36253,-97.493886,35.701529
36236,-97.493591,35.701391
36252,-97.494781,35.703331
34273,-97.494147,35.697205
34272,-97.494164,35.697245
34271,-97.494166,35.697269
34270,-97.494164,35.697525
34269,-97.494164,35.697549
34268,-97.494164,35.697572
36177,-97.494295,35.698611
36178,-97.494264,35.698611
36179,-97.494203,35.698611
34274,-97.493861,35.697271
34275,-97.493858,35.697290
34276,-97.493856,35.697323
34279,-97.493057,35.697253
34278,-97.493060,35.697280
34277,-97.493063,35.697307
34267,-97.493866,35.697756
36180,-97.494004,35.698611
36181,-97.493973,35.698611
34266,-97.493234,35.697729
34265,-97.493149,35.697729
36196,-97.493812,35.698825
36195,-97.493816,35.698903
36194,-97.493819,35.698980
36193,-97.493823,35.699056
36182,-97.493641,35.698776
36183,-97.493645,35.698852
36184,-97.493649,35.698926
36185,-97.493652,35.699003
36186,-97.493655,35.699079
36187,-97.493659,35.699155
36188,-97.493662,35.699232
36229,-97.493176,35.700247
36228,-97.493172,35.700245
36227,-97.493169,35.700244
36224,-97.493158,35.700239
36226,-97.493165,35.700242
36225,-97.493162,35.700240
34280,-97.492763,35.697207
34281,-97.492749,35.697252
34282,-97.492806,35.697584
34264,-97.492792,35.697720
34263,-97.492463,35.697800
36209,-97.492232,35.698064
36208,-97.492264,35.698112
34283,-97.492043,35.697874
34262,-97.492161,35.697972
36210,-97.492201,35.698029
36207,-97.492470,35.698667
34197,-97.492266,35.698534
34198,-97.492116,35.698553
34261,-97.492219,35.698679
34199,-97.491957,35.698587
34200,-97.491795,35.698644
36206,-97.492486,35.698854
36205,-97.492509,35.699036
36204,-97.492541,35.699222
36203,-97.492575,35.699404
36202,-97.492633,35.699650
36214,-97.492068,35.699710
36221,-97.492722,35.700507
36220,-97.492656,35.700591
36222,-97.492139,35.699868
36213,-97.492009,35.699782
34260,-97.491893,35.698756
34259,-97.491770,35.698829
34201,-97.491672,35.698717
34258,-97.491694,35.698910
34202,-97.491560,35.698828
34203,-97.490999,35.699646
36223,-97.491490,35.700697
34257,-97.491145,35.699714
34256,-97.491071,35.699822
34255,-97.490982,35.699929
36212,-97.491444,35.700534
36211,-97.491366,35.700603
34215,-97.490401,35.698109
34214,-97.490265,35.698234
34204,-97.490925,35.699754
34205,-97.490844,35.699851
34254,-97.490872,35.700032
34253,-97.490763,35.700119
34252,-97.490644,35.700204
34213,-97.489910,35.698859
34216,-97.489873,35.698925
34212,-97.489868,35.698935
34211,-97.489717,35.699240
34210,-97.489618,35.699454
34209,-97.489606,35.699660
34208,-97.489604,35.700079
34207,-97.489604,35.700110
34206,-97.489604,35.700141
34247,-97.489287,35.700480
34248,-97.489297,35.700618
34246,-97.489040,35.700491
34249,-97.489040,35.700629
34245,-97.488913,35.700491
34250,-97.488913,35.700629
34229,-97.488756,35.699666
34230,-97.488629,35.699665
34241,-97.488754,35.699804
34240,-97.488627,35.699803
34244,-97.488787,35.700491
34251,-97.488787,35.700629
34243,-97.488661,35.700491
34242,-97.488534,35.700491
36240,-97.493406,35.701611
36241,-97.493407,35.701679
36242,-97.493408,35.701747
36237,-97.493192,35.701372
36238,-97.493170,35.701370
36239,-97.493148,35.701369
36219,-97.492160,35.701190
36218,-97.491977,35.701315
36243,-97.492678,35.702383
36244,-97.492561,35.702335
36246,-97.492732,35.702531
36245,-97.492447,35.702435
36217,-97.491880,35.701376
36216,-97.491784,35.701437
36215,-97.491687,35.701497
36251,-97.491211,35.702214
36247,-97.492574,35.703196
36248,-97.492459,35.703197
36250,-97.490557,35.701384
36249,-97.490919,35.702117
34181,-97.489745,35.697500
34182,-97.489397,35.697587
34186,-97.489003,35.697289
34185,-97.489004,35.697301
34184,-97.489006,35.697313
34183,-97.489036,35.697607
34217,-97.488898,35.698831
34228,-97.488898,35.698969
34187,-97.488835,35.697301
34188,-97.488836,35.697313
34191,-97.487990,35.697304
34190,-97.487986,35.697316
34189,-97.487983,35.697328
34196,-97.488043,35.697745
34195,-97.487973,35.697747
34192,-97.487826,35.697276
34193,-97.487819,35.697300
34194,-97.487794,35.697442
34218,-97.488751,35.698831
34219,-97.488604,35.698831
34220,-97.488457,35.698831
34227,-97.488604,35.698969
34226,-97.488457,35.698969
34231,-97.488503,35.699664
34221,-97.488311,35.698831
34222,-97.488164,35.698831
34225,-97.488311,35.698969
34223,-97.488017,35.698831
34224,-97.488017,35.698969
34232,-97.488377,35.699663
34233,-97.488250,35.699663
34234,-97.488124,35.699662
34235,-97.487998,35.699661
34239,-97.488501,35.699802
34238,-97.488375,35.699801
34237,-97.488248,35.699801
34236,-97.487996,35.699799
36265,-97.496138,35.706701
36266,-97.496138,35.706701
36264,-97.493791,35.706875
36272,-97.490103,35.708874
36273,-97.489958,35.708872
35122,-97.503055,35.706474
35125,-97.503090,35.706667
35123,-97.501575,35.706365
35124,-97.501657,35.706485
35133,-97.501282,35.709322
35007,-97.500693,35.706158
35136,-97.500853,35.707469
35135,-97.500836,35.707506
35008,-97.500695,35.707421
35009,-97.500661,35.707496
35134,-97.500873,35.708467
35010,-97.500717,35.708517
35011,-97.501126,35.709372
35012,-97.501162,35.709446
34674,-97.498426,35.710342
34673,-97.498427,35.710356
34659,-97.498258,35.710346
34660,-97.498259,35.710363
34672,-97.498432,35.710488
34671,-97.498436,35.710612
34670,-97.498437,35.710634
34669,-97.498442,35.710755
34668,-97.498442,35.710771
34667,-97.498447,35.710906
34661,-97.498264,35.710489
34662,-97.498268,35.710616
34663,-97.498269,35.710638
34664,-97.498274,35.710759
34665,-97.498274,35.710775
34666,-97.498279,35.710901
35161,-97.507618,35.704762
34994,-97.507370,35.704717
35159,-97.508750,35.706418
35145,-97.508728,35.706554
35160,-97.507593,35.706220
35143,-97.507543,35.706350
35144,-97.507680,35.706385
34995,-97.506515,35.705437
35142,-97.506634,35.705876
35113,-97.507124,35.708356
35114,-97.506979,35.708294
35115,-97.506841,35.708235
35116,-97.506829,35.708230
35112,-97.507269,35.708432
35106,-97.507177,35.708548
35105,-97.507032,35.708472
35104,-97.506913,35.708421
35103,-97.506901,35.708416
35102,-97.506763,35.708357
35101,-97.506751,35.708352
35117,-97.505643,35.707734
35118,-97.505438,35.707650
35128,-97.505362,35.707772
35119,-97.504345,35.707197
35127,-97.504257,35.707315
35120,-97.504198,35.707124
35126,-97.504110,35.707242
35121,-97.503192,35.706559
35129,-97.505955,35.709386
35130,-97.505402,35.710141
35100,-97.505392,35.710279
35131,-97.503949,35.710074
35099,-97.503939,35.710212
35098,-97.503625,35.710187
35132,-97.502370,35.709984
35013,-97.501906,35.710168
34990,-97.512907,35.704671
35165,-97.512882,35.704809
35153,-97.513087,35.707279
35152,-97.513034,35.707412
35154,-97.512037,35.706904
35155,-97.511989,35.706905
35151,-97.511997,35.707043
35150,-97.510923,35.707293
35156,-97.510863,35.707165
35149,-97.510789,35.707335
35157,-97.510729,35.707207
35158,-97.509837,35.706931
35148,-97.509784,35.707083
35147,-97.509717,35.707027
35109,-97.511537,35.709991
35108,-97.511492,35.710027
35110,-97.511372,35.709931
35111,-97.510943,35.710144
35107,-97.511019,35.710266
35146,-97.508870,35.706568
35015,-97.507622,35.711086
35014,-97.507528,35.711086
33691,-97.521688,35.725542
33692,-97.520434,35.725537
33614,-97.531911,35.728024
33613,-97.531743,35.728030
34179,-97.514167,35.697401
35061,-97.517857,35.711007
34167,-97.518654,35.713764
34168,-97.518454,35.713791
34169,-97.518306,35.713792
34170,-97.517937,35.713795
34164,-97.517640,35.714778
34158,-97.517939,35.715663
34159,-97.518365,35.716653
33696,-97.514236,35.711906
34171,-97.517568,35.713798
34157,-97.517060,35.713982
34172,-97.515640,35.713855
34173,-97.514257,35.713897
34156,-97.514263,35.714035
33697,-97.514243,35.714052
33698,-97.514233,35.715974
34625,-97.512217,35.712737
34626,-97.512193,35.712739
34627,-97.512169,35.712741
34628,-97.511953,35.712757
34629,-97.511804,35.712766
34630,-97.511411,35.712763
34631,-97.511223,35.712739
34619,-97.511385,35.712947
34618,-97.511340,35.712928
34632,-97.511110,35.712707
34633,-97.510985,35.712681
34617,-97.511082,35.712844
34616,-97.510978,35.712819
34634,-97.510869,35.712662
34615,-97.510861,35.712800
34636,-97.509761,35.712496
34637,-97.509644,35.712481
34638,-97.509528,35.712465
34639,-97.509411,35.712450
34635,-97.509878,35.712512
34614,-97.509867,35.712650
34613,-97.509749,35.712634
34612,-97.509632,35.712619
34611,-97.509514,35.712603
34610,-97.509396,35.712587
34624,-97.512018,35.713125
34623,-97.511967,35.713121
34622,-97.511903,35.713112
34621,-97.511854,35.713101
34620,-97.511804,35.713090
34640,-97.508419,35.712317
34609,-97.508395,35.712453
34601,-97.507519,35.711748
34641,-97.508303,35.712301
34608,-97.508278,35.712438
34607,-97.508160,35.712422
34642,-97.508069,35.712270
34606,-97.508042,35.712406
34605,-97.507925,35.712391
34602,-97.507764,35.712222
34603,-97.507721,35.712412
34600,-97.506849,35.711505
34599,-97.505522,35.711397
34478,-97.508757,35.713605
34477,-97.508730,35.714380
34476,-97.508697,35.714409
34475,-97.508664,35.714437
34421,-97.508542,35.714343
34420,-97.507551,35.713273
34474,-97.508429,35.715266
34473,-97.508419,35.715304
34472,-97.508410,35.715343
34422,-97.508265,35.715238
34423,-97.508255,35.715276
34424,-97.508246,35.715315
34425,-97.507668,35.716222
34471,-97.507689,35.716602
34470,-97.507625,35.716782
34604,-97.506964,35.713061
34419,-97.506961,35.713199
34479,-97.506861,35.713061
34418,-97.506857,35.713199
34480,-97.506758,35.713061
34417,-97.506753,35.713199
34481,-97.506636,35.713079
34350,-97.506416,35.714841
34349,-97.506379,35.714908
34348,-97.506361,35.714932
34347,-97.506344,35.714956
34351,-97.506101,35.714968
34352,-97.505897,35.715006
34353,-97.505784,35.715039
34343,-97.505802,35.715365
34342,-97.505818,35.715401
34354,-97.505688,35.715074
34346,-97.505742,35.715224
34345,-97.505772,35.715294
34380,-97.505584,35.715270
34381,-97.505599,35.715305
34344,-97.505787,35.715330
34382,-97.505614,35.715340
34383,-97.505629,35.715376
34384,-97.505644,35.715411
34385,-97.505660,35.715447
34355,-97.505477,35.715139
34341,-97.505613,35.716162
34340,-97.505594,35.716196
34339,-97.505579,35.716222
34338,-97.505553,35.716294
34337,-97.505540,35.716330
34386,-97.505459,35.716106
34387,-97.505440,35.716140
34388,-97.505404,35.716218
34389,-97.505391,35.716254
34598,-97.504319,35.711394
34597,-97.504269,35.711394
34596,-97.504219,35.711393
34595,-97.503117,35.711390
34594,-97.503067,35.711390
34593,-97.503016,35.711390
34592,-97.502966,35.711390
34591,-97.501968,35.711641
34590,-97.501928,35.711666
34589,-97.501889,35.711691
34643,-97.501785,35.711583
34416,-97.504771,35.713618
34482,-97.504736,35.713482
34483,-97.504627,35.713522
34484,-97.504534,35.713559
34415,-97.504584,35.713693
34485,-97.504441,35.713596
34414,-97.504490,35.713730
34413,-97.504410,35.713771
34486,-97.504344,35.713643
34487,-97.504257,35.713688
34412,-97.504321,35.713817
34379,-97.505269,35.715342
34378,-97.505171,35.715369
34377,-97.505074,35.715396
34376,-97.504977,35.715423
34356,-97.504303,35.715548
34373,-97.504519,35.716946
34372,-97.504532,35.717030
34375,-97.504480,35.716696
34374,-97.504493,35.716780
34364,-97.504333,35.716846
34365,-97.504340,35.716896
34366,-97.504348,35.716947
34367,-97.504356,35.716997
34368,-97.504364,35.717048
34357,-97.504254,35.715610
34358,-97.504244,35.715635
34359,-97.504234,35.715659
34360,-97.504224,35.715683
34361,-97.504215,35.715707
34362,-97.504205,35.715731
34363,-97.504186,35.715827
34488,-97.502470,35.714505
34489,-97.502375,35.714539
34411,-97.502493,35.714647
34410,-97.502397,35.714681
34409,-97.502331,35.714725
34408,-97.502210,35.714838
34490,-97.502075,35.714756
34561,-97.501642,35.714233
34562,-97.501606,35.714212
34563,-97.501579,35.714198
34560,-97.501496,35.714317
34404,-97.502234,35.716434
34403,-97.502239,35.716500
34407,-97.502161,35.715514
34406,-97.502163,35.715547
34405,-97.502166,35.715580
34491,-97.501992,35.715511
34492,-97.501994,35.715544
34493,-97.502058,35.716338
34644,-97.500806,35.711509
34586,-97.500687,35.711615
34588,-97.500777,35.711651
34587,-97.500732,35.711633
34585,-97.499680,35.711362
34584,-97.499630,35.711361
34583,-97.499580,35.711360
34582,-97.498451,35.711373
34581,-97.498402,35.711382
34580,-97.498395,35.711385
34645,-97.498285,35.711281
34646,-97.497440,35.711559
34647,-97.497390,35.711559
34579,-97.497444,35.711697
34648,-97.497340,35.711560
34578,-97.497162,35.711796
34564,-97.500829,35.714047
34566,-97.500586,35.714043
34559,-97.500819,35.714185
34565,-97.500797,35.714048
34558,-97.500788,35.714272
34557,-97.500790,35.714308
34554,-97.500619,35.714240
34555,-97.500620,35.714276
34553,-97.500592,35.714181
34556,-97.500622,35.714312
34567,-97.499619,35.713924
34568,-97.499577,35.713926
34569,-97.499350,35.713941
34552,-97.499585,35.714064
34550,-97.499589,35.714133
34549,-97.499601,35.714169
34551,-97.499578,35.714097
34548,-97.499612,35.714205
34546,-97.499425,35.714167
34547,-97.499437,35.714203
34545,-97.499368,35.714077
34497,-97.500910,35.716750
34498,-97.500740,35.716719
34499,-97.500742,35.716754
34500,-97.500743,35.716790
34501,-97.500748,35.716896
34520,-97.499752,35.716351
34521,-97.499744,35.716306
34519,-97.499761,35.716396
34522,-97.499580,35.716210
34523,-97.499569,35.716283
34524,-97.499578,35.716328
34570,-97.497572,35.714065
34571,-97.497487,35.714061
34544,-97.497479,35.714199
34572,-97.497375,35.714081
34543,-97.497425,35.714213
34573,-97.497294,35.714101
34542,-97.497344,35.714233
34541,-97.497294,35.714251
34530,-97.497246,35.715073
34531,-97.497205,35.715073
34529,-97.497159,35.715210
34537,-97.497282,35.716051
34538,-97.497258,35.716051
34539,-97.497235,35.716051
34532,-97.497172,35.716030
34540,-97.497212,35.716051
34527,-97.497881,35.717015
34536,-97.497282,35.716189
34535,-97.497258,35.716189
34534,-97.497235,35.716189
34533,-97.497212,35.716189
34528,-97.497197,35.716219
34649,-97.497030,35.711710
34650,-97.496912,35.712127
34577,-97.497076,35.712392
34651,-97.496906,35.712522
34576,-97.497005,35.712893
35293,-97.493194,35.711813
35292,-97.493197,35.711831
35290,-97.493106,35.712637
35289,-97.493101,35.712631
35291,-97.493116,35.712649
34575,-97.496954,35.713666
34574,-97.496954,35.713696
34652,-97.496786,35.713639
34653,-97.496786,35.713654
34654,-97.496786,35.713683
34655,-97.496995,35.714321
34656,-97.496967,35.714406
34657,-97.496956,35.714482
34658,-97.496956,35.714512
34291,-97.497032,35.716258
35302,-97.492897,35.711418
35300,-97.492889,35.711401
35301,-97.492893,35.711409
35288,-97.492884,35.712563
35287,-97.492860,35.712563
35286,-97.492837,35.712564
35285,-97.492814,35.712565
35284,-97.492791,35.712566
35283,-97.492767,35.712567
35303,-97.492426,35.712406
33699,-97.514224,35.717897
34445,-97.512013,35.720687
34444,-97.512013,35.720694
34443,-97.512043,35.720836
34442,-97.512024,35.720837
34446,-97.511845,35.720673
34454,-97.509684,35.719106
34450,-97.510469,35.720134
34451,-97.510461,35.720142
34447,-97.510790,35.720402
34448,-97.510751,35.720377
34441,-97.510725,35.720535
34440,-97.510686,35.720510
34449,-97.510597,35.720222
34439,-97.510469,35.720613
34438,-97.510463,35.720619
34453,-97.509772,35.719224
34452,-97.509750,35.719236
34433,-97.509586,35.719323
34434,-97.509609,35.719363
34435,-97.509632,35.719403
34436,-97.510351,35.720516
34437,-97.510345,35.720521
34461,-97.508518,35.717526
34462,-97.508448,35.717607
34463,-97.508377,35.717671
34457,-97.509042,35.718547
34456,-97.509030,35.718558
34455,-97.509056,35.718596
34458,-97.508934,35.718441
34459,-97.508922,35.718451
34432,-97.508966,35.718716
34431,-97.508940,35.718696
34430,-97.508915,35.718676
34464,-97.508270,35.717767
34468,-97.508146,35.717675
34465,-97.508199,35.717831
34460,-97.508177,35.717948
34467,-97.508075,35.717739
34466,-97.508005,35.717803
34469,-97.507983,35.717804
34429,-97.508067,35.718051
34428,-97.508035,35.718027
34427,-97.507869,35.717906
34426,-97.507823,35.717872
34323,-97.507534,35.720321
34322,-97.507384,35.720385
34328,-97.506589,35.718604
34327,-97.506642,35.718709
34326,-97.506655,35.718784
34319,-97.506476,35.718729
34331,-97.505664,35.717558
34332,-97.505622,35.717557
34333,-97.505580,35.717556
34336,-97.505402,35.717193
34335,-97.505401,35.717207
34334,-97.505496,35.717554
34330,-97.505576,35.717694
34329,-97.505450,35.717691
34325,-97.506986,35.719490
34324,-97.507031,35.719556
34321,-97.506883,35.719622
34320,-97.506838,35.719556
34371,-97.504722,35.717185
34369,-97.504389,35.717215
34370,-97.504393,35.717237
34396,-97.504562,35.717933
34395,-97.504533,35.717957
34397,-97.504625,35.718076
34398,-97.504620,35.718070
34399,-97.504609,35.718102
34394,-97.504505,35.717980
34393,-97.504458,35.718034
34392,-97.504447,35.718066
34391,-97.504436,35.718121
34390,-97.504445,35.718220
34401,-97.502423,35.717346
34402,-97.502392,35.717274
34506,-97.502249,35.717356
34507,-97.502265,35.717392
34400,-97.502800,35.718218
34508,-97.502627,35.718228
34509,-97.502642,35.718264
34505,-97.501246,35.717558
34504,-97.501208,35.717579
34511,-97.501543,35.718620
34512,-97.501496,35.718589
34513,-97.501465,35.718568
34301,-97.501390,35.718695
34300,-97.501359,35.718674
34318,-97.503023,35.719266
34313,-97.502209,35.720182
34312,-97.502227,35.720320
34510,-97.502175,35.719277
34317,-97.502111,35.719405
34316,-97.502087,35.719471
34302,-97.501943,35.719372
34303,-97.501923,35.719437
34314,-97.502189,35.720186
34315,-97.502169,35.720190
34311,-97.502173,35.720346
34310,-97.502189,35.720413
34309,-97.502198,35.720447
34305,-97.502019,35.720424
34304,-97.502007,35.720374
34306,-97.502032,35.720475
34307,-97.502040,35.720509
34308,-97.502049,35.720543
34494,-97.501152,35.717444
34495,-97.501114,35.717465
34496,-97.501076,35.717487
34503,-97.501170,35.717601
34514,-97.500747,35.718090
34515,-97.500716,35.718069
34502,-97.500593,35.717925
34516,-97.500545,35.717955
34297,-97.500439,35.718063
34299,-97.500641,35.718196
34298,-97.500610,35.718175
34517,-97.499663,35.717395
34518,-97.499621,35.717371
34525,-97.499402,35.717279
34295,-97.499525,35.717483
34296,-97.499567,35.717507
34526,-97.499343,35.717262
34294,-97.499288,35.717392
34293,-97.497864,35.717152
34292,-97.497802,35.717152
35546,-97.495324,35.717845
35545,-97.493976,35.717817
35544,-97.493926,35.717834
35543,-97.493847,35.717850
35299,-97.492090,35.711357
35298,-97.492073,35.711360
35297,-97.492056,35.711363
35296,-97.492039,35.711366
35295,-97.492022,35.711369
35294,-97.492006,35.711372
35312,-97.491978,35.711432
35311,-97.491978,35.711449
35310,-97.491979,35.711465
35309,-97.491980,35.711482
35308,-97.491980,35.711498
35307,-97.491981,35.711515
35304,-97.492204,35.712378
35305,-97.491976,35.712346
35306,-97.491760,35.712306
35282,-97.491780,35.712453
35279,-97.491714,35.712438
35280,-97.491758,35.712448
35276,-97.491330,35.712299
35277,-97.491342,35.712304
35274,-97.491302,35.712287
35275,-97.491318,35.712294
35273,-97.491291,35.712281
35281,-97.491178,35.712063
35278,-97.491161,35.712054
35313,-97.491137,35.712042
35316,-97.490500,35.711393
35315,-97.490492,35.711403
35314,-97.490484,35.711413
35267,-97.490624,35.711741
35268,-97.490610,35.711737
35269,-97.490596,35.711734
35270,-97.490582,35.711730
35271,-97.490568,35.711727
35272,-97.490568,35.711728
35266,-97.490674,35.711763
35361,-97.488931,35.712701
35360,-97.489032,35.712781
35359,-97.489083,35.712842
35358,-97.489123,35.712930
35357,-97.489150,35.713001
35389,-97.488961,35.712970
35355,-97.491784,35.714754
35353,-97.491755,35.714741
35351,-97.491726,35.714728
35349,-97.491697,35.714715
35347,-97.491668,35.714702
35345,-97.491639,35.714689
35344,-97.491557,35.714809
35354,-97.491697,35.714872
35352,-97.491669,35.714859
35350,-97.491641,35.714846
35348,-97.491613,35.714834
35346,-97.491585,35.714821
35343,-97.491337,35.714829
35342,-97.491135,35.714814
35341,-97.490962,35.714773
35332,-97.490826,35.714025
35330,-97.490718,35.713981
35329,-97.490625,35.713986
35333,-97.490895,35.714072
35334,-97.490773,35.714168
35331,-97.490718,35.714119
35338,-97.490500,35.714522
35340,-97.490788,35.714732
35339,-97.490614,35.714691
35337,-97.490440,35.714650
35328,-97.490366,35.714105
35327,-97.490314,35.714160
35326,-97.490261,35.714215
35325,-97.490209,35.714269
35336,-97.490328,35.714469
35324,-97.490156,35.714324
35323,-97.490100,35.714435
35335,-97.490260,35.714595
35356,-97.489164,35.713093
35390,-97.488988,35.713041
35388,-97.488879,35.712831
35391,-97.488187,35.714334
35392,-97.488145,35.714320
35393,-97.488103,35.714306
35322,-97.488125,35.714462
35321,-97.488083,35.714448
35320,-97.487424,35.715022
35394,-97.487256,35.715022
35319,-97.487638,35.716849
35395,-97.487470,35.716863
35362,-97.486489,35.713366
35363,-97.486366,35.713358
35364,-97.486233,35.713333
35365,-97.486099,35.713308
35387,-97.486195,35.713467
35386,-97.486061,35.713442
35366,-97.485945,35.713291
35385,-97.485945,35.713429
35384,-97.485830,35.713442
35380,-97.486402,35.714339
35381,-97.486369,35.714307
35379,-97.486337,35.714490
35377,-97.486272,35.714427
35378,-97.486304,35.714459
35376,-97.486207,35.714364
35367,-97.485790,35.713308
35383,-97.485745,35.713476
35368,-97.485635,35.713372
35369,-97.485531,35.713445
35382,-97.485641,35.713549
35375,-97.485507,35.713657
35370,-97.485150,35.713191
35374,-97.485054,35.713303
35413,-97.486409,35.717002
35412,-97.486413,35.717041
35414,-97.485895,35.716517
35415,-97.485868,35.716500
35416,-97.485841,35.716484
35411,-97.486245,35.717029
35410,-97.486239,35.717000
35418,-97.484809,35.715695
35417,-97.485667,35.716369
35405,-97.485537,35.716460
35404,-97.485495,35.716431
35409,-97.485809,35.716637
35406,-97.485701,35.716614
35407,-97.485693,35.716623
35408,-97.485685,35.716632
35371,-97.484355,35.712429
35373,-97.484686,35.712902
35372,-97.484289,35.712555
35420,-97.484573,35.715475
35421,-97.484436,35.715338
35419,-97.484770,35.715662
35403,-97.484591,35.715813
35423,-97.484457,35.715729
35422,-97.484250,35.715208
35402,-97.484378,35.716577
35401,-97.484371,35.716613
35400,-97.484364,35.716648
35424,-97.484212,35.716555
35425,-97.484205,35.716591
35426,-97.484198,35.716626
35542,-97.492384,35.717860
35541,-97.492326,35.717859
35540,-97.492268,35.717859
35539,-97.492210,35.717859
35446,-97.491263,35.718697
35445,-97.490736,35.717894
35444,-97.490674,35.717892
35443,-97.490612,35.717891
35442,-97.490317,35.717887
35441,-97.489020,35.717870
35538,-97.489961,35.720067
35535,-97.490438,35.721197
35537,-97.490295,35.720903
35536,-97.490368,35.721068
35524,-97.490247,35.721185
35523,-97.490203,35.721103
35447,-97.489545,35.719623
35522,-97.489801,35.720109
35448,-97.489407,35.719663
35449,-97.489245,35.719684
35533,-97.490955,35.722138
35532,-97.491464,35.722523
35531,-97.491464,35.722574
35530,-97.491444,35.722686
35534,-97.490806,35.722127
35525,-97.490621,35.722061
35526,-97.490640,35.722151
35527,-97.490647,35.722335
35528,-97.490593,35.722840
35529,-97.490585,35.722968
35317,-97.488823,35.717728
35440,-97.488707,35.717862
35318,-97.488522,35.717718
35439,-97.488489,35.717856
35438,-97.488270,35.717849
35396,-97.487446,35.717165
35521,-97.488263,35.719856
35520,-97.488086,35.719858
35450,-97.487873,35.719715
35519,-97.487904,35.719855
35451,-97.487709,35.719709
35518,-97.487727,35.719848
35452,-97.487545,35.719704
35517,-97.487551,35.719842
35453,-97.487382,35.719698
35454,-97.487218,35.719692
35437,-97.486512,35.717846
35436,-97.486467,35.717847
35435,-97.486422,35.717848
35455,-97.486160,35.719624
35456,-97.485997,35.719613
35457,-97.485834,35.719602
35516,-97.486048,35.719754
35515,-97.485872,35.719742
35458,-97.485670,35.719592
35514,-97.485543,35.719747
35459,-97.484997,35.719649
35461,-97.485131,35.719733
35460,-97.485095,35.719697
35513,-97.484949,35.720345
35512,-97.484945,35.720422
35511,-97.484954,35.720483
35510,-97.484971,35.720559
35468,-97.484805,35.720583
35509,-97.485090,35.721292
35508,-97.485094,35.721369
35397,-97.484559,35.717601
35398,-97.484504,35.717555
35399,-97.484450,35.717510
35430,-97.484330,35.717606
35434,-97.484600,35.717775
35433,-97.484521,35.717741
35432,-97.484439,35.717697
35431,-97.484384,35.717651
35427,-97.484188,35.717490
35429,-97.484284,35.717602
35428,-97.484153,35.717509
35464,-97.484358,35.720027
35463,-97.484336,35.719995
35462,-97.484314,35.719964
35465,-97.484781,35.720339
35466,-97.484777,35.720416
35467,-97.484793,35.720526
35492,-97.487184,35.722853
35491,-97.487178,35.722879
35490,-97.487172,35.722906
35493,-97.487018,35.722829
35494,-97.487009,35.722868
35495,-97.487006,35.722882
35489,-97.487104,35.723212
35496,-97.486943,35.723161
35497,-97.486938,35.723188
35498,-97.486932,35.723214
35499,-97.487501,35.724545
35500,-97.487464,35.724643
35483,-97.487484,35.724779
35501,-97.487287,35.724660
35482,-97.487307,35.724796
35507,-97.485097,35.721446
35506,-97.485100,35.721523
35471,-97.484929,35.721450
35469,-97.484922,35.721296
35470,-97.484926,35.721373
35503,-97.485394,35.723106
35505,-97.485131,35.722253
35504,-97.485137,35.722407
35472,-97.484966,35.722334
35473,-97.484969,35.722411
35474,-97.485264,35.723192
35502,-97.485938,35.724791
35481,-97.485938,35.724929
35475,-97.485470,35.724790
35480,-97.485760,35.724929
35479,-97.485468,35.724928
35476,-97.485171,35.724785
35477,-97.484872,35.724781
35478,-97.485169,35.724923
35551,-97.488042,35.725503
35552,-97.487018,35.725514
35547,-97.485547,35.725498
34290,-97.493908,35.723571
34289,-97.493715,35.723945
34284,-97.493604,35.723824
34285,-97.493567,35.723879
34286,-97.493503,35.723952
34287,-97.493364,35.724025
34288,-97.493304,35.724065
34163,-97.520525,35.716461
34162,-97.520527,35.716599
34161,-97.519888,35.716608
34160,-97.519862,35.716608
34166,-97.519417,35.713732
34165,-97.519391,35.713868
34155,-97.512744,35.725642
34154,-97.511753,35.725637
34153,-97.510267,35.725628
34063,-97.508367,35.725480
34064,-97.507443,35.725475
34152,-97.507170,35.725612
34151,-97.506551,35.725608
34150,-97.505609,35.725604
34149,-97.504504,35.725612
34148,-97.504504,35.725633
34146,-97.504336,35.725612
34147,-97.504336,35.725633
