2279,-97.505595,35.639193
2278,-97.505595,35.639226
2277,-97.505595,35.639259
2276,-97.505594,35.639292
2280,-97.505427,35.639198
2281,-97.505427,35.639233
2282,-97.505426,35.639268
2269,-97.506595,35.639319
2268,-97.506595,35.639332
2267,-97.506595,35.639345
2266,-97.506595,35.639358
2265,-97.506623,35.639509
2264,-97.506610,35.639509
2270,-97.506428,35.639304
2271,-97.506427,35.639317
2272,-97.506427,35.639330
2273,-97.506427,35.639343
2274,-97.506427,35.639356
2263,-97.506393,35.639509
2262,-97.506363,35.639509
2246,-97.506633,35.640102
2247,-97.506620,35.640102
2248,-97.506608,35.640102
2249,-97.506596,35.640102
2245,-97.506629,35.640240
2244,-97.506616,35.640240
2250,-97.506386,35.640730
2251,-97.506386,35.640753
2252,-97.506386,35.640776
2253,-97.506386,35.640799
2242,-97.506606,35.640843
2243,-97.506594,35.640843
2241,-97.506602,35.640981
2240,-97.506590,35.640981
2261,-97.505790,35.639509
2275,-97.505594,35.639325
2283,-97.505426,35.639303
2284,-97.505426,35.639338
2285,-97.505426,35.639522
2286,-97.505426,35.639553
2260,-97.505594,35.640106
2259,-97.505594,35.640140
2258,-97.505594,35.640173
2257,-97.505594,35.640206
2256,-97.505594,35.640240
2287,-97.505426,35.640116
2288,-97.505426,35.640147
2289,-97.505426,35.640178
2290,-97.505426,35.640210
2255,-97.505594,35.640422
2194,-97.505426,35.640422
2195,-97.505426,35.640629
2254,-97.505594,35.640837
2196,-97.505426,35.640837
2238,-97.506619,35.641601
2239,-97.506606,35.641601
2237,-97.506619,35.641739
2236,-97.506606,35.641739
2235,-97.506593,35.641739
2234,-97.506580,35.641739
2229,-97.506377,35.641488
2230,-97.506376,35.641512
2231,-97.506376,35.641536
2232,-97.506376,35.641560
2233,-97.506376,35.641585
2216,-97.506322,35.642361
2215,-97.506322,35.642499
2217,-97.506296,35.642361
2218,-97.506271,35.642361
2219,-97.506245,35.642361
2197,-97.505426,35.641574
2198,-97.505426,35.641604
2199,-97.505426,35.641635
2200,-97.505426,35.641666
2201,-97.505426,35.641697
2202,-97.505426,35.641728
2203,-97.505426,35.641759
2228,-97.505594,35.642072
2220,-97.505788,35.642361
2221,-97.505762,35.642361
2222,-97.505737,35.642361
2227,-97.505594,35.642127
2226,-97.505594,35.642182
2225,-97.505594,35.642237
2224,-97.505594,35.642292
2223,-97.505594,35.642347
2204,-97.505426,35.642316
2205,-97.505426,35.642347
2214,-97.506296,35.642499
2213,-97.506245,35.642499
2212,-97.505762,35.642499
2210,-97.505652,35.642845
2211,-97.505641,35.642830
2206,-97.505426,35.642549
2207,-97.505426,35.642624
2208,-97.505426,35.642700
2209,-97.505439,35.642788
2055,-97.504629,35.639568
2054,-97.504629,35.639593
2053,-97.504629,35.639619
2107,-97.504461,35.639568
2108,-97.504461,35.639593
2109,-97.504461,35.639619
2052,-97.504624,35.640172
2051,-97.504624,35.640197
2050,-97.504624,35.640222
2049,-97.504624,35.640248
2110,-97.504456,35.640172
2111,-97.504456,35.640197
2112,-97.504456,35.640222
2113,-97.504456,35.640248
2164,-97.503648,35.639573
2163,-97.503648,35.639598
2162,-97.503648,35.639623
2161,-97.503644,35.640172
2160,-97.503644,35.640197
2159,-97.503644,35.640222
2158,-97.503644,35.640247
2168,-97.503476,35.640172
2169,-97.503476,35.640197
2170,-97.503476,35.640222
2171,-97.503476,35.640247
2193,-97.503459,35.640399
2192,-97.503236,35.640399
2157,-97.503634,35.640950
2156,-97.503634,35.640975
2155,-97.503634,35.641000
2154,-97.503626,35.641050
2048,-97.504609,35.641375
2047,-97.504608,35.641430
2046,-97.504607,35.641485
2045,-97.504606,35.641540
2044,-97.504606,35.641595
2043,-97.504605,35.641650
2042,-97.504604,35.641705
2041,-97.504604,35.641760
2114,-97.504440,35.641428
2115,-97.504439,35.641483
2116,-97.504438,35.641538
2117,-97.504438,35.641593
2118,-97.504437,35.641648
2119,-97.504436,35.641703
2120,-97.503357,35.641808
2121,-97.503309,35.641808
2122,-97.503261,35.641808
2040,-97.503453,35.641946
2039,-97.503405,35.641946
2038,-97.503357,35.641946
2037,-97.503309,35.641946
2036,-97.503261,35.641946
1992,-97.503761,35.642601
1991,-97.503761,35.642739
1973,-97.503906,35.643391
1974,-97.503877,35.643391
1975,-97.503848,35.643391
1976,-97.503819,35.643391
1977,-97.503790,35.643391
1978,-97.503761,35.643391
1993,-97.503724,35.642601
1994,-97.503687,35.642601
1995,-97.503650,35.642601
1996,-97.503613,35.642601
1997,-97.503576,35.642601
1998,-97.503538,35.642601
1990,-97.503724,35.642739
1989,-97.503687,35.642739
1988,-97.503650,35.642739
1987,-97.503613,35.642739
1986,-97.503576,35.642739
1985,-97.503538,35.642739
1979,-97.503733,35.643391
2191,-97.503013,35.640399
1972,-97.503906,35.643529
1971,-97.503877,35.643529
1970,-97.503848,35.643529
1969,-97.503819,35.643529
1968,-97.503790,35.643529
1967,-97.503761,35.643529
2056,-97.503807,35.638858
2057,-97.503778,35.638858
2058,-97.503748,35.638859
2059,-97.503719,35.638859
2060,-97.503689,35.638859
2061,-97.502811,35.638861
2062,-97.502776,35.638861
2063,-97.502741,35.638861
2064,-97.502707,35.638861
2065,-97.502490,35.638859
2066,-97.502460,35.638858
2067,-97.501784,35.638852
2068,-97.501755,35.638852
2311,-97.501691,35.639004
2310,-97.501690,35.639021
2312,-97.501526,35.638824
2313,-97.501526,35.638837
2314,-97.501518,35.639115
2165,-97.503480,35.639573
2166,-97.503480,35.639598
2167,-97.503480,35.639623
2297,-97.502668,35.639573
2296,-97.502668,35.639598
2295,-97.502668,35.639623
2298,-97.502500,35.639573
2299,-97.502500,35.639598
2300,-97.502500,35.639623
2294,-97.502664,35.640172
2293,-97.502664,35.640197
2292,-97.502664,35.640222
2291,-97.502664,35.640247
2301,-97.502496,35.640172
2302,-97.502496,35.640197
2303,-97.502496,35.640222
2304,-97.502496,35.640247
2190,-97.502791,35.640399
2189,-97.502480,35.640399
2172,-97.502230,35.641030
2153,-97.502287,35.641169
2152,-97.502228,35.641168
2309,-97.501464,35.640017
2315,-97.501326,35.639938
2316,-97.501288,35.639972
2317,-97.501250,35.640006
2318,-97.501212,35.640040
2308,-97.501409,35.640066
2307,-97.501354,35.640116
2305,-97.501353,35.640228
2306,-97.501299,35.640166
2184,-97.501202,35.640301
2173,-97.502171,35.641030
2174,-97.502112,35.641029
2175,-97.502053,35.641029
2176,-97.501994,35.641028
2151,-97.502169,35.641168
2150,-97.502110,35.641167
2149,-97.502051,35.641167
2148,-97.501992,35.641166
2188,-97.501405,35.640390
2187,-97.501358,35.640376
2186,-97.501311,35.640363
2185,-97.501238,35.640329
2123,-97.502251,35.641805
2035,-97.502251,35.641943
1984,-97.502852,35.642837
1999,-97.502782,35.642707
2000,-97.502742,35.642733
1983,-97.502824,35.642857
1982,-97.502796,35.642877
2003,-97.502743,35.642954
2001,-97.502714,35.642753
2002,-97.502686,35.642773
2004,-97.502575,35.642818
1846,-97.502374,35.642875
1845,-97.502294,35.642842
1844,-97.502213,35.642809
1848,-97.502600,35.643026
1847,-97.502441,35.642908
2124,-97.502203,35.641805
2125,-97.502155,35.641805
2126,-97.502107,35.641805
2127,-97.502059,35.641805
2034,-97.502203,35.641943
2033,-97.502155,35.641943
2032,-97.502107,35.641943
2031,-97.502059,35.641943
1843,-97.502146,35.642794
1842,-97.502059,35.642778
2005,-97.501475,35.642631
2006,-97.501420,35.642631
2007,-97.501365,35.642631
2008,-97.501310,35.642631
2009,-97.501255,35.642631
2010,-97.501200,35.642631
1955,-97.503912,35.644181
1956,-97.503883,35.644181
1957,-97.503855,35.644181
1958,-97.503827,35.644181
1959,-97.503798,35.644181
1960,-97.503770,35.644181
1952,-97.503855,35.644319
1951,-97.503827,35.644319
1950,-97.503798,35.644319
1949,-97.503770,35.644319
1966,-97.503733,35.643529
1961,-97.503741,35.644181
1948,-97.503741,35.644319
1980,-97.503151,35.643429
1981,-97.503123,35.643431
1965,-97.503165,35.643565
1964,-97.503137,35.643567
1962,-97.503229,35.644181
1963,-97.503200,35.644181
1947,-97.503229,35.644319
1946,-97.503200,35.644319
1849,-97.502172,35.643541
1850,-97.502144,35.643541
1878,-97.502200,35.643679
1877,-97.502172,35.643679
1876,-97.502144,35.643679
1851,-97.501561,35.643541
1852,-97.501533,35.643541
1853,-97.501505,35.643541
1854,-97.501477,35.643541
1855,-97.501450,35.643541
1875,-97.501561,35.643679
1874,-97.501533,35.643679
2319,-97.501175,35.640074
2320,-97.501029,35.640204
2321,-97.501008,35.640223
2322,-97.500988,35.640242
2323,-97.500967,35.640261
2106,-97.500439,35.639728
2069,-97.500366,35.639587
2070,-97.500313,35.639636
2105,-97.500386,35.639777
2071,-97.500260,35.639685
2104,-97.500333,35.639826
2103,-97.500279,35.639875
2102,-97.500226,35.639925
2101,-97.500173,35.639974
2178,-97.500873,35.640952
2179,-97.500821,35.640929
2177,-97.500925,35.640975
2181,-97.500753,35.640876
2180,-97.500795,35.640911
2182,-97.500712,35.640841
2145,-97.500791,35.641072
2144,-97.500739,35.641049
2143,-97.500675,35.641007
2147,-97.500894,35.641119
2146,-97.500843,35.641095
2183,-97.500670,35.640807
2324,-97.500533,35.640662
2325,-97.500389,35.640791
2141,-97.500592,35.640937
2142,-97.500633,35.640972
2140,-97.500509,35.640887
2139,-97.500286,35.641074
2326,-97.500166,35.640978
2100,-97.500120,35.640023
2099,-97.500066,35.640072
2138,-97.500063,35.641261
2327,-97.499943,35.641165
2128,-97.501097,35.641802
2129,-97.501049,35.641802
2130,-97.501001,35.641802
2131,-97.500953,35.641802
2132,-97.500905,35.641802
2133,-97.500857,35.641802
2030,-97.501097,35.641940
2029,-97.501049,35.641940
2028,-97.501001,35.641940
2027,-97.500953,35.641940
2026,-97.500905,35.641940
2025,-97.500857,35.641940
1841,-97.500367,35.642769
1840,-97.500200,35.642772
2134,-97.499957,35.641570
2135,-97.499924,35.641541
2136,-97.499891,35.641513
2137,-97.499857,35.641485
2328,-97.499720,35.641352
2024,-97.499869,35.641694
2022,-97.499802,35.641637
2023,-97.499835,35.641666
2021,-97.499769,35.641609
2011,-97.500144,35.642639
2012,-97.500090,35.642646
2013,-97.500035,35.642653
2014,-97.499981,35.642660
1954,-97.503912,35.644319
1953,-97.503883,35.644319
1938,-97.503630,35.645041
1937,-97.503630,35.645179
1936,-97.503555,35.645179
1939,-97.503480,35.645041
1940,-97.503405,35.645041
1935,-97.503480,35.645179
1934,-97.503405,35.645179
1941,-97.503330,35.645041
1942,-97.503255,35.645041
1933,-97.503330,35.645179
1932,-97.503255,35.645179
1879,-97.502428,35.644351
1880,-97.502408,35.644351
1881,-97.502389,35.644351
1882,-97.502369,35.644351
1883,-97.502350,35.644351
1943,-97.503180,35.645041
1944,-97.503105,35.645041
1931,-97.503180,35.645179
1930,-97.503105,35.645179
1945,-97.503030,35.645041
1929,-97.503030,35.645179
1888,-97.502428,35.644489
1887,-97.502408,35.644489
1886,-97.502389,35.644489
1885,-97.502369,35.644489
1884,-97.502350,35.644489
1873,-97.501378,35.644276
1872,-97.501378,35.644306
1871,-97.501378,35.644335
1870,-97.501378,35.644364
1869,-97.501378,35.644394
1856,-97.501209,35.644217
1857,-97.501209,35.644247
1858,-97.501210,35.644276
1859,-97.501210,35.644306
1860,-97.501210,35.644335
1861,-97.501210,35.644364
1862,-97.501210,35.644394
1889,-97.502151,35.645145
1890,-97.502122,35.645145
1928,-97.502142,35.645283
1927,-97.502113,35.645283
1891,-97.501545,35.645141
1892,-97.501516,35.645141
1893,-97.501487,35.645141
1926,-97.501530,35.645279
1925,-97.501501,35.645279
1924,-97.501471,35.645279
1923,-97.501442,35.645279
1868,-97.501382,35.644981
1867,-97.501383,35.645010
1866,-97.501383,35.645039
1863,-97.501214,35.644981
1864,-97.501215,35.645010
1865,-97.501215,35.645039
1922,-97.501413,35.645279
1921,-97.501199,35.645279
5177,-97.501795,35.645906
5178,-97.501730,35.645900
5176,-97.501749,35.646038
5175,-97.501728,35.646038
5179,-97.501686,35.645900
5180,-97.501643,35.645900
5181,-97.501599,35.645900
5174,-97.501684,35.646038
5173,-97.501641,35.646038
5172,-97.501597,35.646038
2072,-97.500207,35.639734
2073,-97.500153,35.639783
2074,-97.500100,35.639833
2075,-97.500047,35.639882
2076,-97.499994,35.639931
2086,-97.499967,35.639955
2077,-97.499940,35.639980
2020,-97.499414,35.642058
2374,-97.499260,35.642229
2373,-97.499202,35.642209
2015,-97.499917,35.642673
2016,-97.499864,35.642686
2017,-97.499812,35.642699
2018,-97.499607,35.642556
2019,-97.499511,35.642438
2353,-97.499446,35.642613
2352,-97.499318,35.642411
1814,-97.499156,35.643282
2098,-97.498690,35.640669
2097,-97.498609,35.640669
2096,-97.498529,35.640669
2095,-97.498449,35.640669
2078,-97.498368,35.640531
2079,-97.498288,35.640531
2094,-97.498368,35.640669
2093,-97.498288,35.640669
2329,-97.498567,35.641304
2330,-97.498517,35.641304
2331,-97.498466,35.641304
2332,-97.498415,35.641305
2333,-97.497399,35.641308
2334,-97.497348,35.641309
2092,-97.497096,35.640936
2091,-97.497097,35.641001
2090,-97.497099,35.641067
2335,-97.497297,35.641309
2336,-97.497247,35.641309
2089,-97.497100,35.641132
2088,-97.497101,35.641198
2337,-97.497196,35.641309
2087,-97.497102,35.641264
2338,-97.497145,35.641309
2375,-97.499122,35.642071
2351,-97.498567,35.641442
2350,-97.498517,35.641442
2349,-97.498466,35.641442
2348,-97.498415,35.641443
2354,-97.499014,35.643203
1813,-97.499132,35.643302
2357,-97.498956,35.643193
2355,-97.498979,35.643213
2356,-97.498967,35.643203
2358,-97.498944,35.643184
2360,-97.498836,35.643289
2359,-97.498824,35.643280
2361,-97.498783,35.643383
2376,-97.498016,35.642078
2377,-97.497963,35.642078
2378,-97.497910,35.642079
2379,-97.497858,35.642079
2372,-97.498031,35.642216
2371,-97.497976,35.642216
2380,-97.497805,35.642079
2347,-97.497399,35.641446
2346,-97.497348,35.641447
2345,-97.497297,35.641447
2344,-97.497247,35.641447
2343,-97.497196,35.641447
2342,-97.497145,35.641447
2370,-97.497728,35.642836
2369,-97.497728,35.642862
2381,-97.497560,35.642810
2382,-97.497560,35.642836
2383,-97.497560,35.642862
2080,-97.496928,35.640938
2081,-97.496929,35.641003
2082,-97.496931,35.641069
2083,-97.496932,35.641134
2084,-97.496933,35.641200
2085,-97.496934,35.641266
2339,-97.496760,35.641317
2340,-97.496559,35.641321
2341,-97.496266,35.641321
2399,-97.496747,35.642277
2398,-97.496747,35.642318
2397,-97.496747,35.642360
2400,-97.496579,35.642277
2401,-97.496579,35.642318
2402,-97.496579,35.642360
2396,-97.496748,35.642401
2395,-97.496748,35.642442
2394,-97.496748,35.642484
2403,-97.496580,35.642401
2404,-97.496580,35.642442
2405,-97.496580,35.642484
2393,-97.496752,35.643351
2406,-97.496584,35.643351
1838,-97.500328,35.643445
1839,-97.500317,35.643414
1837,-97.500339,35.643476
1836,-97.500350,35.643507
1815,-97.500166,35.643485
1816,-97.500177,35.643516
1817,-97.500188,35.643547
1835,-97.500406,35.644164
1834,-97.500407,35.644196
1833,-97.500407,35.644229
1832,-97.500407,35.644261
1831,-97.500407,35.644293
1830,-97.500408,35.644325
1818,-97.500238,35.644164
1819,-97.500239,35.644196
1820,-97.500239,35.644229
1821,-97.500239,35.644261
1822,-97.500239,35.644293
1823,-97.500240,35.644325
1920,-97.500530,35.645279
1919,-97.500496,35.645279
1918,-97.500463,35.645279
1917,-97.500430,35.645279
1829,-97.500413,35.644999
1828,-97.500413,35.645031
1827,-97.500413,35.645063
1824,-97.500245,35.644999
1825,-97.500245,35.645031
1826,-97.500245,35.645063
1916,-97.500213,35.645276
1915,-97.500183,35.645276
1812,-97.499428,35.644109
1811,-97.499429,35.644152
1810,-97.499430,35.644196
1809,-97.499431,35.644239
1808,-97.499432,35.644283
1807,-97.499433,35.644327
1779,-97.499261,35.644173
1780,-97.499262,35.644217
1781,-97.499263,35.644262
1806,-97.499434,35.644504
1805,-97.499434,35.645040
1804,-97.499434,35.645065
1803,-97.499434,35.645091
1914,-97.499595,35.645271
5182,-97.500730,35.645894
5183,-97.500686,35.645894
5171,-97.500728,35.646032
5170,-97.500684,35.646032
5184,-97.500643,35.645894
5185,-97.500600,35.645894
5186,-97.500556,35.645893
5187,-97.500513,35.645893
5169,-97.500641,35.646032
5168,-97.500598,35.646032
5167,-97.500554,35.646031
5166,-97.500511,35.646031
1802,-97.499426,35.645478
5188,-97.499643,35.645888
5189,-97.499600,35.645888
5190,-97.499556,35.645888
5191,-97.499513,35.645887
5192,-97.499470,35.645887
5193,-97.499426,35.645887
5165,-97.499641,35.646026
5164,-97.499598,35.646026
5163,-97.499554,35.646026
5162,-97.499511,35.646025
5161,-97.499468,35.646025
5160,-97.499424,35.646025
5149,-97.500121,35.646681
5150,-97.500075,35.646681
5151,-97.500029,35.646681
5152,-97.499983,35.646681
5153,-97.499936,35.646681
5154,-97.499890,35.646681
1778,-97.498935,35.643455
1782,-97.498573,35.644335
1783,-97.498543,35.644335
1784,-97.498513,35.644335
1801,-97.498571,35.644473
1800,-97.498541,35.644473
1799,-97.498511,35.644473
1894,-97.498573,35.645125
1895,-97.498543,35.645125
1896,-97.498513,35.645125
1913,-97.498571,35.645263
1912,-97.498541,35.645263
1911,-97.498511,35.645263
2362,-97.497877,35.643528
1777,-97.497960,35.643665
1776,-97.497907,35.643666
2368,-97.497733,35.643412
2367,-97.497733,35.643438
2366,-97.497733,35.643464
2365,-97.497733,35.643490
2364,-97.497734,35.643517
2363,-97.497825,35.643529
1775,-97.497855,35.643666
1774,-97.497803,35.643667
1773,-97.497751,35.643668
1785,-97.497941,35.644332
1786,-97.497911,35.644331
1787,-97.497881,35.644331
1788,-97.497851,35.644331
1789,-97.497821,35.644331
1790,-97.497791,35.644331
1791,-97.497761,35.644331
2384,-97.497565,35.643412
2385,-97.497565,35.643438
2386,-97.497565,35.643464
2387,-97.497565,35.643490
2388,-97.497566,35.643517
1772,-97.497531,35.643669
1771,-97.497497,35.643669
1798,-97.497939,35.644470
1797,-97.497909,35.644469
1796,-97.497879,35.644469
1795,-97.497849,35.644469
1794,-97.497819,35.644469
1793,-97.497789,35.644469
1792,-97.497759,35.644469
1897,-97.497941,35.645122
1898,-97.497911,35.645121
1899,-97.497881,35.645121
1910,-97.497939,35.645260
1909,-97.497909,35.645259
1908,-97.497879,35.645259
1900,-97.497851,35.645121
1901,-97.497821,35.645121
1902,-97.497791,35.645121
1903,-97.497761,35.645121
1907,-97.497849,35.645259
1906,-97.497819,35.645259
1905,-97.497789,35.645259
1904,-97.497759,35.645259
5194,-97.498383,35.645881
5195,-97.498340,35.645881
2392,-97.496752,35.643393
2391,-97.496752,35.643434
2390,-97.496752,35.643475
2389,-97.496753,35.643517
2407,-97.496584,35.643393
2408,-97.496584,35.643434
2409,-97.496584,35.643475
2410,-97.496585,35.643517
1770,-97.496770,35.643669
1769,-97.496757,35.644284
1768,-97.496757,35.644313
1767,-97.496758,35.644343
1766,-97.496758,35.644372
1765,-97.496758,35.644402
1749,-97.496589,35.644255
1750,-97.496589,35.644284
1751,-97.496589,35.644313
1752,-97.496590,35.644343
1753,-97.496590,35.644372
1754,-97.496590,35.644402
1764,-97.496762,35.644990
1763,-97.496762,35.645019
1762,-97.496762,35.645048
1761,-97.496762,35.645078
1760,-97.496762,35.645107
1759,-97.496763,35.645137
1755,-97.496594,35.644990
1756,-97.496594,35.645019
1757,-97.496594,35.645078
1758,-97.496595,35.645137
16908,-97.497475,35.638515
1128,-97.487451,35.642308
1129,-97.487438,35.642308
1124,-97.487320,35.643254
1125,-97.487289,35.643253
1126,-97.487258,35.643252
1127,-97.487227,35.643252
1123,-97.487769,35.643600
1122,-97.487769,35.643622
1121,-97.487769,35.643644
1120,-97.487768,35.643666
1119,-97.487765,35.643880
1118,-97.487765,35.643902
1111,-97.487601,35.643620
1112,-97.487600,35.643664
1113,-97.487597,35.643878
1114,-97.487597,35.643900
1117,-97.487765,35.643946
1115,-97.487597,35.643922
1116,-97.487597,35.643944
1105,-97.487398,35.644792
1104,-97.487396,35.644930
1106,-97.487358,35.644792
1107,-97.487317,35.644792
1108,-97.487264,35.644791
1109,-97.487237,35.644791
1110,-97.487211,35.644791
1103,-97.487356,35.644930
1102,-97.487315,35.644930
1101,-97.487262,35.644929
1100,-97.487235,35.644929
1099,-97.487209,35.644929
925,-97.488405,35.645678
1087,-97.488364,35.645539
1088,-97.488321,35.645539
1089,-97.488279,35.645539
924,-97.488362,35.645677
923,-97.488319,35.645677
922,-97.488277,35.645677
1090,-97.488236,35.645538
1091,-97.488193,35.645538
921,-97.488191,35.645676
1092,-97.487378,35.645532
1093,-97.487335,35.645532
1094,-97.487292,35.645532
1095,-97.487249,35.645531
920,-97.487333,35.645670
919,-97.487290,35.645670
918,-97.487247,35.645669
1096,-97.487206,35.645531
1097,-97.487163,35.645531
1098,-97.487121,35.645531
917,-97.487204,35.645669
916,-97.487161,35.645669
738,-97.486092,35.643454
778,-97.486094,35.643592
739,-97.486033,35.643455
740,-97.485973,35.643456
777,-97.486035,35.643593
776,-97.485975,35.643594
741,-97.485914,35.643457
742,-97.485855,35.643457
775,-97.485916,35.643595
774,-97.485857,35.643595
764,-97.486065,35.644244
765,-97.486004,35.644245
766,-97.485943,35.644245
767,-97.485882,35.644246
763,-97.485945,35.644383
762,-97.485884,35.644384
799,-97.486167,35.645177
798,-97.486097,35.645176
779,-97.485959,35.645037
797,-97.486027,35.645175
796,-97.485957,35.645175
780,-97.485890,35.645036
795,-97.485888,35.645174
743,-97.485796,35.643458
744,-97.485737,35.643459
773,-97.485798,35.643596
745,-97.485678,35.643460
746,-97.485591,35.643471
772,-97.485680,35.643598
747,-97.485536,35.643489
768,-97.485821,35.644247
769,-97.485760,35.644248
770,-97.485699,35.644249
761,-97.485823,35.644385
760,-97.485762,35.644386
759,-97.485701,35.644387
771,-97.485638,35.644249
758,-97.485640,35.644387
757,-97.485579,35.644388
748,-97.485364,35.644087
749,-97.485362,35.644108
750,-97.485360,35.644129
751,-97.485358,35.644149
753,-97.485525,35.644172
755,-97.485522,35.644203
756,-97.485503,35.644382
752,-97.485356,35.644170
754,-97.485354,35.644191
781,-97.485820,35.645035
782,-97.485750,35.645034
794,-97.485818,35.645173
793,-97.485748,35.645172
783,-97.485680,35.645034
784,-97.485610,35.645033
792,-97.485678,35.645172
791,-97.485608,35.645171
785,-97.485540,35.645032
786,-97.485470,35.645031
790,-97.485538,35.645170
789,-97.485468,35.645169
787,-97.485401,35.645031
788,-97.485399,35.645169
915,-97.487263,35.646551
800,-97.486074,35.645849
801,-97.486007,35.645848
802,-97.485939,35.645848
803,-97.485871,35.645847
824,-97.486005,35.645986
823,-97.485937,35.645986
822,-97.485869,35.645985
2562,-97.485862,35.646652
804,-97.485804,35.645846
805,-97.485736,35.645845
806,-97.485669,35.645845
807,-97.485601,35.645844
808,-97.485533,35.645843
809,-97.485466,35.645842
810,-97.485398,35.645841
811,-97.485331,35.645841
821,-97.485802,35.645984
820,-97.485734,35.645983
819,-97.485667,35.645983
818,-97.485599,35.645982
817,-97.485531,35.645981
816,-97.485464,35.645980
815,-97.485396,35.645979
814,-97.485329,35.645979
812,-97.485248,35.645849
813,-97.485278,35.645985
2563,-97.485793,35.646653
2564,-97.485725,35.646654
2565,-97.485657,35.646654
2566,-97.485589,35.646655
2561,-97.485795,35.646791
2560,-97.485727,35.646792
2559,-97.485659,35.646792
2558,-97.485591,35.646793
2567,-97.485521,35.646656
2568,-97.485453,35.646656
2569,-97.485385,35.646657
2570,-97.485317,35.646658
2557,-97.485523,35.646794
2556,-97.485455,35.646794
2555,-97.485387,35.646795
2554,-97.485319,35.646796
2543,-97.485742,35.647414
2544,-97.485667,35.647413
2545,-97.485591,35.647413
2546,-97.485515,35.647413
2547,-97.485439,35.647412
2548,-97.485363,35.647412
2553,-97.485251,35.646797
2549,-97.485287,35.647412
2550,-97.485211,35.647411
2551,-97.485135,35.647411
2552,-97.485060,35.647411
2571,-97.484905,35.647263
2572,-97.484901,35.647289
2573,-97.484898,35.647314
2574,-97.484894,35.647340
2542,-97.485667,35.647551
2541,-97.485591,35.647551
2540,-97.485515,35.647551
2539,-97.485439,35.647550
2538,-97.485363,35.647550
2537,-97.485287,35.647550
2575,-97.484890,35.647365
2576,-97.484887,35.647391
2595,-97.486025,35.648973
2596,-97.485972,35.648972
2597,-97.485918,35.648972
2598,-97.485864,35.648972
2594,-97.485969,35.649110
2593,-97.485921,35.649110
2592,-97.485873,35.649110
2591,-97.485825,35.649109
2612,-97.485608,35.648190
2611,-97.485610,35.648328
2613,-97.485530,35.648191
2614,-97.485451,35.648192
2615,-97.485372,35.648193
2610,-97.485532,35.648329
2609,-97.485453,35.648330
2608,-97.485374,35.648331
2536,-97.485211,35.647549
2535,-97.485135,35.647549
2534,-97.485060,35.647549
2616,-97.485293,35.648194
2617,-97.485215,35.648195
2618,-97.485136,35.648196
2619,-97.485057,35.648197
2607,-97.485295,35.648332
2606,-97.485217,35.648333
2605,-97.485138,35.648334
2620,-97.484979,35.648199
2599,-97.485811,35.648971
2600,-97.485757,35.648971
2601,-97.485534,35.648968
2590,-97.485777,35.649109
2589,-97.485729,35.649109
2588,-97.485327,35.649092
2587,-97.485319,35.649090
2602,-97.485193,35.648873
2604,-97.485170,35.648825
2603,-97.485182,35.648849
2586,-97.485098,35.648987
2585,-97.485074,35.648969
2582,-97.485001,35.648849
2584,-97.485035,35.648921
2583,-97.485024,35.648897
2577,-97.484792,35.648077
2578,-97.484788,35.648102
2579,-97.484786,35.648141
2580,-97.484788,35.648167
2581,-97.484791,35.648193
737,-97.487094,35.649132
2634,-97.485973,35.649753
2635,-97.485925,35.649753
2636,-97.485876,35.649752
2637,-97.485828,35.649752
2633,-97.486044,35.649892
2632,-97.485996,35.649891
2631,-97.485971,35.649891
2630,-97.485923,35.649891
2629,-97.485874,35.649890
2628,-97.485826,35.649890
2658,-97.485998,35.650751
2659,-97.485946,35.650751
2660,-97.485895,35.650751
2661,-97.485844,35.650751
2657,-97.486024,35.650889
2656,-97.485972,35.650889
2655,-97.485895,35.650889
2654,-97.485844,35.650889
2638,-97.485779,35.649751
2639,-97.485731,35.649751
2627,-97.485777,35.649889
2626,-97.485729,35.649889
2662,-97.485792,35.650751
2650,-97.485674,35.650722
2649,-97.485674,35.650737
2653,-97.485792,35.650889
2652,-97.485741,35.650889
2621,-97.484652,35.649742
2622,-97.484609,35.649742
2623,-97.484566,35.649741
2624,-97.484481,35.649741
2648,-97.484557,35.650410
2640,-97.484541,35.650270
2641,-97.484485,35.650264
2642,-97.484457,35.650260
2643,-97.484429,35.650257
2647,-97.484531,35.650407
2646,-97.484302,35.650381
2625,-97.484149,35.650226
2644,-97.484149,35.650226
2645,-97.484277,35.650379
2651,-97.485678,35.651328
2668,-97.485977,35.651802
2670,-97.485977,35.651802
2669,-97.485952,35.651802
2671,-97.485927,35.651801
2672,-97.485902,35.651801
2673,-97.485852,35.651801
2667,-97.486025,35.651940
2666,-97.485975,35.651940
2665,-97.485925,35.651939
2664,-97.485850,35.651939
2674,-97.485795,35.651801
2663,-97.485805,35.651939
734,-97.485682,35.651963
735,-97.486947,35.651777
736,-97.486947,35.651796
733,-97.485676,35.652231
732,-97.485671,35.652500
731,-97.485666,35.652768
2529,-97.484306,35.652307
848,-97.490425,35.648671
849,-97.490368,35.648671
850,-97.490311,35.648671
851,-97.490254,35.648671
852,-97.490197,35.648671
847,-97.490425,35.648809
846,-97.490368,35.648809
845,-97.490311,35.648809
844,-97.490254,35.648809
843,-97.490197,35.648809
853,-97.490139,35.648671
854,-97.490082,35.648671
855,-97.490025,35.648671
856,-97.489968,35.648671
842,-97.490139,35.648809
841,-97.490082,35.648809
840,-97.490025,35.648809
839,-97.489968,35.648809
857,-97.488939,35.648671
838,-97.488939,35.648809
872,-97.488891,35.647751
871,-97.488834,35.647750
870,-97.488776,35.647750
869,-97.488719,35.647749
868,-97.488662,35.647749
867,-97.488605,35.647749
858,-97.488882,35.648671
859,-97.488825,35.648671
860,-97.488767,35.648671
861,-97.488710,35.648671
862,-97.488653,35.648671
837,-97.488882,35.648809
836,-97.488825,35.648809
835,-97.488767,35.648809
834,-97.488710,35.648809
833,-97.488653,35.648809
863,-97.488596,35.648671
864,-97.488539,35.648671
832,-97.488596,35.648809
831,-97.488539,35.648809
865,-97.487395,35.648671
830,-97.487395,35.648809
829,-97.487338,35.648809
828,-97.487281,35.648809
827,-97.487224,35.648809
826,-97.487167,35.648809
825,-97.487110,35.648809
730,-97.488706,35.651689
729,-97.488706,35.651730
728,-97.488706,35.651772
727,-97.488706,35.651814
726,-97.491514,35.652720
708,-97.490327,35.653009
1038,-97.493433,35.646312
1037,-97.493432,35.646354
1036,-97.493432,35.646397
1035,-97.493431,35.646439
1058,-97.493263,35.646439
1034,-97.493431,35.646482
1033,-97.493431,35.646525
1032,-97.493430,35.646567
1031,-97.493430,35.646610
1059,-97.493263,35.646482
1060,-97.493263,35.646525
1061,-97.493262,35.646567
1062,-97.493239,35.647371
1063,-97.493033,35.647371
957,-97.494991,35.647514
956,-97.494940,35.647514
955,-97.494862,35.647514
954,-97.494785,35.647513
953,-97.494733,35.647513
958,-97.494861,35.648107
959,-97.494802,35.648107
994,-97.494861,35.648245
993,-97.494802,35.648245
992,-97.494714,35.648245
960,-97.494626,35.648107
961,-97.494567,35.648107
991,-97.494626,35.648245
990,-97.494538,35.648245
995,-97.494847,35.648837
996,-97.494788,35.648836
1030,-97.494876,35.648975
1029,-97.494788,35.648974
997,-97.494701,35.648836
1028,-97.494701,35.648974
998,-97.494554,35.648835
1027,-97.494642,35.648974
1026,-97.494554,35.648973
1025,-97.494496,35.648973
952,-97.493827,35.647510
951,-97.493750,35.647510
950,-97.493698,35.647509
949,-97.493621,35.647509
948,-97.493543,35.647509
962,-97.493539,35.648105
989,-97.493539,35.648243
947,-97.493491,35.647509
946,-97.493239,35.647509
963,-97.493450,35.648104
964,-97.493392,35.648104
988,-97.493450,35.648242
987,-97.493392,35.648242
965,-97.493303,35.648104
986,-97.493303,35.648242
966,-97.493215,35.648104
967,-97.493157,35.648104
985,-97.493215,35.648242
984,-97.493157,35.648242
968,-97.493068,35.648104
983,-97.493068,35.648242
1057,-97.492504,35.646632
1056,-97.492504,35.646712
1055,-97.492504,35.646793
1064,-97.492828,35.647371
1054,-97.492504,35.647116
1053,-97.492504,35.647196
1052,-97.492504,35.647277
1051,-97.492504,35.647358
1039,-97.492336,35.646470
1040,-97.492336,35.646551
1041,-97.492336,35.646632
1042,-97.492336,35.646712
1043,-97.492336,35.646793
1044,-97.492336,35.646874
1045,-97.492336,35.646954
1046,-97.492336,35.647035
1047,-97.492336,35.647116
1048,-97.492336,35.647196
1049,-97.492336,35.647277
1050,-97.492336,35.647358
1065,-97.492319,35.647371
1075,-97.491565,35.646433
1074,-97.491565,35.646467
1073,-97.491564,35.646500
1072,-97.491564,35.646533
1071,-97.491564,35.646567
1066,-97.491949,35.647371
1070,-97.491564,35.647203
1069,-97.491564,35.647229
1068,-97.491564,35.647254
1067,-97.491580,35.647371
938,-97.490593,35.645693
1076,-97.490466,35.645554
937,-97.490550,35.645693
936,-97.490507,35.645692
935,-97.490464,35.645692
1077,-97.490423,35.645554
1078,-97.490380,35.645553
1079,-97.490337,35.645553
934,-97.490421,35.645692
933,-97.490378,35.645691
932,-97.490335,35.645691
898,-97.490436,35.646573
899,-97.490379,35.646573
900,-97.490322,35.646572
897,-97.490406,35.646711
896,-97.490348,35.646710
901,-97.490265,35.646572
902,-97.490208,35.646572
895,-97.490291,35.646710
894,-97.490234,35.646710
903,-97.490150,35.646571
904,-97.490093,35.646571
893,-97.490148,35.646709
892,-97.490091,35.646709
905,-97.490036,35.646570
906,-97.489979,35.646570
891,-97.490034,35.646708
890,-97.489977,35.646708
1080,-97.489522,35.645547
1081,-97.489480,35.645547
1082,-97.489437,35.645547
931,-97.489478,35.645685
930,-97.489435,35.645685
1083,-97.489394,35.645547
1084,-97.489351,35.645546
1085,-97.489308,35.645546
929,-97.489392,35.645685
928,-97.489349,35.645684
927,-97.489306,35.645684
1086,-97.489265,35.645546
926,-97.489263,35.645684
907,-97.488950,35.646563
945,-97.492639,35.647509
944,-97.492605,35.647509
943,-97.492554,35.647509
942,-97.492319,35.647509
941,-97.492134,35.647509
969,-97.492040,35.648101
970,-97.491981,35.648101
982,-97.492040,35.648239
981,-97.491981,35.648239
940,-97.491857,35.647509
939,-97.491580,35.647509
971,-97.491893,35.648101
980,-97.491893,35.648239
972,-97.491805,35.648101
973,-97.491746,35.648101
979,-97.491805,35.648239
978,-97.491746,35.648239
974,-97.491658,35.648101
977,-97.491658,35.648239
975,-97.491570,35.648101
976,-97.491570,35.648239
999,-97.491369,35.648671
1000,-97.491369,35.648671
1001,-97.491369,35.648671
1002,-97.491369,35.648671
1003,-97.491369,35.648671
1004,-97.491369,35.648671
1005,-97.491369,35.648671
1006,-97.491369,35.648671
1007,-97.491369,35.648671
1008,-97.491369,35.648671
1009,-97.491369,35.648671
1010,-97.491369,35.648671
1011,-97.491369,35.648671
1012,-97.491369,35.648809
1013,-97.491369,35.648809
1014,-97.491369,35.648809
1015,-97.491369,35.648809
1016,-97.491369,35.648809
1017,-97.491369,35.648809
1018,-97.491369,35.648809
1019,-97.491369,35.648809
1020,-97.491369,35.648809
1021,-97.491369,35.648809
1022,-97.491369,35.648809
1023,-97.491369,35.648809
1024,-97.491369,35.648809
881,-97.490322,35.647622
882,-97.490265,35.647622
883,-97.490208,35.647622
880,-97.490263,35.647760
879,-97.490206,35.647760
884,-97.490150,35.647621
885,-97.490093,35.647621
886,-97.489979,35.647620
878,-97.490148,35.647759
877,-97.490091,35.647759
876,-97.490034,35.647758
875,-97.489977,35.647758
874,-97.489005,35.647751
873,-97.488948,35.647751
908,-97.488893,35.646563
909,-97.488836,35.646562
910,-97.488778,35.646562
911,-97.488721,35.646561
912,-97.488664,35.646561
913,-97.488607,35.646561
914,-97.488550,35.646560
866,-97.488548,35.647748
887,-97.487263,35.647601
888,-97.487178,35.647601
889,-97.487121,35.647601
1748,-97.496132,35.646496
5129,-97.500075,35.646819
5128,-97.500029,35.646819
5127,-97.499983,35.646819
5126,-97.499936,35.646819
5125,-97.499890,35.646819
5124,-97.499569,35.646894
5123,-97.499567,35.646954
5058,-97.499401,35.646890
5059,-97.499399,35.646950
5122,-97.499565,35.647015
5121,-97.499563,35.647056
5060,-97.499397,35.647011
5061,-97.499399,35.647090
5062,-97.499417,35.647149
5155,-97.498735,35.646722
5156,-97.498676,35.646745
5157,-97.498636,35.646763
5057,-97.498718,35.646883
5056,-97.498678,35.646901
5055,-97.498639,35.646920
5158,-97.498596,35.646781
5159,-97.498557,35.646800
5201,-97.498383,35.646874
5200,-97.498357,35.646844
5199,-97.498331,35.646815
5198,-97.498305,35.646786
5197,-97.498280,35.646757
5196,-97.498254,35.646728
5120,-97.501060,35.647635
5119,-97.501032,35.647609
5118,-97.501005,35.647584
5113,-97.501064,35.647802
5112,-97.500888,35.647900
5111,-97.500712,35.647998
5110,-97.500569,35.648106
5069,-97.500504,35.648253
5068,-97.500483,35.648239
5067,-97.500463,35.648225
5066,-97.500247,35.648385
5065,-97.500240,35.648392
5063,-97.500129,35.648287
5064,-97.500122,35.648294
5038,-97.499441,35.648994
5039,-97.499414,35.648981
5041,-97.499360,35.648954
5042,-97.499333,35.648940
5040,-97.499387,35.648967
5043,-97.499152,35.648848
5036,-97.499299,35.649085
5035,-97.499272,35.649072
5037,-97.499326,35.649099
5051,-97.498285,35.647819
5052,-97.498270,35.647818
5053,-97.498256,35.647818
5050,-97.498287,35.647956
5049,-97.498273,35.647955
5048,-97.498258,35.647954
5047,-97.498244,35.647954
5054,-97.498235,35.647776
5044,-97.498854,35.648736
5045,-97.498543,35.648724
5046,-97.498248,35.648729
5202,-97.498069,35.647683
5203,-97.498068,35.647729
5204,-97.498067,35.647774
5205,-97.498066,35.647962
5206,-97.498066,35.648150
5207,-97.498066,35.648339
5208,-97.498066,35.648528
5209,-97.498066,35.648717
5025,-97.498998,35.649656
5026,-97.498999,35.649688
5027,-97.499000,35.649721
5024,-97.498229,35.649647
5023,-97.498229,35.649675
5022,-97.498229,35.649703
5210,-97.498061,35.649647
5211,-97.498061,35.649675
5104,-97.501403,35.648413
5105,-97.501358,35.648436
5106,-97.501313,35.648460
5107,-97.501269,35.648483
5108,-97.501224,35.648506
5109,-97.501204,35.648508
5075,-97.501493,35.648529
5074,-97.501448,35.648552
5073,-97.501403,35.648576
5072,-97.501359,35.648599
5071,-97.501314,35.648622
5070,-97.501234,35.648644
5001,-97.501505,35.649978
5002,-97.501474,35.649980
5003,-97.501422,35.649978
5004,-97.501371,35.649976
5005,-97.501319,35.649974
4982,-97.501602,35.650102
4981,-97.501553,35.650109
4980,-97.501485,35.650118
4979,-97.501435,35.650117
4978,-97.501385,35.650115
4973,-97.501740,35.650704
5262,-97.501725,35.650843
4974,-97.501654,35.650709
4975,-97.501569,35.650712
4976,-97.501482,35.650716
5261,-97.501643,35.650848
5260,-97.501560,35.650851
5259,-97.501478,35.650854
4977,-97.501396,35.650719
5258,-97.501396,35.650857
5257,-97.501297,35.650851
5256,-97.501216,35.650841
5006,-97.501126,35.649945
5007,-97.500992,35.649902
5251,-97.500999,35.650600
5252,-97.501004,35.650623
5253,-97.501009,35.650646
5254,-97.501014,35.650669
5255,-97.501023,35.650700
5278,-97.501159,35.651481
5279,-97.501097,35.651481
5280,-97.501035,35.651481
5281,-97.500973,35.651481
5282,-97.500911,35.651481
5283,-97.500849,35.651481
5284,-97.500787,35.651481
5250,-97.500080,35.650493
5249,-97.500045,35.650550
5008,-97.500001,35.650314
5009,-97.499969,35.650366
5010,-97.499937,35.650419
5011,-97.499905,35.650471
5012,-97.499873,35.650512
5034,-97.499168,35.649717
5033,-97.499169,35.649750
5032,-97.499170,35.649783
5031,-97.499172,35.649816
5248,-97.499992,35.650611
5247,-97.499947,35.650664
5286,-97.499989,35.650745
5287,-97.499949,35.650707
5285,-97.500147,35.650917
5292,-97.499970,35.650943
5291,-97.499942,35.650912
5293,-97.500001,35.650987
5294,-97.500015,35.651020
5013,-97.499831,35.650560
5288,-97.499821,35.650797
5014,-97.499687,35.650687
5290,-97.499902,35.650874
5289,-97.499861,35.650835
5015,-97.499399,35.650822
5244,-97.499212,35.651183
5246,-97.499168,35.651105
5245,-97.499190,35.651144
5028,-97.499001,35.649754
5029,-97.499002,35.649787
5030,-97.499004,35.649820
5021,-97.498249,35.650286
5019,-97.498275,35.650338
5018,-97.498288,35.650364
5020,-97.498262,35.650312
5215,-97.498132,35.650416
5016,-97.499097,35.650960
5017,-97.498754,35.650719
5227,-97.499060,35.651241
5216,-97.498618,35.650805
5226,-97.498400,35.651379
5224,-97.498387,35.651393
5225,-97.498379,35.651399
5223,-97.498380,35.651419
5222,-97.498373,35.651445
5217,-97.498274,35.651289
5218,-97.498253,35.651309
5219,-97.498223,35.651363
5220,-97.498216,35.651389
5221,-97.498209,35.651415
5212,-97.498075,35.650292
5214,-97.498106,35.650364
5213,-97.498093,35.650338
5299,-97.501035,35.651619
5298,-97.500973,35.651619
5297,-97.500911,35.651619
5296,-97.500849,35.651619
5295,-97.500787,35.651619
5241,-97.499437,35.652293
5242,-97.499415,35.652293
5240,-97.499435,35.652431
5239,-97.499413,35.652431
5243,-97.499284,35.652106
5228,-97.499116,35.652063
5229,-97.499116,35.652106
5230,-97.498522,35.652291
5231,-97.498494,35.652291
5232,-97.498466,35.652291
5233,-97.498438,35.652291
5234,-97.498410,35.652291
5238,-97.498508,35.652429
5237,-97.498466,35.652429
5236,-97.498438,35.652429
5235,-97.498410,35.652429
4471,-97.506742,35.647234
4470,-97.506589,35.647409
4529,-97.506545,35.647224
4530,-97.506407,35.647382
4487,-97.506132,35.646817
4488,-97.506106,35.646818
4489,-97.505579,35.646836
4490,-97.505553,35.646837
4528,-97.505587,35.646974
4527,-97.505561,35.646975
4491,-97.505526,35.646838
4526,-97.505534,35.646976
4469,-97.506455,35.647572
4468,-97.506377,35.647765
4467,-97.506364,35.647968
4559,-97.506359,35.648991
4558,-97.506359,35.649037
4557,-97.506358,35.649083
4556,-97.506358,35.649130
4555,-97.506358,35.649176
4554,-97.506358,35.649223
4553,-97.506358,35.649269
4531,-97.506279,35.647565
4532,-97.506207,35.647762
4533,-97.505894,35.647984
4534,-97.505880,35.647984
4535,-97.505865,35.647985
4525,-97.505444,35.647899
4524,-97.505444,35.647937
4536,-97.506191,35.648991
4537,-97.506191,35.649037
4538,-97.506190,35.649083
4539,-97.506190,35.649130
4540,-97.506190,35.649176
4541,-97.506190,35.649223
4542,-97.506190,35.649269
4523,-97.505444,35.648982
4522,-97.505444,35.649027
4521,-97.505444,35.649072
4520,-97.505444,35.649118
4519,-97.505444,35.649163
4518,-97.505444,35.649209
4517,-97.505444,35.649254
4516,-97.505444,35.650072
4515,-97.505444,35.650117
4514,-97.505444,35.650162
4513,-97.505444,35.650208
5089,-97.504096,35.645911
5090,-97.504085,35.645910
5091,-97.504075,35.645908
5092,-97.504065,35.645907
5088,-97.504053,35.646044
5087,-97.504043,35.646042
5093,-97.503380,35.646783
5086,-97.503482,35.646893
5085,-97.503436,35.646921
5084,-97.503389,35.646950
5094,-97.503334,35.646811
5095,-97.503287,35.646840
5096,-97.503241,35.646868
5083,-97.503343,35.646978
5082,-97.503297,35.647007
5081,-97.503251,35.647036
5141,-97.502791,35.646351
5140,-97.502758,35.646377
5139,-97.502726,35.646402
5142,-97.502675,35.646251
5143,-97.502610,35.646302
5138,-97.502693,35.646428
5137,-97.502661,35.646454
5144,-97.502545,35.646354
5097,-97.503195,35.646897
5098,-97.503149,35.646926
5136,-97.501570,35.646813
5135,-97.501518,35.646813
5134,-97.501466,35.646814
5145,-97.501412,35.646676
5146,-97.501360,35.646677
5147,-97.501307,35.646677
5148,-97.501255,35.646678
5133,-97.501414,35.646814
5132,-97.501362,35.646815
5131,-97.501309,35.646815
5130,-97.501257,35.646816
4492,-97.505276,35.647785
4493,-97.505276,35.647823
4494,-97.505276,35.647861
4495,-97.505276,35.647899
4496,-97.505276,35.647937
4497,-97.505276,35.647976
4956,-97.504284,35.648228
4955,-97.504440,35.648280
4954,-97.504409,35.648329
4953,-97.504382,35.648360
4952,-97.504354,35.648392
4951,-97.504327,35.648424
4498,-97.505276,35.648982
4499,-97.505276,35.649027
4500,-97.505276,35.649072
4501,-97.505276,35.649118
4502,-97.505276,35.649209
4503,-97.505276,35.649254
4950,-97.504348,35.648994
4949,-97.504328,35.649018
4948,-97.504308,35.649041
4947,-97.504287,35.649064
4946,-97.504431,35.649288
4945,-97.504329,35.649397
4944,-97.504267,35.649353
4957,-97.504246,35.648280
4958,-97.504218,35.648312
4959,-97.504191,35.648344
4960,-97.504129,35.649008
4961,-97.504109,35.649031
4943,-97.504206,35.649310
4962,-97.503981,35.649171
4963,-97.503957,35.649195
4964,-97.503934,35.649219
4991,-97.503243,35.648935
4504,-97.505276,35.650072
4505,-97.505276,35.650117
4506,-97.505276,35.650162
4507,-97.505276,35.650208
4508,-97.505276,35.650253
4509,-97.505276,35.650299
4936,-97.504231,35.650272
4937,-97.504189,35.650270
4938,-97.504147,35.650268
4939,-97.504105,35.650266
4965,-97.503511,35.649655
4966,-97.503487,35.649679
5269,-97.503451,35.649932
5268,-97.503397,35.649983
4967,-97.503350,35.649817
4968,-97.503293,35.649870
5267,-97.503344,35.650034
4969,-97.503237,35.649924
5266,-97.503290,35.650085
5265,-97.503237,35.650136
4942,-97.503932,35.650604
4941,-97.503925,35.650613
4940,-97.503918,35.650622
5270,-97.503747,35.650586
5271,-97.503741,35.650595
5099,-97.502284,35.647724
5080,-97.502451,35.647772
5079,-97.502389,35.647841
5078,-97.502357,35.647876
5100,-97.502253,35.647759
5101,-97.502221,35.647794
5077,-97.502326,35.647911
5076,-97.502295,35.647946
4992,-97.503085,35.648876
4990,-97.502718,35.649474
4989,-97.502687,35.649506
4993,-97.502541,35.649434
4994,-97.502509,35.649467
4995,-97.502477,35.649499
5102,-97.502190,35.647829
5103,-97.502159,35.647864
5114,-97.501349,35.647605
5115,-97.501349,35.647605
5117,-97.501186,35.647543
4970,-97.503181,35.649977
4971,-97.503125,35.650031
5264,-97.503184,35.650187
5263,-97.503130,35.650238
4972,-97.503069,35.650084
4988,-97.502625,35.649569
4987,-97.502594,35.649601
4986,-97.502563,35.649633
4985,-97.502532,35.649664
4984,-97.502501,35.649696
4996,-97.502413,35.649565
4997,-97.502381,35.649598
4998,-97.502349,35.649631
4983,-97.502463,35.649733
4999,-97.502320,35.649655
5000,-97.502284,35.649684
5116,-97.501181,35.647605
4567,-97.507083,35.650319
4568,-97.507077,35.650368
4569,-97.507068,35.650411
4570,-97.507057,35.650459
4571,-97.507046,35.650508
4851,-97.506724,35.650520
4552,-97.506354,35.650198
4551,-97.506350,35.650254
4550,-97.506342,35.650300
4852,-97.506529,35.650489
4549,-97.506333,35.650346
4548,-97.506325,35.650392
4853,-97.506335,35.650458
4864,-97.506692,35.650654
4863,-97.506497,35.650623
4872,-97.506746,35.651320
4873,-97.506716,35.651315
4874,-97.506685,35.651310
4875,-97.506654,35.651305
4877,-97.506593,35.651295
4876,-97.506623,35.651300
4714,-97.506620,35.651439
4713,-97.506589,35.651434
4543,-97.506186,35.650198
4544,-97.506184,35.650234
4545,-97.506176,35.650280
4546,-97.506167,35.650326
4547,-97.506159,35.650372
4854,-97.505545,35.650441
4512,-97.505444,35.650253
4855,-97.505518,35.650441
4856,-97.505491,35.650441
4862,-97.506303,35.650592
4861,-97.505572,35.650579
4860,-97.505545,35.650579
4859,-97.505518,35.650579
4858,-97.505491,35.650579
4857,-97.505445,35.650576
4898,-97.505511,35.651151
4899,-97.505452,35.651151
4900,-97.505394,35.651151
4901,-97.505335,35.651151
4911,-97.505394,35.651289
4910,-97.505335,35.651289
4510,-97.505276,35.650344
4511,-97.505276,35.650390
4902,-97.505276,35.651151
4903,-97.505218,35.651151
4904,-97.505154,35.651152
4909,-97.505276,35.651289
4908,-97.505218,35.651289
4907,-97.505164,35.651290
4905,-97.505095,35.651155
4906,-97.505105,35.651293
4935,-97.504552,35.651534
4918,-97.504384,35.651583
5272,-97.503225,35.650964
5273,-97.503205,35.650978
5274,-97.503041,35.651066
5275,-97.502844,35.651149
5276,-97.502649,35.651220
5277,-97.502443,35.651287
4878,-97.506370,35.651851
4879,-97.506370,35.651869
4880,-97.506371,35.651887
4881,-97.506371,35.651905
4888,-97.505398,35.651851
4889,-97.505338,35.651851
4897,-97.505398,35.651989
4896,-97.505338,35.651989
4890,-97.505219,35.651851
4895,-97.505279,35.651989
4894,-97.505219,35.651989
4893,-97.505153,35.651986
4891,-97.505106,35.651845
4892,-97.505094,35.651983
4934,-97.504552,35.651585
4933,-97.504551,35.651636
4932,-97.504550,35.651687
4931,-97.504550,35.651737
4930,-97.504549,35.651788
4919,-97.504383,35.651634
4920,-97.504382,35.651685
4921,-97.504382,35.651735
4922,-97.504381,35.651786
4923,-97.503835,35.652274
4929,-97.503889,35.652414
4928,-97.503827,35.652412
4927,-97.503765,35.652410
4915,-97.503681,35.651657
4914,-97.503688,35.651682
4917,-97.503650,35.651590
4916,-97.503674,35.651633
5317,-97.503519,35.651696
5318,-97.503526,35.651721
4924,-97.503648,35.652268
4913,-97.503548,35.652238
4912,-97.503538,35.652262
4926,-97.503702,35.652408
4925,-97.503640,35.652406
5319,-97.503383,35.652206
5320,-97.503373,35.652231
5321,-97.503280,35.652489
5322,-97.503259,35.652685
5323,-97.503250,35.652875
5316,-97.502509,35.652265
5315,-97.502458,35.652337
5300,-97.502223,35.652301
5314,-97.502408,35.652377
5313,-97.502311,35.652429
5312,-97.502231,35.652439
5301,-97.502153,35.652303
5302,-97.502084,35.652306
5303,-97.502014,35.652308
5304,-97.501975,35.652314
5311,-97.502161,35.652441
5310,-97.502092,35.652444
5305,-97.501908,35.652297
5306,-97.501842,35.652280
5309,-97.501923,35.652444
5308,-97.501856,35.652427
5307,-97.501790,35.652410
4412,-97.510161,35.647076
4669,-97.510435,35.648899
4645,-97.510469,35.649039
4644,-97.510423,35.649059
4681,-97.510034,35.648319
4680,-97.510044,35.648341
4679,-97.510064,35.648385
4678,-97.510075,35.648418
4444,-97.509896,35.648411
4445,-97.509906,35.648433
4446,-97.509911,35.648446
4442,-97.509876,35.648367
4443,-97.509886,35.648389
4670,-97.510389,35.648919
4671,-97.510343,35.648939
4672,-97.510276,35.648955
4675,-97.510234,35.648893
4676,-97.510220,35.648872
4677,-97.510207,35.648851
4674,-97.510248,35.648913
4673,-97.510262,35.648934
4450,-97.510086,35.648959
4451,-97.510114,35.649000
4452,-97.510128,35.649021
4448,-97.510059,35.648917
4449,-97.510072,35.648938
4447,-97.510045,35.648897
4455,-97.509409,35.649329
4456,-97.509398,35.649310
4457,-97.509387,35.649292
4453,-97.509432,35.649366
4454,-97.509420,35.649347
4627,-97.509660,35.649694
4626,-97.509806,35.649897
4619,-97.509516,35.649764
4618,-97.509379,35.649575
4602,-97.509513,35.649948
4601,-97.509509,35.649951
4600,-97.509505,35.649953
4603,-97.509417,35.649837
4604,-97.509413,35.649839
4599,-97.509423,35.649997
4598,-97.509419,35.649999
4597,-97.509415,35.650001
4596,-97.509411,35.650003
4595,-97.509407,35.650005
4413,-97.509325,35.646883
4414,-97.509290,35.646880
4415,-97.509255,35.646877
4416,-97.509220,35.646873
4417,-97.509168,35.646872
4418,-97.509132,35.646875
4419,-97.509097,35.646877
4441,-97.509270,35.647016
4440,-97.509235,35.647013
4439,-97.509200,35.647009
4438,-97.509182,35.647008
4437,-97.509146,35.647011
4436,-97.509111,35.647013
4434,-97.508646,35.647475
4435,-97.508640,35.647465
4420,-97.508478,35.647076
4421,-97.508448,35.647091
4422,-97.508261,35.647176
4423,-97.508221,35.647192
4424,-97.508182,35.647208
4425,-97.508143,35.647224
4431,-97.508219,35.647346
4426,-97.508104,35.647241
4430,-97.508180,35.647363
4427,-97.508065,35.647257
4479,-97.507290,35.646580
4478,-97.507277,35.646597
4477,-97.507263,35.646613
4476,-97.507249,35.646630
4475,-97.507236,35.646646
4474,-97.507222,35.646663
4473,-97.507208,35.646679
4480,-97.507147,35.646508
4481,-97.507133,35.646524
4482,-97.507120,35.646541
4483,-97.507106,35.646558
4484,-97.507092,35.646574
4485,-97.507078,35.646591
4486,-97.507065,35.646608
4472,-97.506936,35.647009
4433,-97.508500,35.647545
4432,-97.508494,35.647535
4462,-97.509332,35.649200
4463,-97.509328,35.649193
4460,-97.509354,35.649237
4459,-97.509365,35.649255
4458,-97.509376,35.649273
4461,-97.509343,35.649218
4613,-97.509121,35.649098
4614,-97.509126,35.649114
4616,-97.509137,35.649146
4615,-97.509132,35.649130
4617,-97.509275,35.649418
4612,-97.509116,35.649082
4428,-97.507376,35.647948
4429,-97.507365,35.647983
4464,-97.507586,35.648053
4465,-97.507564,35.648047
4466,-97.507542,35.648041
4611,-97.508184,35.649359
4610,-97.508184,35.649380
4609,-97.508184,35.649401
4584,-97.508016,35.649296
4585,-97.508016,35.649317
4586,-97.508016,35.649338
4587,-97.508016,35.649359
4588,-97.508016,35.649380
4589,-97.508016,35.649401
4605,-97.509327,35.649885
4606,-97.509323,35.649887
4608,-97.508184,35.649801
4607,-97.508184,35.649822
4590,-97.508016,35.649801
4591,-97.508016,35.649822
4592,-97.508016,35.649843
4593,-97.508016,35.649864
4594,-97.508016,35.649890
4583,-97.507273,35.649098
4582,-97.507273,35.649150
4581,-97.507273,35.649199
4580,-97.507272,35.649248
4560,-97.507105,35.649051
4561,-97.507105,35.649100
4562,-97.507105,35.649148
4563,-97.507105,35.649197
4564,-97.507104,35.649246
4579,-97.507272,35.649297
4578,-97.507272,35.649346
4565,-97.507104,35.649295
4566,-97.507104,35.649344
4577,-97.507257,35.650285
4576,-97.507251,35.650333
4575,-97.507245,35.650382
4574,-97.507234,35.650437
4695,-97.512567,35.647436
4694,-97.512568,35.647469
4348,-97.511530,35.646015
4347,-97.511515,35.646014
4346,-97.511500,35.646014
4345,-97.511485,35.646014
4344,-97.511470,35.646014
4343,-97.511456,35.646013
4682,-97.512399,35.647438
4683,-97.512400,35.647471
4364,-97.511829,35.646686
4363,-97.511828,35.646719
4362,-97.511827,35.646752
4361,-97.511826,35.646786
4360,-97.511827,35.646823
4359,-97.511828,35.646856
4358,-97.511829,35.646890
4357,-97.511831,35.646923
4356,-97.511832,35.646956
4355,-97.511834,35.646990
4342,-97.511124,35.646011
4341,-97.511109,35.646011
4380,-97.511055,35.646513
4378,-97.511055,35.646535
4376,-97.511054,35.646558
4374,-97.511054,35.646580
4372,-97.511053,35.646603
4370,-97.511053,35.646626
4354,-97.511052,35.646648
4353,-97.511052,35.646671
4352,-97.511052,35.646693
4351,-97.511051,35.646716
4350,-97.511045,35.647078
4349,-97.511045,35.647286
4391,-97.511046,35.647376
4392,-97.511047,35.647467
4379,-97.510883,35.646739
4377,-97.510882,35.646777
4375,-97.510881,35.646814
4373,-97.510881,35.646851
4371,-97.510880,35.646889
4369,-97.510879,35.646926
4368,-97.510879,35.646963
4367,-97.510878,35.647001
4366,-97.510877,35.647038
4365,-97.510877,35.647076
4693,-97.512568,35.647503
4692,-97.512569,35.647536
4691,-97.512570,35.647569
4690,-97.512572,35.647856
4689,-97.512571,35.647889
4684,-97.512400,35.647505
4685,-97.512401,35.647538
4686,-97.512402,35.647571
4687,-97.512404,35.647852
4688,-97.512403,35.647885
4381,-97.511836,35.647647
4382,-97.511836,35.647679
4383,-97.511836,35.647711
4384,-97.511836,35.647743
4385,-97.511836,35.647775
4386,-97.511836,35.647807
4387,-97.511836,35.647839
4388,-97.511836,35.647871
4389,-97.511836,35.647903
4390,-97.511836,35.647935
4398,-97.511555,35.648109
4399,-97.511543,35.648109
4400,-97.511531,35.648109
4401,-97.511520,35.648109
4402,-97.511508,35.648109
4403,-97.511496,35.648109
4661,-97.511959,35.648791
4662,-97.511907,35.648791
4663,-97.511855,35.648792
4652,-97.511909,35.648929
4651,-97.511857,35.648930
4664,-97.511803,35.648792
4665,-97.511751,35.648792
4666,-97.511699,35.648793
4650,-97.511805,35.648930
4649,-97.511753,35.648930
4648,-97.511701,35.648931
4667,-97.511647,35.648793
4668,-97.511595,35.648794
4647,-97.511649,35.648931
4646,-97.511597,35.648932
4393,-97.511049,35.647557
4394,-97.511051,35.647738
4395,-97.511052,35.647828
4396,-97.511053,35.647919
4397,-97.511092,35.647968
4404,-97.511235,35.648109
4405,-97.511223,35.648109
4406,-97.511211,35.648109
4407,-97.511200,35.648109
4409,-97.510925,35.648006
4408,-97.510944,35.648034
4340,-97.510884,35.647792
4339,-97.510884,35.647823
4338,-97.510885,35.647854
4337,-97.510885,35.647886
4411,-97.510885,35.647917
4410,-97.510906,35.647978
4655,-97.513009,35.649184
4654,-97.512979,35.649210
4656,-97.512957,35.649036
4657,-97.512917,35.649064
4658,-97.512887,35.649090
4659,-97.512857,35.649116
4653,-97.512949,35.649237
4660,-97.512827,35.649143
4817,-97.513336,35.650116
4816,-97.513338,35.650166
4815,-97.513339,35.650216
4814,-97.513340,35.650266
4813,-97.513342,35.650315
4812,-97.513343,35.650365
4811,-97.513336,35.650429
4810,-97.513326,35.650479
4818,-97.513167,35.650070
4819,-97.513168,35.650120
4820,-97.513170,35.650170
4821,-97.513172,35.650270
4822,-97.513174,35.650319
4823,-97.513175,35.650369
4809,-97.512689,35.650634
4808,-97.512669,35.650634
4807,-97.512649,35.650634
4806,-97.512630,35.650634
4830,-97.512224,35.650292
4829,-97.512223,35.650324
4828,-97.512221,35.650355
4827,-97.512220,35.650386
4826,-97.512219,35.650417
4825,-97.512218,35.650448
4824,-97.512217,35.650480
4831,-97.512057,35.650257
4832,-97.512056,35.650288
4833,-97.512055,35.650320
4834,-97.512053,35.650351
4835,-97.512052,35.650382
4836,-97.512030,35.650490
4837,-97.511991,35.650489
4805,-97.512258,35.650630
4804,-97.512238,35.650630
4803,-97.512028,35.650628
4802,-97.511991,35.650627
4801,-97.511955,35.650627
4800,-97.511918,35.650626
4799,-97.511882,35.650626
4642,-97.510990,35.650034
4643,-97.510970,35.649976
4639,-97.511047,35.650213
4638,-97.511064,35.650283
4641,-97.511010,35.650092
4640,-97.511030,35.650150
4637,-97.511069,35.650343
4636,-97.511073,35.650403
4635,-97.511078,35.650464
4628,-97.510828,35.650072
4629,-97.510868,35.650188
4630,-97.510883,35.650243
4631,-97.510896,35.650291
4632,-97.510901,35.650351
4633,-97.510905,35.650411
4634,-97.510910,35.650472
4798,-97.511153,35.650619
4797,-97.511117,35.650619
4796,-97.510904,35.650623
4795,-97.510667,35.650635
4794,-97.510447,35.650666
4625,-97.509893,35.650019
4623,-97.510042,35.650291
4624,-97.509981,35.650142
4622,-97.510095,35.650426
4620,-97.509747,35.650089
4621,-97.510149,35.650561
4793,-97.510216,35.650709
4792,-97.509389,35.650859
4838,-97.509322,35.650728
4839,-97.509287,35.650733
4840,-97.509253,35.650737
4841,-97.509218,35.650741
4842,-97.509194,35.650741
4843,-97.509159,35.650742
4791,-97.509355,35.650863
4790,-97.509321,35.650868
4789,-97.509286,35.650872
4788,-97.509252,35.650876
4787,-97.509206,35.650879
4786,-97.509172,35.650880
4778,-97.508928,35.651551
4777,-97.508920,35.651551
4776,-97.508911,35.651551
4779,-97.508902,35.651551
4780,-97.508894,35.651551
4844,-97.508388,35.650758
4845,-97.508353,35.650759
4785,-97.508408,35.650896
4784,-97.508374,35.650896
4781,-97.508691,35.651549
4782,-97.508496,35.651545
4846,-97.508318,35.650760
4847,-97.508112,35.650747
4868,-97.508108,35.650886
4783,-97.508302,35.651542
4848,-97.507345,35.650631
4747,-97.510208,35.651964
4746,-97.510208,35.651979
4745,-97.510208,35.651995
4748,-97.510040,35.651962
4749,-97.510040,35.651978
4750,-97.510040,35.651995
4751,-97.510041,35.652011
4752,-97.510041,35.652028
4744,-97.510211,35.652209
4743,-97.510211,35.652224
4742,-97.510212,35.652239
4741,-97.510212,35.652254
4740,-97.510212,35.652270
4739,-97.510212,35.652285
4738,-97.510212,35.652300
4737,-97.510213,35.652316
4735,-97.510214,35.652539
4753,-97.510044,35.652260
4754,-97.510044,35.652276
4755,-97.510044,35.652293
4734,-97.510214,35.652655
4732,-97.510214,35.652771
4736,-97.510046,35.652684
4733,-97.510046,35.652771
4775,-97.508945,35.651689
4774,-97.508937,35.651689
4773,-97.508928,35.651689
4772,-97.508920,35.651689
4771,-97.508911,35.651689
4770,-97.508902,35.651689
4762,-97.508973,35.652339
4761,-97.508970,35.652339
4760,-97.508967,35.652339
4759,-97.508964,35.652339
4758,-97.508955,35.652339
4757,-97.508952,35.652339
4756,-97.508946,35.652339
4718,-97.508981,35.652477
4719,-97.508978,35.652477
4720,-97.508975,35.652477
4721,-97.508972,35.652477
4722,-97.508969,35.652477
4723,-97.508966,35.652477
4724,-97.508963,35.652477
4725,-97.508960,35.652477
4726,-97.508957,35.652477
4727,-97.508954,35.652477
4728,-97.508951,35.652477
4729,-97.508948,35.652477
4730,-97.508945,35.652477
4763,-97.508729,35.652196
4764,-97.508728,35.652208
4765,-97.508728,35.652221
4766,-97.508728,35.652233
4767,-97.508728,35.652245
4768,-97.508727,35.652270
4769,-97.508727,35.652282
4869,-97.507423,35.651430
4871,-97.507361,35.651420
4870,-97.507392,35.651425
4717,-97.507389,35.651564
4716,-97.507358,35.651559
4573,-97.507223,35.650485
4572,-97.507212,35.650534
4849,-97.507302,35.650622
4850,-97.507260,35.650613
4867,-97.507306,35.650763
4866,-97.507262,35.650754
4865,-97.507176,35.650736
4715,-97.507327,35.651554
4703,-97.507062,35.652315
4704,-97.507043,35.652315
4705,-97.507025,35.652315
4702,-97.507060,35.652453
4701,-97.507041,35.652453
4700,-97.507023,35.652453
4712,-97.506538,35.651863
4711,-97.506539,35.651880
4706,-97.506598,35.652311
4707,-97.506579,35.652311
4699,-97.506614,35.652449
4698,-97.506596,35.652449
4697,-97.506577,35.652449
4710,-97.506543,35.652261
4709,-97.506543,35.652278
4708,-97.506544,35.652296
4882,-97.506375,35.652252
4883,-97.506375,35.652270
4884,-97.506375,35.652288
4696,-97.506559,35.652449
4885,-97.506374,35.652461
4886,-97.506371,35.652602
4887,-97.506369,35.652744
4731,-97.510214,35.652887
4281,-97.499777,35.656667
4314,-97.499911,35.656883
4280,-97.499867,35.657031
4279,-97.499857,35.657083
4278,-97.499850,35.657118
4277,-97.499844,35.657153
4276,-97.499834,35.657205
4282,-97.499697,35.657028
4283,-97.499691,35.657063
4284,-97.499684,35.657098
4285,-97.499678,35.657133
4286,-97.499668,35.657185
4275,-97.499828,35.657240
4315,-97.498724,35.656871
4316,-97.498673,35.656871
4317,-97.498622,35.656871
4318,-97.498570,35.656871
4319,-97.498519,35.656871
4320,-97.498468,35.656871
4313,-97.498596,35.657009
4312,-97.498570,35.657009
4311,-97.498545,35.657009
4310,-97.498519,35.657009
4309,-97.498493,35.657009
4308,-97.498468,35.657009
4307,-97.498442,35.657009
4321,-97.497532,35.657162
4322,-97.497487,35.657182
4323,-97.497442,35.657202
4306,-97.497590,35.657294
4305,-97.497567,35.657304
4304,-97.497522,35.657324
4303,-97.497477,35.657343
4324,-97.497397,35.657221
4325,-97.497374,35.657231
4326,-97.497352,35.657241
4302,-97.497432,35.657363
4301,-97.497386,35.657383
4300,-97.497364,35.657393
4327,-97.497329,35.657251
4328,-97.497306,35.657261
4329,-97.497261,35.657281
4330,-97.497239,35.657291
4299,-97.497341,35.657403
4298,-97.497319,35.657413
4331,-97.497282,35.657466
4261,-97.497115,35.657493
4287,-97.498660,35.657872
4288,-97.498641,35.657872
4274,-97.498737,35.658012
4273,-97.498700,35.658011
4272,-97.498662,35.658011
4289,-97.498622,35.657872
4290,-97.498584,35.657871
4271,-97.498624,35.658010
4270,-97.498587,35.658009
4291,-97.497975,35.657886
4292,-97.497937,35.657887
4293,-97.497918,35.657887
4294,-97.497899,35.657888
4269,-97.497935,35.658025
4268,-97.497898,35.658026
4267,-97.497860,35.658027
4295,-97.497823,35.657890
4296,-97.497797,35.657891
4297,-97.497759,35.657889
4266,-97.497823,35.658028
4265,-97.497774,35.658027
4264,-97.497737,35.658024
4263,-97.497699,35.658021
4262,-97.497662,35.658018
710,-97.495924,35.655661
725,-97.496095,35.656024
724,-97.496096,35.656168
4332,-97.497061,35.657190
4333,-97.496796,35.657024
4259,-97.496780,35.657187
4260,-97.497059,35.657382
4334,-97.496462,35.656925
4258,-97.496474,35.657069
4335,-97.496123,35.656903
4257,-97.496117,35.657041
711,-97.495924,35.655699
721,-97.496117,35.657908
720,-97.496117,35.657943
719,-97.496118,35.657977
718,-97.496118,35.657994
722,-97.496118,35.658028
717,-97.496119,35.658063
723,-97.496119,35.658097
716,-97.496120,35.658131
715,-97.496120,35.658166
714,-97.496121,35.658200
713,-97.496121,35.658234
712,-97.496122,35.658269
709,-97.495916,35.654597
2827,-97.495133,35.653816
2826,-97.495082,35.653815
2828,-97.494956,35.653676
2825,-97.495031,35.653815
2824,-97.494980,35.653814
2823,-97.494954,35.653814
2822,-97.494827,35.653812
2844,-97.494625,35.654530
2845,-97.494457,35.654511
2838,-97.494974,35.654661
2837,-97.494974,35.654799
2836,-97.494948,35.654799
2839,-97.494896,35.654661
2840,-97.494845,35.654661
2841,-97.494794,35.654661
2835,-97.494871,35.654799
2842,-97.494717,35.654661
2834,-97.494768,35.654799
2843,-97.494640,35.654661
2833,-97.494624,35.655579
2846,-97.493309,35.654668
2847,-97.493281,35.654668
2848,-97.493254,35.654668
2849,-97.493226,35.654669
2850,-97.493199,35.654669
2851,-97.493171,35.654669
2852,-97.493144,35.654669
2853,-97.493116,35.654669
2829,-97.494796,35.655722
2830,-97.494744,35.655721
2831,-97.494692,35.655721
2832,-97.494624,35.655688
2726,-97.494468,35.657009
2727,-97.494468,35.657071
2858,-97.493558,35.655859
2857,-97.493227,35.655859
2856,-97.493117,35.655859
2855,-97.493090,35.655859
2715,-97.493074,35.655953
2716,-97.493074,35.655985
2720,-97.493340,35.656685
2719,-97.493285,35.656684
2718,-97.493229,35.656683
2717,-97.493201,35.656683
2725,-97.493588,35.656826
2721,-97.493172,35.656821
2722,-97.493144,35.656820
2723,-97.493116,35.656820
2724,-97.493089,35.656820
2411,-97.493374,35.657667
2412,-97.493318,35.657666
2413,-97.493262,35.657666
2414,-97.493206,35.657666
2875,-97.491950,35.653811
2874,-97.491732,35.653814
2876,-97.491593,35.653678
2873,-97.491622,35.653815
2877,-97.491539,35.653679
2872,-97.491541,35.653817
2779,-97.491880,35.654641
2780,-97.491853,35.654640
2781,-97.491826,35.654640
2782,-97.491771,35.654638
2783,-97.491744,35.654638
2784,-97.491607,35.654634
2787,-97.491532,35.654583
2785,-97.491580,35.654633
2786,-97.491553,35.654633
2778,-97.491874,35.654779
2854,-97.491874,35.654779
2777,-97.491820,35.654778
2776,-97.491738,35.654776
2775,-97.491574,35.654771
2878,-97.490528,35.653667
2879,-97.490433,35.653665
2871,-97.490503,35.653804
2788,-97.490451,35.654631
2880,-97.490409,35.653665
2881,-97.490385,35.653665
2870,-97.490336,35.653802
2882,-97.490242,35.653663
2869,-97.490216,35.653800
2868,-97.490169,35.653800
2789,-97.490426,35.654631
2790,-97.490402,35.654631
2791,-97.490305,35.654631
2792,-97.490232,35.654631
2820,-97.490144,35.654585
2793,-97.490160,35.654631
2821,-97.489976,35.654533
2774,-97.490475,35.654769
2773,-97.490378,35.654769
2772,-97.490257,35.654769
2771,-97.490160,35.654769
2770,-97.490150,35.655464
2735,-97.491769,35.655712
2736,-97.491742,35.655712
2737,-97.491714,35.655712
2738,-97.491660,35.655711
2739,-97.491551,35.655711
2734,-97.491549,35.655849
2729,-97.491538,35.655941
2714,-97.491885,35.656681
2713,-97.491861,35.656681
2712,-97.491836,35.656681
2711,-97.491812,35.656681
2710,-97.491787,35.656681
2709,-97.491738,35.656681
2728,-97.491690,35.656681
2740,-97.490483,35.655703
2741,-97.490435,35.655703
2733,-97.490433,35.655841
2742,-97.490339,35.655702
2732,-97.490337,35.655840
2743,-97.490291,35.655701
2731,-97.490289,35.655839
2744,-97.490171,35.655701
2730,-97.490169,35.655839
2883,-97.490171,35.653662
2884,-97.489059,35.653667
2885,-97.489004,35.653667
2867,-97.488951,35.653805
2794,-97.488947,35.654631
2819,-97.489002,35.654769
2818,-97.488947,35.654769
2817,-97.488920,35.654769
2683,-97.489986,35.655953
2677,-97.490415,35.656678
2678,-97.490391,35.656678
2679,-97.490366,35.656678
2680,-97.490341,35.656678
2681,-97.490267,35.656679
2682,-97.490193,35.656679
2675,-97.489986,35.656855
2676,-97.489986,35.657026
2745,-97.489032,35.655701
2746,-97.488977,35.655701
2769,-97.489005,35.655839
2768,-97.488977,35.655839
2767,-97.488950,35.655839
2708,-97.489031,35.656811
2707,-97.489004,35.656811
2706,-97.488921,35.656811
2866,-97.488896,35.653806
2886,-97.488756,35.653669
2887,-97.488729,35.653669
2888,-97.488674,35.653669
2865,-97.488731,35.653807
2889,-97.488619,35.653670
2795,-97.488893,35.654631
2796,-97.488838,35.654631
2797,-97.488783,35.654631
2798,-97.488729,35.654631
2800,-97.488604,35.654584
2799,-97.488620,35.654631
2815,-97.488811,35.654769
2816,-97.488811,35.654769
2814,-97.488701,35.654769
2813,-97.488620,35.654769
2752,-97.488604,35.655557
2864,-97.487460,35.653809
2863,-97.487405,35.653809
2862,-97.487378,35.653809
2801,-97.487483,35.654623
2802,-97.487456,35.654623
2803,-97.487373,35.654623
2890,-97.487296,35.653671
2861,-97.487296,35.653809
2804,-97.487318,35.654622
2805,-97.487263,35.654622
2806,-97.487181,35.654621
2812,-97.487426,35.654761
2811,-97.487399,35.654761
2810,-97.487344,35.654760
2809,-97.487316,35.654760
2808,-97.487206,35.654759
2807,-97.487179,35.654759
2747,-97.488867,35.655701
2748,-97.488812,35.655701
2766,-97.488895,35.655839
2749,-97.488757,35.655701
2750,-97.488730,35.655701
2765,-97.488730,35.655839
2764,-97.488675,35.655839
2751,-97.488620,35.655701
2763,-97.488620,35.655839
2684,-97.488758,35.656671
2685,-97.488676,35.656671
2686,-97.488648,35.656671
2705,-97.488866,35.656810
2704,-97.488811,35.656810
2703,-97.488729,35.656809
2702,-97.488674,35.656809
2701,-97.488619,35.656809
2700,-97.488604,35.656857
2699,-97.488436,35.656910
2753,-97.487394,35.655692
2762,-97.487447,35.655831
2761,-97.487419,35.655831
2760,-97.487392,35.655830
2687,-97.487506,35.656663
2759,-97.487309,35.655830
2754,-97.487172,35.655691
2755,-97.487116,35.655691
2758,-97.487170,35.655829
2756,-97.487079,35.655693
2757,-97.487095,35.655829
2860,-97.487214,35.653809
2894,-97.485781,35.653627
2893,-97.485703,35.653619
2891,-97.485673,35.653477
2892,-97.485621,35.653472
2895,-97.485820,35.654544
2896,-97.485649,35.654531
2897,-97.485462,35.654655
2899,-97.485775,35.654678
2898,-97.485519,35.654659
2906,-97.485705,35.655613
2907,-97.485642,35.655608
2908,-97.485642,35.655608
2909,-97.485611,35.655605
2910,-97.485485,35.655594
2911,-97.485360,35.655582
2688,-97.487454,35.656663
2689,-97.487402,35.656662
2690,-97.487349,35.656662
2691,-97.487297,35.656662
2859,-97.487086,35.656502
2698,-97.487530,35.656801
2697,-97.487478,35.656801
2696,-97.487426,35.656801
2695,-97.487373,35.656800
2694,-97.487321,35.656800
2693,-97.487269,35.656799
2692,-97.487191,35.656799
2924,-97.486965,35.656833
2925,-97.486967,35.656849
2905,-97.485656,35.655746
2904,-97.485593,35.655741
2903,-97.485530,35.655735
2902,-97.485467,35.655730
2901,-97.485405,35.655724
2900,-97.485342,35.655718
2923,-97.485719,35.656340
2922,-97.485611,35.656476
2921,-97.485542,35.656475
2920,-97.485370,35.656472
2919,-97.485301,35.656471
2918,-97.485266,35.656471
2927,-97.487167,35.657655
2926,-97.486999,35.657659
2928,-97.486999,35.657692
2929,-97.487000,35.657724
2930,-97.487000,35.657757
2931,-97.487000,35.657790
2932,-97.487000,35.657822
2934,-97.487172,35.658450
2933,-97.487004,35.658442
2935,-97.487005,35.658524
2913,-97.483740,35.656321
2914,-97.483665,35.656321
2917,-97.483552,35.656477
2916,-97.483309,35.656552
2915,-97.483240,35.656574
2522,-97.481737,35.656462
2523,-97.481737,35.656462
2525,-97.481653,35.656318
2524,-97.481691,35.656321
2527,-97.481533,35.655369
2528,-97.481533,35.655369
2526,-97.481496,35.655365
2912,-97.483720,35.655441
