26628,-97.423666,35.611079
26627,-97.423634,35.611079
26626,-97.422160,35.611079
26625,-97.421972,35.611079
26624,-97.421204,35.611079
26623,-97.419808,35.610941
26622,-97.416507,35.609269
26621,-97.416452,35.609269
26620,-97.415089,35.609268
26493,-97.402156,35.605900
26492,-97.402161,35.605992
26494,-97.401968,35.605638
26519,-97.401970,35.605842
26520,-97.401996,35.606028
26495,-97.401853,35.605591
26496,-97.401748,35.605561
26497,-97.401637,35.605530
26518,-97.401692,35.605691
26498,-97.400597,35.605320
26517,-97.400593,35.605458
26499,-97.400487,35.605318
26516,-97.400483,35.605456
26500,-97.400376,35.605317
26515,-97.399177,35.605656
26501,-97.399047,35.605514
26514,-97.399187,35.605784
26504,-97.399043,35.605931
26502,-97.399009,35.605664
26503,-97.399019,35.605792
26491,-97.401970,35.607084
26489,-97.402841,35.608271
26490,-97.402764,35.608272
26488,-97.402843,35.608409
26487,-97.402766,35.608410
26521,-97.401744,35.606906
26522,-97.401680,35.606895
26524,-97.401775,35.607051
26523,-97.401710,35.607040
26511,-97.401778,35.608281
26512,-97.401658,35.608281
26510,-97.401780,35.608419
26509,-97.401540,35.608420
26513,-97.399294,35.607125
26505,-97.399126,35.607125
26506,-97.399126,35.607253
26507,-97.399174,35.607399
26508,-97.399251,35.607521
26619,-97.400786,35.609268
26618,-97.400632,35.609322
26529,-97.400112,35.609152
26525,-97.397558,35.609161
26617,-97.397585,35.609299
26526,-97.397478,35.609161
26615,-97.396242,35.609304
26527,-97.395812,35.609167
26616,-97.394898,35.609309
26528,-97.394629,35.609172
26530,-97.393554,35.609175
26531,-97.393285,35.609176
26532,-97.393231,35.609176
26533,-97.392210,35.609180
26614,-97.389533,35.609342
26534,-97.389365,35.609342
26613,-97.391384,35.614149
26612,-97.391342,35.614281
26535,-97.388792,35.612791
26559,-97.388789,35.612970
26558,-97.388721,35.613148
26560,-97.388581,35.613072
26557,-97.388613,35.613279
26536,-97.388482,35.612365
26537,-97.388335,35.612270
26576,-97.388329,35.612441
26538,-97.387110,35.612203
26575,-97.387110,35.612341
26539,-97.386736,35.612205
26574,-97.386736,35.612343
26561,-97.387416,35.613393
26556,-97.387416,35.613531
26562,-97.387032,35.613394
26555,-97.387032,35.613532
26577,-97.388829,35.617301
26611,-97.388829,35.617439
26578,-97.387675,35.617303
26610,-97.387675,35.617441
26579,-97.386522,35.617305
26609,-97.386522,35.617443
26540,-97.385552,35.612209
26573,-97.385552,35.612347
26541,-97.385179,35.612210
26572,-97.385179,35.612348
26563,-97.385815,35.613398
26554,-97.385815,35.613536
26564,-97.385430,35.613399
26553,-97.385430,35.613537
26542,-97.383995,35.612214
26571,-97.383995,35.612352
26543,-97.383621,35.612216
26570,-97.383621,35.612354
26565,-97.384213,35.613404
26552,-97.384213,35.613542
26566,-97.383829,35.613405
26551,-97.383829,35.613543
26580,-97.385946,35.617306
26608,-97.385946,35.617444
26581,-97.385369,35.617307
26544,-97.382437,35.612220
26569,-97.382437,35.612358
26567,-97.382612,35.613409
26568,-97.382420,35.613409
26550,-97.382612,35.613547
26549,-97.382484,35.613547
26582,-97.384039,35.617311
26597,-97.384224,35.618108
26598,-97.384056,35.618108
26596,-97.384227,35.618766
26599,-97.384059,35.618768
26583,-97.383270,35.617311
26584,-97.382502,35.617311
26545,-97.382313,35.612220
26546,-97.382181,35.612223
26547,-97.382057,35.612232
26548,-97.381933,35.612240
26607,-97.381734,35.618234
26585,-97.381566,35.618234
26595,-97.384234,35.619425
26600,-97.384066,35.619427
26594,-97.384241,35.620084
26593,-97.384244,35.620414
26592,-97.384247,35.620744
26601,-97.384079,35.620746
26591,-97.384047,35.621568
26590,-97.383280,35.621579
26602,-97.382536,35.621437
26606,-97.381746,35.619022
26586,-97.381578,35.619024
26605,-97.381761,35.619810
26604,-97.381777,35.620598
26603,-97.382164,35.621433
26587,-97.381625,35.621389
26588,-97.381257,35.621843
26589,-97.381139,35.622286
26664,-97.419710,35.626079
26707,-97.422023,35.630100
26676,-97.420384,35.628824
26661,-97.420213,35.627315
26662,-97.420101,35.627307
26677,-97.420272,35.628746
26703,-97.420270,35.628926
26702,-97.420107,35.628836
26701,-97.419990,35.628812
26675,-97.420710,35.629847
26674,-97.420723,35.629945
26673,-97.420737,35.630022
26705,-97.420555,35.629959
26706,-97.420581,35.630074
26704,-97.420542,35.629861
26688,-97.418500,35.624569
26684,-97.418552,35.624699
26667,-97.419045,35.625703
26689,-97.417625,35.625007
26691,-97.417540,35.625140
26690,-97.417495,35.625095
26692,-97.417100,35.625769
26663,-97.419012,35.627054
26668,-97.418828,35.627078
26670,-97.418925,35.627274
26669,-97.418802,35.627334
26678,-97.418887,35.628855
26679,-97.418824,35.628943
26700,-97.418944,35.629078
26699,-97.418926,35.629175
26680,-97.418778,35.629058
26698,-97.418969,35.630129
26682,-97.417261,35.629201
26681,-97.417393,35.630094
26697,-97.417225,35.630110
26693,-97.417027,35.627433
26683,-97.417206,35.628311
26694,-97.417038,35.628337
26695,-97.417094,35.629229
26696,-97.417214,35.630039
26717,-97.415176,35.633887
26716,-97.415195,35.634477
26721,-97.414826,35.631596
26720,-97.414994,35.632079
26722,-97.414826,35.632079
26719,-97.414994,35.632583
26723,-97.414826,35.632583
26745,-97.414551,35.632774
26724,-97.414129,35.632565
26744,-97.413220,35.632381
26718,-97.415086,35.633315
26746,-97.415024,35.633992
26747,-97.414945,35.634721
26737,-97.413144,35.634063
26725,-97.412957,35.632070
26726,-97.412669,35.631932
26738,-97.412958,35.633173
26739,-97.412972,35.633998
26736,-97.412690,35.634815
26740,-97.412292,35.634700
26733,-97.412204,35.634818
26741,-97.412085,35.634632
26732,-97.412031,35.634762
26772,-97.407246,35.620877
26773,-97.407252,35.622704
26658,-97.410529,35.623760
26657,-97.408968,35.623764
26771,-97.407423,35.625362
26776,-97.405265,35.624528
26774,-97.406953,35.625095
26777,-97.406865,35.625213
26778,-97.406930,35.625246
26775,-97.403443,35.624209
26779,-97.407250,35.627453
26770,-97.407415,35.628674
26769,-97.407415,35.628848
26780,-97.407247,35.628848
26768,-97.407403,35.629678
26767,-97.407398,35.629852
26781,-97.407210,35.629951
26765,-97.407383,35.630485
26766,-97.407382,35.630589
26786,-97.407210,35.630089
26743,-97.410776,35.632523
26727,-97.410610,35.632385
26728,-97.410608,35.632521
26742,-97.410765,35.633783
26729,-97.410597,35.633781
26730,-97.410596,35.633863
26731,-97.410578,35.634556
26763,-97.407369,35.633201
26764,-97.407367,35.633616
26762,-97.407364,35.634113
26761,-97.407364,35.634196
26760,-97.407364,35.634238
26782,-97.406044,35.629952
26785,-97.406046,35.630090
26783,-97.405764,35.629955
26784,-97.404072,35.629385
26789,-97.405981,35.632749
26790,-97.405908,35.633121
26804,-97.406254,35.634248
26791,-97.403897,35.631810
26787,-97.404680,35.634149
26801,-97.404881,35.634375
26788,-97.403478,35.633292
26800,-97.403525,35.633599
26715,-97.414864,35.635206
26714,-97.414842,35.635301
26748,-97.414581,35.635330
26713,-97.414366,35.635760
26711,-97.414890,35.637160
26712,-97.414812,35.637159
26735,-97.414060,35.635843
26734,-97.413934,35.635776
26749,-97.413835,35.636384
26750,-97.413517,35.637147
26710,-97.414888,35.637298
26709,-97.414810,35.637297
26752,-97.413663,35.637287
26751,-97.413515,35.637285
26753,-97.411948,35.638121
44052,-97.414696,35.642449
44046,-97.412243,35.639678
44047,-97.412200,35.640716
44048,-97.412248,35.641750
44051,-97.412992,35.642834
44049,-97.412794,35.642862
44050,-97.412870,35.642928
26754,-97.410981,35.638121
26755,-97.410740,35.638121
26756,-97.409773,35.638121
26757,-97.409531,35.638121
26759,-97.407364,35.635495
26758,-97.407364,35.636366
26805,-97.407196,35.637097
26806,-97.407196,35.637202
26803,-97.405991,35.635491
26802,-97.405839,35.635433
26807,-97.405468,35.638111
26798,-97.403973,35.635499
26797,-97.403967,35.635637
26808,-97.404661,35.638115
26809,-97.404469,35.638116
26810,-97.403463,35.638119
44044,-97.406066,35.640387
44043,-97.406052,35.640430
44045,-97.405928,35.639314
44019,-97.405762,35.639340
44020,-97.405890,35.640396
44021,-97.405226,35.641300
44042,-97.405377,35.641375
44041,-97.405336,35.641404
44025,-97.403762,35.639338
44026,-97.403594,35.639340
44024,-97.403812,35.640422
44027,-97.403644,35.640432
44023,-97.403964,35.641464
44022,-97.403974,35.641516
44040,-97.404040,35.641648
44038,-97.404239,35.643307
44028,-97.403796,35.641508
44039,-97.403618,35.642950
44029,-97.403456,35.642912
44035,-97.406789,35.643939
44034,-97.406785,35.644077
44033,-97.406732,35.644076
44036,-97.405503,35.643798
44037,-97.405452,35.643789
44030,-97.403727,35.644299
44031,-97.403724,35.644338
44032,-97.403688,35.645306
26792,-97.402650,35.632338
26793,-97.402160,35.633019
26794,-97.401905,35.633780
26799,-97.402023,35.634567
26795,-97.401855,35.634555
26796,-97.401934,35.635351
26811,-97.402369,35.638116
26812,-97.402132,35.638115
26834,-97.401986,35.638253
26813,-97.401180,35.638112
26833,-97.400610,35.638249
26814,-97.398679,35.638112
26832,-97.398091,35.638249
26815,-97.397397,35.638112
26831,-97.397133,35.638250
26816,-97.396553,35.638113
26817,-97.396381,35.638113
26830,-97.396175,35.638251
26818,-97.395403,35.638114
26829,-97.395154,35.638253
26819,-97.394636,35.638116
26820,-97.394598,35.638116
26821,-97.393965,35.638116
26822,-97.393677,35.638117
26828,-97.393092,35.638256
26823,-97.392719,35.638118
26824,-97.392681,35.638118
26827,-97.392050,35.638257
26825,-97.391546,35.638121
26826,-97.391579,35.638259
26635,-97.423427,35.622827
26636,-97.423380,35.623659
26632,-97.422559,35.619963
26633,-97.422449,35.620101
26637,-97.421238,35.623654
26638,-97.420608,35.623653
26666,-97.420993,35.626206
26665,-97.420352,35.626143
26671,-97.421661,35.627726
26660,-97.422101,35.628796
26659,-97.422309,35.629929
26672,-97.422143,35.629949
26647,-97.418287,35.617013
26648,-97.418287,35.617013
26646,-97.418471,35.617938
26649,-97.418301,35.617826
26650,-97.418303,35.617940
26651,-97.418317,35.618773
26645,-97.418486,35.618846
26644,-97.418498,35.619528
26643,-97.418500,35.619660
26652,-97.418332,35.619643
26653,-97.418334,35.619738
26654,-97.418335,35.619833
26642,-97.418520,35.620777
26655,-97.418352,35.620779
26641,-97.418523,35.621251
26640,-97.418521,35.621724
26639,-97.418517,35.622671
26686,-97.418649,35.624530
26685,-97.418683,35.624665
26687,-97.418575,35.624550
26656,-97.418048,35.623628
26630,-97.424311,35.617683
26631,-97.423659,35.619967
26634,-97.422999,35.620103
26629,-97.424162,35.614560
26708,-97.423078,35.630097
22792,-97.436185,35.620009
22816,-97.436390,35.620148
22815,-97.436252,35.620147
22812,-97.436479,35.621377
22811,-97.436527,35.621509
22810,-97.436462,35.621524
22813,-97.436414,35.621392
22809,-97.436372,35.621539
22814,-97.436237,35.621401
22808,-97.436237,35.621539
22804,-97.436498,35.622781
22805,-97.436430,35.622781
22806,-97.436362,35.622781
22807,-97.436227,35.622782
22803,-97.436500,35.622919
22802,-97.436432,35.622919
22801,-97.436364,35.622919
22800,-97.436229,35.622920
22793,-97.434666,35.620752
22794,-97.434666,35.620803
22795,-97.434666,35.621387
22796,-97.434664,35.621589
22797,-97.434660,35.622207
16939,-97.434839,35.622790
22798,-97.434656,35.622777
22799,-97.434656,35.623647
23158,-97.431245,35.623779
23157,-97.430177,35.623783
23156,-97.430076,35.623784
23155,-97.427635,35.623793
22687,-97.437430,35.618534
22682,-97.437346,35.618652
22681,-97.437289,35.618624
22680,-97.437244,35.618597
22759,-97.441805,35.618832
22758,-97.441802,35.618850
22757,-97.441798,35.618869
22394,-97.442904,35.621367
22750,-97.441917,35.621259
22749,-97.441918,35.621299
22748,-97.441919,35.621338
22747,-97.441901,35.622267
22719,-97.442192,35.622758
22756,-97.441785,35.619289
22755,-97.441776,35.619306
22754,-97.441767,35.619323
22737,-97.441622,35.619249
22738,-97.441613,35.619267
22739,-97.441529,35.619444
22753,-97.441576,35.620295
22752,-97.441592,35.620332
22740,-97.441413,35.620330
22751,-97.441609,35.620370
22741,-97.441445,35.620404
22742,-97.441462,35.620440
22736,-97.440305,35.619271
22735,-97.440292,35.619306
22734,-97.440279,35.619341
22733,-97.440265,35.619376
22760,-97.440172,35.619159
22761,-97.440159,35.619194
22762,-97.440145,35.619229
22763,-97.440132,35.619264
22764,-97.440119,35.619299
22765,-97.440105,35.619334
22732,-97.439956,35.620182
22731,-97.439943,35.620217
22730,-97.439930,35.620253
22766,-97.439783,35.620175
22767,-97.439770,35.620211
22743,-97.441750,35.621275
22744,-97.441750,35.621314
22745,-97.441751,35.621353
22746,-97.441738,35.622232
22722,-97.441726,35.622270
22718,-97.441776,35.622505
22723,-97.441236,35.622480
22717,-97.441273,35.622615
22727,-97.439748,35.621437
22726,-97.439784,35.621476
22724,-97.440624,35.622371
22725,-97.440581,35.622337
22705,-97.440416,35.622394
22716,-97.440725,35.622611
22715,-97.440715,35.622631
22708,-97.440571,35.622510
22706,-97.440463,35.622435
22707,-97.440506,35.622469
22714,-97.440308,35.623036
22713,-97.440284,35.623043
22712,-97.440259,35.623050
22709,-97.440226,35.622915
22711,-97.440205,35.622921
22710,-97.440201,35.622922
22771,-97.438943,35.618907
22770,-97.438929,35.618949
22782,-97.438796,35.618827
22783,-97.438767,35.618911
22769,-97.438731,35.619504
22686,-97.438588,35.618876
22684,-97.438536,35.619006
22685,-97.438590,35.619020
22683,-97.438482,35.618991
22784,-97.438564,35.619483
22768,-97.438589,35.619909
22785,-97.438427,35.619871
22786,-97.438228,35.620341
22700,-97.438412,35.620364
22699,-97.438331,35.620587
22698,-97.438289,35.620706
22787,-97.438161,35.620324
22788,-97.438095,35.620308
22819,-97.438180,35.620473
22818,-97.438047,35.620440
22820,-97.438117,35.620696
22729,-97.439676,35.621359
22728,-97.439712,35.621398
22704,-97.439650,35.621558
22702,-97.439578,35.621480
22701,-97.439542,35.621441
22703,-97.439614,35.621519
22697,-97.438055,35.622102
22696,-97.438044,35.622226
22821,-97.437885,35.622107
22822,-97.437876,35.622241
22789,-97.436535,35.620016
22817,-97.436521,35.620152
22790,-97.436392,35.620010
22791,-97.436254,35.620009
22695,-97.438721,35.623625
22823,-97.438546,35.623507
22824,-97.438553,35.623631
22693,-97.438353,35.617302
22691,-97.438209,35.617374
22690,-97.438165,35.617301
22689,-97.436698,35.617558
22688,-97.436712,35.617650
22679,-97.436546,35.617668
22678,-97.436532,35.617576
22677,-97.434889,35.617413
22676,-97.434898,35.617493
22667,-97.434721,35.617425
22668,-97.434730,35.617505
22675,-97.434929,35.618337
22674,-97.434931,35.618417
22673,-97.434932,35.618457
22672,-97.434933,35.618497
22669,-97.434761,35.618339
22670,-97.434763,35.618419
22671,-97.434765,35.618499
22779,-97.441520,35.617099
22780,-97.441471,35.617089
22774,-97.441478,35.617233
22773,-97.441429,35.617223
22772,-97.440270,35.617243
22781,-97.440183,35.617119
22692,-97.438999,35.617810
22694,-97.438323,35.617253
22411,-97.443973,35.617750
22396,-97.444129,35.617802
22395,-97.444069,35.617919
22412,-97.443913,35.617867
22413,-97.442909,35.617118
22777,-97.442722,35.617328
22776,-97.442716,35.617466
22778,-97.442671,35.617326
22775,-97.442665,35.617464
22996,-97.444693,35.619524
22997,-97.444632,35.619525
23005,-97.444636,35.619663
22998,-97.444572,35.619526
22999,-97.444512,35.619527
23004,-97.444576,35.619664
23003,-97.444516,35.619665
23000,-97.443939,35.619539
23001,-97.443879,35.619540
23002,-97.443943,35.619677
23010,-97.443976,35.620434
22995,-97.445634,35.619728
22994,-97.445634,35.619800
23006,-97.445466,35.619800
22993,-97.445634,35.619872
22992,-97.445629,35.619956
23007,-97.445463,35.619932
23008,-97.445046,35.620416
22991,-97.445110,35.620544
22990,-97.444993,35.620559
23009,-97.444991,35.620421
22989,-97.443978,35.620572
22988,-97.443890,35.620573
22721,-97.442732,35.622679
22720,-97.442728,35.622817
22393,-97.442914,35.623477
21065,-97.447854,35.618490
21064,-97.447854,35.618525
21063,-97.447854,35.618559
21077,-97.447686,35.618490
21078,-97.447686,35.618525
21079,-97.447686,35.618559
21062,-97.447854,35.618593
21061,-97.447854,35.618628
21080,-97.447686,35.618593
21081,-97.447686,35.618628
22405,-97.446249,35.618221
22404,-97.446248,35.618267
22399,-97.446081,35.618221
22400,-97.446080,35.618267
22403,-97.446248,35.618313
22402,-97.446245,35.618715
22401,-97.446080,35.618313
21143,-97.449157,35.620825
21145,-97.449116,35.620797
21146,-97.449096,35.620783
21144,-97.449136,35.620811
21147,-97.449076,35.620769
21148,-97.449055,35.620755
21054,-97.448656,35.618996
21055,-97.448618,35.619319
21056,-97.448331,35.619498
21094,-97.448276,35.619639
21093,-97.448212,35.619639
21092,-97.448147,35.619639
21091,-97.448083,35.619639
21090,-97.448018,35.619639
21089,-97.447954,35.619639
21128,-97.449028,35.620915
21129,-97.449049,35.620929
21127,-97.449008,35.620901
21111,-97.448866,35.621891
21112,-97.448866,35.621930
21173,-97.448144,35.623187
21172,-97.447987,35.623174
21082,-97.447686,35.619317
21060,-97.447854,35.619386
21059,-97.447854,35.619421
21058,-97.447854,35.619455
21057,-97.447854,35.619490
21083,-97.447686,35.619352
21084,-97.447686,35.619386
21085,-97.447686,35.619421
21086,-97.447686,35.619455
21087,-97.447686,35.619490
21088,-97.447890,35.619639
21126,-97.447894,35.621546
21125,-97.447894,35.621572
21149,-97.447726,35.621506
21150,-97.447726,35.621532
21151,-97.447726,35.621559
21152,-97.447726,35.621586
21124,-97.447894,35.622095
21123,-97.447894,35.622121
21153,-97.447726,35.622121
21122,-97.447894,35.622148
21154,-97.447726,35.622148
21169,-97.447728,35.622378
21168,-97.447659,35.622297
21167,-97.447626,35.622297
21166,-97.447593,35.622296
21121,-97.447898,35.622444
21170,-97.447729,35.622404
21120,-97.447905,35.622710
21159,-97.446849,35.621738
21158,-97.446849,35.621751
21157,-97.446849,35.621765
21160,-97.446681,35.621740
21161,-97.446681,35.621753
21162,-97.446681,35.621767
21156,-97.446853,35.622016
21155,-97.446853,35.622029
21163,-97.446685,35.622018
21164,-97.446685,35.622031
21165,-97.446685,35.622045
21119,-97.447912,35.622976
21171,-97.447744,35.622978
22390,-97.446399,35.623621
22391,-97.446096,35.623621
22392,-97.445141,35.623624
20988,-97.452189,35.619969
20989,-97.452138,35.619964
21192,-97.452246,35.620163
21193,-97.452236,35.620184
21007,-97.451302,35.617792
21006,-97.451302,35.617829
21005,-97.451303,35.617866
21014,-97.451134,35.617794
21015,-97.451060,35.617881
21102,-97.451060,35.618019
21101,-97.451030,35.618019
21036,-97.450358,35.616879
21035,-97.450328,35.616879
21034,-97.450298,35.616879
21033,-97.450268,35.616879
21016,-97.450280,35.617837
21100,-97.450268,35.618083
21099,-97.450213,35.618115
21098,-97.450159,35.618148
21097,-97.450105,35.618180
21096,-97.450050,35.618213
21095,-97.449996,35.618245
21032,-97.449608,35.616879
21017,-97.449974,35.617575
21018,-97.449956,35.617571
21019,-97.449939,35.617567
21020,-97.449939,35.617567
21021,-97.449939,35.617567
21022,-97.449896,35.618135
21023,-97.449842,35.618168
21024,-97.449787,35.618200
21068,-97.448793,35.616889
21046,-97.448663,35.617596
21047,-97.448663,35.617618
21031,-97.448829,35.617851
21048,-97.448660,35.618088
21049,-97.448659,35.618110
21050,-97.448659,35.618133
21051,-97.448659,35.618155
21052,-97.448659,35.618178
21030,-97.448825,35.618488
21029,-97.448824,35.618520
21028,-97.448824,35.618552
21027,-97.448824,35.618584
21026,-97.448824,35.618616
21025,-97.448824,35.618648
21053,-97.448656,35.618648
21067,-97.447854,35.617732
21066,-97.447854,35.617766
21074,-97.447686,35.617697
21075,-97.447686,35.617732
21076,-97.447686,35.617766
21004,-97.451043,35.618951
21191,-97.451080,35.620171
21190,-97.451043,35.620200
21003,-97.450991,35.618982
21002,-97.450939,35.619014
21001,-97.450887,35.619045
21103,-97.450787,35.618935
21000,-97.450835,35.619077
20999,-97.450784,35.619109
21104,-97.450735,35.618967
21105,-97.450684,35.618999
21106,-97.450632,35.619030
21107,-97.450580,35.619062
20998,-97.450732,35.619140
20997,-97.450680,35.619172
20990,-97.450964,35.620071
20991,-97.450927,35.620100
20992,-97.450889,35.620129
21187,-97.450982,35.620348
21189,-97.450964,35.620327
21188,-97.450973,35.620338
20993,-97.450852,35.620158
20994,-97.450692,35.620257
21186,-97.450991,35.620359
21185,-97.450677,35.620411
21140,-97.450113,35.621328
21141,-97.450074,35.621320
21142,-97.450035,35.621311
21134,-97.450071,35.621460
21133,-97.450032,35.621452
21132,-97.449993,35.621443
20996,-97.449949,35.620066
21108,-97.449781,35.620050
20995,-97.449945,35.620105
21109,-97.449777,35.620117
21110,-97.449739,35.620237
21131,-97.449954,35.621435
21130,-97.449914,35.621427
21011,-97.451306,35.616728
21010,-97.451305,35.616736
21038,-97.451048,35.616741
21039,-97.451018,35.616741
21040,-97.450358,35.616741
21041,-97.450328,35.616741
21042,-97.450298,35.616741
21043,-97.450268,35.616741
21044,-97.450238,35.616741
21009,-97.451294,35.616909
21008,-97.451294,35.616946
21037,-97.451018,35.616879
21012,-97.451126,35.616911
21013,-97.451126,35.616948
21045,-97.449608,35.616741
21069,-97.448777,35.616881
21070,-97.448761,35.616872
21071,-97.448745,35.616864
21072,-97.448331,35.616749
21073,-97.448312,35.616749
22407,-97.446109,35.617244
22406,-97.446221,35.617576
22408,-97.446059,35.617601
22409,-97.445906,35.617601
22398,-97.445906,35.617739
22410,-97.445753,35.617601
22397,-97.445753,35.617739
21184,-97.449034,35.622705
21183,-97.449034,35.622743
21182,-97.449034,35.622782
21181,-97.449034,35.622821
21180,-97.449034,35.622860
21179,-97.449034,35.622899
21113,-97.448866,35.622705
21114,-97.448866,35.622743
21115,-97.448866,35.622782
21116,-97.448866,35.622821
21117,-97.448866,35.622860
21118,-97.448866,35.622899
21178,-97.448524,35.623191
21177,-97.448510,35.623204
21176,-97.448495,35.623216
21175,-97.448481,35.623229
21174,-97.448247,35.623228
20954,-97.453424,35.620513
20967,-97.452502,35.620087
20966,-97.452404,35.620211
20965,-97.452394,35.620232
21194,-97.452146,35.620696
20948,-97.453576,35.621407
20949,-97.453396,35.621489
20950,-97.453365,35.621501
20951,-97.453334,35.621513
21247,-97.453408,35.621637
21246,-97.453376,35.621650
20953,-97.452314,35.620872
20952,-97.452314,35.620907
21195,-97.452146,35.620872
21196,-97.452146,35.620907
21197,-97.452146,35.620943
21199,-97.452489,35.621673
21198,-97.452480,35.621637
21200,-97.452531,35.621875
21136,-97.451074,35.621627
21138,-97.451039,35.621566
21137,-97.451056,35.621596
21139,-97.451004,35.621526
21135,-97.450874,35.621612
20933,-97.455769,35.620689
20934,-97.455753,35.620716
20856,-97.454853,35.619835
20855,-97.454813,35.619817
20859,-97.454974,35.619890
20858,-97.454934,35.619872
20857,-97.454894,35.619853
20935,-97.455604,35.620935
20936,-97.455499,35.621089
20937,-97.455393,35.621243
20938,-97.455212,35.621481
20939,-97.455180,35.621467
20940,-97.455149,35.621453
21255,-97.455132,35.621601
21254,-97.455100,35.621587
21253,-97.455069,35.621573
20942,-97.454395,35.621069
20941,-97.454393,35.621069
20943,-97.454245,35.621003
20944,-97.454237,35.621023
20945,-97.454225,35.621061
20946,-97.454224,35.621082
21252,-97.454215,35.621292
20947,-97.454185,35.621156
20959,-97.453639,35.620336
20958,-97.453596,35.620371
20960,-97.453519,35.620240
20961,-97.453476,35.620275
20962,-97.453433,35.620310
20963,-97.453390,35.620346
20957,-97.453553,35.620406
20956,-97.453510,35.620442
20955,-97.453467,35.620477
20964,-97.453347,35.620381
21250,-97.453981,35.621950
21251,-97.453981,35.621950
21249,-97.453969,35.621944
21248,-97.453958,35.621939
21240,-97.453667,35.622723
21241,-97.453630,35.622698
21242,-97.453593,35.622674
21243,-97.453556,35.622649
21244,-97.453519,35.622624
21245,-97.453482,35.622600
21212,-97.453487,35.622780
21211,-97.453450,35.622755
21214,-97.453561,35.622829
21213,-97.453524,35.622804
21210,-97.453413,35.622730
21209,-97.453376,35.622706
21208,-97.453339,35.622681
21234,-97.454866,35.623049
21218,-97.454868,35.623187
21236,-97.454786,35.622991
21235,-97.454785,35.623015
21237,-97.454618,35.622966
21238,-97.454618,35.622989
21239,-97.454617,35.623013
21217,-97.454801,35.623188
21216,-97.454576,35.623189
21215,-97.454528,35.623189
21206,-97.452628,35.623078
21207,-97.452587,35.623064
21205,-97.452585,35.623213
21204,-97.452564,35.623206
21203,-97.452543,35.623199
21202,-97.452523,35.623192
21201,-97.452111,35.622920
20816,-97.458256,35.620424
20815,-97.458253,35.620458
20751,-97.458254,35.621339
20750,-97.458248,35.621370
20749,-97.458239,35.621412
20748,-97.458227,35.621442
20718,-97.459016,35.622064
20717,-97.459189,35.622171
20719,-97.459050,35.622602
20720,-97.459032,35.622768
20721,-97.459025,35.622824
20831,-97.458088,35.620414
20832,-97.458085,35.620448
20833,-97.458083,35.620483
20834,-97.457779,35.620501
20865,-97.457779,35.620639
20838,-97.457258,35.620312
20839,-97.457246,35.620341
20837,-97.457418,35.620356
20864,-97.457476,35.620621
20836,-97.457406,35.620385
20835,-97.457394,35.620414
20840,-97.457234,35.620370
20841,-97.457222,35.620400
20842,-97.457168,35.620391
20863,-97.457144,35.620532
20862,-97.457103,35.620517
20861,-97.456244,35.620233
20866,-97.458085,35.621334
20867,-97.458079,35.621366
20868,-97.458073,35.621386
20869,-97.458060,35.621416
20745,-97.458132,35.622397
20746,-97.458117,35.622378
20747,-97.457696,35.621975
20744,-97.458147,35.622417
20743,-97.458165,35.622448
20736,-97.458003,35.622489
20735,-97.457988,35.622469
20737,-97.458009,35.622500
20870,-97.457548,35.621904
20871,-97.457369,35.622076
20885,-97.456961,35.621270
20886,-97.456918,35.621250
20887,-97.456875,35.621231
20888,-97.456832,35.621212
20889,-97.456789,35.621193
20883,-97.456838,35.621370
20882,-97.456795,35.621351
20881,-97.456752,35.621332
20880,-97.456709,35.621313
20879,-97.456666,35.621293
20884,-97.456881,35.621390
20872,-97.457088,35.622351
20873,-97.456760,35.622214
20874,-97.456426,35.622068
20877,-97.456287,35.622000
20875,-97.456379,35.622045
20876,-97.456333,35.622023
20878,-97.456241,35.621978
21259,-97.456247,35.622141
21258,-97.456201,35.622118
21257,-97.456155,35.622096
21230,-97.456153,35.622504
21221,-97.456148,35.622786
20742,-97.458211,35.622977
20741,-97.458212,35.623023
20740,-97.458213,35.623047
20738,-97.458044,35.623025
20739,-97.458045,35.623049
21229,-97.456814,35.622942
21228,-97.456818,35.622966
21227,-97.456822,35.622990
21226,-97.456822,35.623028
21225,-97.456820,35.623053
21222,-97.456656,35.623008
21223,-97.456654,35.623018
21224,-97.456652,35.623043
21256,-97.456109,35.622073
21231,-97.456038,35.622668
21232,-97.456004,35.622716
21220,-97.456113,35.622834
21219,-97.456079,35.622882
21233,-97.455969,35.622764
20716,-97.459212,35.622669
20715,-97.459206,35.622725
20714,-97.459162,35.623376
20713,-97.459161,35.623432
20712,-97.459159,35.623488
20722,-97.458993,35.623428
20723,-97.458991,35.623484
20724,-97.458989,35.623540
20811,-97.460264,35.620501
20753,-97.460264,35.620639
20795,-97.460175,35.619476
20794,-97.460175,35.619488
20793,-97.460175,35.619500
20791,-97.459923,35.619389
20792,-97.459943,35.619406
20790,-97.459530,35.618933
20812,-97.459293,35.620501
20813,-97.459251,35.620501
20814,-97.459209,35.620501
20752,-97.459293,35.620639
20820,-97.458339,35.619528
20819,-97.458343,35.619562
20818,-97.458348,35.619597
20817,-97.458352,35.619631
20829,-97.458180,35.619611
20830,-97.458184,35.619645
20754,-97.460329,35.618172
20755,-97.460273,35.618173
20756,-97.460216,35.618174
20757,-97.460160,35.618175
20758,-97.460103,35.618176
20759,-97.460047,35.618177
20760,-97.459990,35.618178
20761,-97.459934,35.618178
20810,-97.460201,35.618312
20809,-97.459881,35.618317
20808,-97.459532,35.618229
20802,-97.459601,35.618751
20803,-97.459588,35.618731
20799,-97.459639,35.618810
20800,-97.459627,35.618790
20801,-97.459614,35.618770
20807,-97.459536,35.618652
20806,-97.459549,35.618672
20804,-97.459575,35.618711
20805,-97.459562,35.618691
20776,-97.459222,35.618429
20775,-97.459211,35.618409
20777,-97.459363,35.618672
20780,-97.459401,35.618736
20782,-97.459427,35.618775
20784,-97.459453,35.618815
20783,-97.459440,35.618795
20781,-97.459414,35.618755
20779,-97.459388,35.618716
20778,-97.459374,35.618693
20763,-97.458935,35.617721
20764,-97.458922,35.617713
20765,-97.458883,35.617689
20766,-97.458870,35.617680
20767,-97.458856,35.617672
20768,-97.458843,35.617664
20762,-97.459101,35.617819
20769,-97.459140,35.618287
20772,-97.459175,35.618348
20771,-97.459164,35.618328
20770,-97.459152,35.618308
20773,-97.459187,35.618368
20774,-97.459199,35.618389
20821,-97.457812,35.618711
20822,-97.457757,35.618686
20823,-97.457691,35.618660
20827,-97.457677,35.618806
20824,-97.457634,35.618643
20826,-97.457633,35.618788
20825,-97.457576,35.618771
20798,-97.459652,35.618830
20797,-97.459665,35.618849
20796,-97.459678,35.618869
20787,-97.459491,35.618874
20785,-97.459466,35.618834
20786,-97.459479,35.618854
20788,-97.459504,35.618894
20789,-97.459517,35.618913
20828,-97.457732,35.618831
20900,-97.456880,35.617777
20901,-97.456838,35.617785
20899,-97.456959,35.617904
20898,-97.456916,35.617911
20902,-97.456796,35.617792
20897,-97.456832,35.617926
20896,-97.456193,35.618250
20895,-97.456287,35.618555
20906,-97.455652,35.617364
20905,-97.455631,35.617377
20907,-97.455548,35.617256
20908,-97.455527,35.617269
20909,-97.455506,35.617282
20903,-97.455890,35.618087
20916,-97.455966,35.618292
20915,-97.455691,35.618146
20917,-97.456118,35.618516
20904,-97.455456,35.617859
20914,-97.455474,35.618032
20913,-97.455257,35.617918
20912,-97.454980,35.617776
20911,-97.454629,35.617443
20910,-97.454847,35.617550
20921,-97.454897,35.618684
20922,-97.454852,35.618661
20920,-97.454941,35.618707
20923,-97.454807,35.618639
20927,-97.454809,35.618800
20926,-97.454764,35.618777
20924,-97.454675,35.618732
20925,-97.454719,35.618755
20976,-97.453929,35.617957
20977,-97.453893,35.617972
20975,-97.454000,35.618082
20974,-97.453967,35.618096
20973,-97.453746,35.618175
20972,-97.453682,35.618197
20978,-97.453506,35.618109
20894,-97.456294,35.619007
20893,-97.456292,35.619189
20892,-97.456292,35.619222
20891,-97.456285,35.619846
20890,-97.456285,35.619878
20918,-97.456007,35.619014
20919,-97.455955,35.619013
20931,-97.456001,35.619152
20930,-97.455949,35.619151
20929,-97.455896,35.619149
20932,-97.456117,35.619844
20843,-97.456011,35.620036
20844,-97.455967,35.620028
20860,-97.455950,35.620166
20928,-97.454853,35.618823
20845,-97.455043,35.619764
20846,-97.455003,35.619746
20848,-97.454923,35.619709
20849,-97.454883,35.619691
20847,-97.454963,35.619728
20850,-97.454042,35.619309
20851,-97.454002,35.619290
20852,-97.453945,35.619273
20854,-97.453967,35.619432
20853,-97.453927,35.619413
20979,-97.453114,35.618320
20980,-97.452866,35.618667
20971,-97.452925,35.619056
20981,-97.452761,35.619024
20982,-97.452691,35.619203
20983,-97.452676,35.619200
20984,-97.452662,35.619197
20970,-97.452831,35.619384
20969,-97.452823,35.619412
20968,-97.452816,35.619441
20987,-97.452651,35.619337
20986,-97.452636,35.619334
20985,-97.452622,35.619331
22891,-97.433138,35.624982
22890,-97.433140,35.625120
22892,-97.432579,35.624989
22893,-97.431962,35.624995
22857,-97.432372,35.626163
22825,-97.430949,35.625001
22856,-97.430949,35.625139
22855,-97.430063,35.625142
22826,-97.429992,35.625004
22854,-97.429992,35.625142
22850,-97.429829,35.626361
22851,-97.429766,35.626361
22849,-97.429829,35.626499
22848,-97.429766,35.626499
22827,-97.429177,35.625007
22852,-97.429046,35.626361
22847,-97.429046,35.626499
22828,-97.428111,35.625009
22829,-97.428110,35.625747
22853,-97.428265,35.626348
22835,-97.428099,35.626226
22830,-97.428097,35.626346
22834,-97.428079,35.626498
22831,-97.427879,35.626359
22832,-97.427581,35.626358
22833,-97.427730,35.626496
22889,-97.432175,35.627157
22888,-97.432154,35.627195
22858,-97.432023,35.627099
22859,-97.432002,35.627137
22887,-97.431603,35.628100
22886,-97.431580,35.628138
22860,-97.431453,35.628038
22861,-97.431430,35.628076
22846,-97.428255,35.627387
22836,-97.428085,35.627681
23133,-97.435760,35.627882
23134,-97.435677,35.627883
23136,-97.435762,35.628020
23142,-97.435679,35.628021
23173,-97.434676,35.625787
23174,-97.434676,35.626475
23175,-97.434682,35.627594
23176,-97.434684,35.627782
23177,-97.434686,35.628564
23183,-97.434408,35.628793
23171,-97.435204,35.629836
23184,-97.434997,35.629654
23185,-97.434744,35.630492
23119,-97.434844,35.630656
23186,-97.434688,35.630606
23178,-97.433576,35.628667
23182,-97.433578,35.628805
23179,-97.432543,35.628550
23181,-97.432467,35.628672
23180,-97.432428,35.628656
22883,-97.432711,35.630390
22884,-97.431573,35.630237
22876,-97.433151,35.631551
22877,-97.433114,35.631550
22875,-97.433149,35.631689
22874,-97.433112,35.631688
22878,-97.432243,35.631542
22879,-97.432206,35.631542
22873,-97.432241,35.631680
22872,-97.432204,35.631680
22862,-97.430857,35.629016
22863,-97.430836,35.629050
22885,-97.431528,35.630229
22882,-97.431539,35.630371
22864,-97.430357,35.629873
22865,-97.430340,35.629908
22843,-97.428242,35.628995
22837,-97.428076,35.628778
22845,-97.428241,35.629102
22844,-97.428240,35.629173
22842,-97.428215,35.630078
22838,-97.428066,35.629971
22839,-97.428049,35.630056
22840,-97.427749,35.630227
22841,-97.427504,35.630214
22880,-97.431335,35.631534
22871,-97.431333,35.631672
22881,-97.430460,35.631243
22866,-97.430287,35.631281
22867,-97.430324,35.631323
22868,-97.430318,35.631355
22870,-97.430432,35.631455
22869,-97.430292,35.631374
23121,-97.435893,35.630175
23169,-97.435870,35.630164
23168,-97.435862,35.630160
23170,-97.435854,35.630158
23120,-97.435848,35.630153
23141,-97.435802,35.630117
23115,-97.436515,35.631911
23217,-97.436115,35.633013
23116,-97.436107,35.633004
23189,-97.435945,35.633056
23216,-97.436460,35.633412
23215,-97.436256,35.633590
23118,-97.434819,35.631591
23187,-97.434656,35.631630
23117,-97.435529,35.632357
23188,-97.435397,35.632443
23214,-97.434629,35.633607
23190,-97.434595,35.633470
23213,-97.434566,35.633608
23212,-97.434436,35.633605
23192,-97.433124,35.632998
23193,-97.433015,35.632878
23195,-97.432385,35.632731
23194,-97.432344,35.632731
23205,-97.432387,35.632869
23204,-97.432305,35.632870
23211,-97.433200,35.633902
23206,-97.433047,35.633832
23207,-97.432991,35.633864
23208,-97.432910,35.633895
23210,-97.433063,35.633988
23209,-97.432968,35.634025
23251,-97.431684,35.635163
23250,-97.431684,35.635167
23196,-97.431467,35.632736
23197,-97.431405,35.632737
23252,-97.431516,35.635163
23253,-97.431516,35.635167
23275,-97.430566,35.635064
23203,-97.430450,35.633804
23191,-97.430449,35.633882
23198,-97.430282,35.633804
23202,-97.430444,35.634750
23201,-97.430444,35.634809
23254,-97.430508,35.634924
23255,-97.430463,35.634923
23199,-97.430277,35.634730
23200,-97.430276,35.634789
23274,-97.430522,35.635063
23273,-97.430478,35.635061
23272,-97.430261,35.635061
23256,-97.430008,35.634928
23257,-97.429790,35.634932
23258,-97.429756,35.634932
23259,-97.429721,35.634933
23260,-97.429686,35.634933
23261,-97.429652,35.634933
23247,-97.432452,35.635447
23246,-97.432552,35.635557
23245,-97.432532,35.635570
23244,-97.432511,35.635582
23243,-97.432491,35.635594
23242,-97.432471,35.635607
23248,-97.432432,35.635460
23249,-97.432329,35.635494
23278,-97.432209,35.635590
23277,-97.431691,35.635326
23241,-97.431942,35.636015
23240,-97.431926,35.636031
23239,-97.431850,35.636155
23238,-97.431842,35.636182
23279,-97.431691,35.635989
23309,-97.431682,35.636138
23237,-97.431752,35.636783
23236,-97.431751,35.636933
23234,-97.431763,35.636989
23235,-97.431757,35.636961
23316,-97.431597,35.637011
23233,-97.431832,35.637586
23317,-97.431635,35.637598
23318,-97.431620,35.637598
23322,-97.431647,35.637737
23321,-97.431631,35.637736
23320,-97.431616,35.637736
23319,-97.431600,35.637736
23276,-97.431478,35.635319
23280,-97.431216,35.635981
23308,-97.431212,35.636119
23281,-97.430741,35.635973
23307,-97.430737,35.636111
23310,-97.431549,35.636781
23311,-97.431539,35.636781
23312,-97.431529,35.636781
23313,-97.431329,35.636919
23314,-97.431319,35.636919
23315,-97.431310,35.636919
23282,-97.430257,35.636101
23283,-97.430093,35.636131
23271,-97.429881,35.635329
23270,-97.429878,35.635339
23268,-97.429719,35.635291
23269,-97.429716,35.635301
23306,-97.430294,35.636497
23305,-97.430294,35.636507
23304,-97.430294,35.636517
23302,-97.430126,35.636497
23303,-97.430126,35.636507
23284,-97.429446,35.636131
23285,-97.429415,35.636131
23286,-97.429199,35.636131
23287,-97.429183,35.636131
23267,-97.428890,35.635229
23266,-97.428889,35.635233
23265,-97.428888,35.635237
23262,-97.428726,35.635201
23263,-97.428725,35.635205
23264,-97.428724,35.635209
23288,-97.428845,35.636131
23289,-97.428829,35.636131
23290,-97.428814,35.636131
23301,-97.429375,35.636507
23300,-97.429375,35.636518
23299,-97.429375,35.636528
23297,-97.429207,35.636503
23298,-97.429207,35.636514
23296,-97.428426,35.636493
23295,-97.428426,35.636502
23294,-97.428426,35.636511
23291,-97.428259,35.636480
23292,-97.428258,35.636489
23293,-97.428258,35.636498
23225,-97.434191,35.638181
23226,-97.433898,35.638181
23229,-97.433155,35.637691
23228,-97.433146,35.638104
23227,-97.433145,35.638150
23230,-97.432987,35.637689
23231,-97.432978,35.638111
23232,-97.432977,35.638148
23220,-97.438161,35.635136
23106,-97.438319,35.636043
23221,-97.438151,35.636044
23222,-97.438149,35.636202
23105,-97.438306,35.637089
23223,-97.438138,35.637129
23104,-97.438294,35.638094
23103,-97.438294,35.638178
23224,-97.438127,35.638057
23323,-97.437305,35.638329
23125,-97.438327,35.630212
23126,-97.437972,35.630218
23124,-97.437970,35.630356
23123,-97.436940,35.630374
23127,-97.436804,35.630173
23139,-97.436648,35.630023
23140,-97.436636,35.630161
23122,-97.436610,35.630379
23111,-97.438310,35.632403
23109,-97.438337,35.633191
23107,-97.438344,35.633847
23110,-97.438170,35.633307
23108,-97.438175,35.633806
23218,-97.438174,35.634030
23219,-97.438172,35.634228
23112,-97.437695,35.631837
23113,-97.437601,35.631836
23114,-97.437458,35.631973
23074,-97.442205,35.630070
23076,-97.442113,35.629936
23075,-97.442176,35.629994
23097,-97.442036,35.630070
23073,-97.442208,35.630114
23092,-97.442217,35.630280
23093,-97.442049,35.630284
23091,-97.442219,35.630350
23090,-97.442222,35.630420
23094,-97.441889,35.630471
23095,-97.441799,35.630471
23089,-97.441979,35.630609
23060,-97.440474,35.627156
23058,-97.440306,35.627072
23059,-97.440306,35.627198
23077,-97.441598,35.629823
23078,-97.441545,35.629813
23096,-97.441560,35.629957
23079,-97.441492,35.629803
23080,-97.441439,35.629793
23081,-97.440897,35.629906
23082,-97.440873,35.629945
23088,-97.441498,35.630609
23087,-97.441448,35.630609
23086,-97.441397,35.630609
23085,-97.441347,35.630609
23084,-97.440681,35.630610
23083,-97.440654,35.630610
23131,-97.436755,35.627872
23132,-97.436713,35.627873
23130,-97.437152,35.628505
23135,-97.436984,35.628477
23137,-97.436827,35.628533
23129,-97.437155,35.628710
23138,-97.436987,35.628714
23128,-97.437157,35.628826
23018,-97.442114,35.624560
23017,-97.442114,35.624582
23016,-97.442114,35.624604
23015,-97.442114,35.624627
23014,-97.442114,35.624649
23019,-97.441946,35.624587
23020,-97.441946,35.624610
23021,-97.441946,35.624632
23013,-97.442114,35.625158
23022,-97.441929,35.625171
23023,-97.441871,35.625171
23024,-97.441813,35.625171
23048,-97.441872,35.625309
23047,-97.441815,35.625309
23012,-97.442117,35.625526
23011,-97.442122,35.625936
23049,-97.441950,35.625630
23070,-97.442110,35.626211
23069,-97.442044,35.626440
23068,-97.441991,35.626552
23067,-97.441870,35.626748
23027,-97.440494,35.624932
23028,-97.440326,35.624932
23046,-97.441758,35.625309
23066,-97.441720,35.626686
23054,-97.440867,35.626212
23053,-97.440815,35.626211
23026,-97.440494,35.625044
23025,-97.440494,35.625157
23029,-97.440326,35.624988
23030,-97.440326,35.625044
23031,-97.440326,35.625100
23033,-97.440326,35.625128
23032,-97.440326,35.625157
23045,-97.440510,35.625309
23044,-97.440286,35.625307
23052,-97.440764,35.626211
23051,-97.440712,35.626211
23050,-97.440651,35.626213
23063,-97.440762,35.626349
23064,-97.440710,35.626349
23065,-97.440669,35.626349
23055,-97.440306,35.626946
23056,-97.440306,35.626988
23037,-97.439114,35.625055
23036,-97.439114,35.625086
23035,-97.439114,35.625116
23034,-97.439114,35.625147
23043,-97.439150,35.625299
23038,-97.438946,35.625025
23039,-97.438946,35.625055
23040,-97.438946,35.625086
23041,-97.438946,35.625116
23042,-97.438928,35.625161
23152,-97.437668,35.624871
23151,-97.437671,35.625128
23150,-97.437672,35.625323
23161,-97.437504,35.625321
23146,-97.437317,35.626317
23147,-97.437324,35.626323
23149,-97.437594,35.626565
23148,-97.437600,35.626571
23163,-97.437109,35.626134
23162,-97.436966,35.626210
23062,-97.440474,35.627030
23061,-97.440474,35.627072
23057,-97.440306,35.627030
23153,-97.436822,35.624415
23154,-97.436783,35.624414
23160,-97.436775,35.624552
23159,-97.436762,35.624551
23164,-97.436201,35.624401
23145,-97.436256,35.624539
23144,-97.436203,35.624539
23165,-97.436148,35.624402
23143,-97.436150,35.624540
23172,-97.434676,35.625182
23167,-97.434844,35.625787
23166,-97.434844,35.625815
19911,-97.455246,35.626707
19910,-97.455143,35.626649
19900,-97.454141,35.626244
19828,-97.453964,35.625942
19826,-97.453546,35.625122
19827,-97.453546,35.625187
19829,-97.454022,35.625987
19830,-97.454042,35.626119
19831,-97.453384,35.626689
19832,-97.453309,35.626714
20734,-97.452429,35.625036
20733,-97.452428,35.625085
20728,-97.452261,35.625036
20729,-97.452260,35.625085
20732,-97.452424,35.625717
20730,-97.452256,35.625618
20731,-97.452256,35.625717
19886,-97.455981,35.628940
19885,-97.455990,35.628990
19884,-97.455998,35.629041
19887,-97.455815,35.628958
19905,-97.454900,35.627511
19906,-97.454840,35.627485
19907,-97.454781,35.627460
19904,-97.454822,35.627633
19903,-97.454762,35.627607
19902,-97.454703,35.627582
19908,-97.454161,35.627194
19909,-97.454102,35.627169
19901,-97.454083,35.627316
19894,-97.454466,35.628409
19893,-97.454526,35.628420
19864,-97.454430,35.628543
19888,-97.455832,35.629059
19883,-97.456044,35.629581
19882,-97.456044,35.629631
19881,-97.456044,35.629682
19889,-97.455876,35.629581
19890,-97.455876,35.629631
19880,-97.456044,35.630318
19892,-97.454889,35.629348
19848,-97.454633,35.629394
19847,-97.454659,35.629530
19849,-97.454559,35.629404
19891,-97.454932,35.630186
19865,-97.454765,35.630286
19866,-97.454766,35.630319
19895,-97.453865,35.628284
19896,-97.453811,35.628262
19897,-97.453756,35.628239
19863,-97.453789,35.628406
19862,-97.453735,35.628384
19861,-97.453680,35.628361
19860,-97.453110,35.628137
19899,-97.452384,35.627406
19898,-97.452384,35.627445
19833,-97.452216,35.627368
19834,-97.452216,35.627406
19835,-97.452216,35.627445
19857,-97.452898,35.629051
19858,-97.452877,35.629051
19859,-97.452392,35.628976
19836,-97.452223,35.628900
19846,-97.453980,35.629810
19850,-97.453848,35.629726
19845,-97.453934,35.629858
19844,-97.453888,35.629906
19843,-97.453842,35.629954
19851,-97.453802,35.629774
19852,-97.453756,35.629822
19842,-97.453332,35.630393
19841,-97.453264,35.630419
19856,-97.452877,35.629189
19855,-97.452393,35.629202
19837,-97.452225,35.629202
19854,-97.452388,35.629728
19853,-97.452388,35.629774
19838,-97.452220,35.629728
19839,-97.452220,35.629774
19840,-97.452216,35.630301
20007,-97.455670,35.631625
20006,-97.455671,35.631646
20005,-97.455672,35.631668
20004,-97.455707,35.632042
20008,-97.455501,35.631610
20009,-97.455502,35.631631
20010,-97.455503,35.631652
20011,-97.455504,35.631674
20012,-97.455541,35.632060
20098,-97.455843,35.632336
20013,-97.455496,35.632243
20097,-97.455584,35.632366
20014,-97.455452,35.632253
20020,-97.454675,35.631549
20019,-97.454730,35.631661
20018,-97.454744,35.631776
20017,-97.454720,35.631895
20016,-97.454686,35.631994
20021,-97.454568,35.631455
20068,-97.454527,35.631615
20022,-97.454422,35.631402
20067,-97.454464,35.631563
20066,-97.454388,35.631536
20023,-97.454281,35.631390
20065,-97.454279,35.631528
20024,-97.454156,35.631389
20069,-97.454566,35.631689
20070,-97.454576,35.631776
20096,-97.455088,35.632492
20095,-97.455040,35.632498
20094,-97.455016,35.632501
20015,-97.454580,35.632191
20071,-97.454356,35.632233
20072,-97.454096,35.632150
20120,-97.455527,35.633286
20101,-97.455419,35.633180
20102,-97.455374,35.633211
20119,-97.455482,35.633317
20118,-97.455436,35.633347
20117,-97.455391,35.633378
20103,-97.455328,35.633241
20104,-97.455283,35.633272
20116,-97.455346,35.633409
20134,-97.455109,35.634334
20107,-97.454187,35.633486
20105,-97.454232,35.633794
20106,-97.454203,35.633763
20115,-97.454102,35.633880
20135,-97.455045,35.634379
20136,-97.454981,35.634424
20143,-97.454914,35.634641
20142,-97.454886,35.634658
20137,-97.454813,35.634531
20138,-97.454784,35.634549
20139,-97.454754,35.634567
20025,-97.454031,35.631389
20026,-97.453906,35.631388
20093,-97.453920,35.632269
20073,-97.453815,35.632131
20074,-97.453552,35.632131
20092,-97.453500,35.632269
20075,-97.453290,35.632131
20076,-97.453072,35.632128
20077,-97.453098,35.633083
20078,-97.453097,35.633128
20064,-97.452355,35.632084
20063,-97.452355,35.632109
20027,-97.452187,35.632083
20028,-97.452187,35.632107
20062,-97.452354,35.632298
20061,-97.452354,35.632352
20060,-97.452354,35.632406
20029,-97.452186,35.632299
20030,-97.452186,35.632353
20108,-97.454019,35.633423
20109,-97.454019,35.633484
20110,-97.454018,35.633545
20111,-97.454017,35.633606
20112,-97.454016,35.633667
20113,-97.454016,35.633728
20114,-97.454045,35.633809
20091,-97.453265,35.633174
20090,-97.453264,35.633220
20089,-97.453264,35.633266
20088,-97.453264,35.633311
20087,-97.453263,35.633357
20079,-97.453097,35.633174
20080,-97.453096,35.633220
20081,-97.453096,35.633266
20082,-97.453095,35.633357
20083,-97.453095,35.633403
20140,-97.453959,35.634705
20141,-97.453931,35.634699
20086,-97.453252,35.634507
20084,-97.453084,35.634497
20085,-97.453081,35.634543
20046,-97.453232,35.634719
20045,-97.453223,35.634776
20044,-97.453215,35.634833
20043,-97.453207,35.634890
20047,-97.453064,35.634703
20042,-97.453199,35.634947
20041,-97.453191,35.635005
20040,-97.453183,35.635062
20039,-97.453175,35.635119
20038,-97.453171,35.635148
20059,-97.452354,35.633532
20058,-97.452354,35.633585
20057,-97.452354,35.633639
20031,-97.452186,35.633501
20032,-97.452186,35.633556
20056,-97.452354,35.633692
20055,-97.452354,35.633746
20033,-97.452186,35.633665
20034,-97.452186,35.633720
20048,-97.453055,35.634760
20049,-97.453047,35.634817
20050,-97.453039,35.634874
20054,-97.452354,35.634926
20053,-97.452354,35.634979
20052,-97.452354,35.635033
20051,-97.452354,35.635087
20035,-97.452186,35.634977
20036,-97.452186,35.635032
20037,-97.452186,35.635087
22920,-97.453330,35.636141
22921,-97.453116,35.636144
22922,-97.452824,35.636155
22923,-97.452808,35.636155
22924,-97.452156,35.636734
22906,-97.452324,35.636752
22905,-97.452324,35.636770
22925,-97.452156,35.636752
22926,-97.452156,35.636770
17772,-97.450823,35.624885
17771,-97.450829,35.624932
17774,-97.450661,35.624946
17773,-97.450655,35.624899
17765,-97.451533,35.626828
17764,-97.451527,35.626966
17766,-97.451448,35.626825
17763,-97.451442,35.626963
17767,-97.451364,35.626822
17762,-97.451358,35.626960
17761,-97.451274,35.626958
17760,-97.451189,35.626955
17770,-97.450154,35.625855
17775,-97.450005,35.625776
17769,-97.450107,35.625884
17768,-97.450061,35.625914
17776,-97.449915,35.625778
17782,-97.449757,35.625833
17784,-97.449802,35.625883
17783,-97.449779,35.625858
17781,-97.449381,35.625178
17780,-97.449359,35.625153
17779,-97.449337,35.625128
17778,-97.449223,35.625233
17777,-97.449245,35.625258
17786,-97.448030,35.626285
17785,-97.448399,35.626703
17791,-97.446586,35.624566
17790,-97.446598,35.624599
17793,-97.446436,35.624637
17792,-97.446424,35.624604
17787,-97.447729,35.625943
17789,-97.447124,35.625273
17788,-97.447150,35.625301
17794,-97.446963,35.625328
17796,-97.447014,35.625383
17795,-97.446988,35.625355
17829,-97.447894,35.626365
17797,-97.447593,35.626025
17828,-97.447666,35.626176
17827,-97.447635,35.626198
17798,-97.446717,35.626341
17826,-97.446717,35.626479
17825,-97.446676,35.626479
17799,-97.445683,35.626341
17800,-97.445642,35.626341
17824,-97.445683,35.626479
17804,-97.444664,35.625350
17803,-97.444663,35.625387
17805,-97.444496,35.625348
17806,-97.444495,35.625385
17802,-97.444654,35.626272
17801,-97.444654,35.626309
17807,-97.444486,35.626233
17808,-97.444486,35.626270
17809,-97.444486,35.626307
17810,-97.444471,35.626338
17813,-97.444467,35.626476
17812,-97.444435,35.626475
17811,-97.444403,35.626474
17738,-97.450460,35.628408
17739,-97.450394,35.628374
17745,-97.450370,35.628524
17740,-97.450329,35.628341
17744,-97.450304,35.628490
17743,-97.450239,35.628457
17737,-97.450816,35.629691
17736,-97.450816,35.629723
17735,-97.450814,35.629786
17746,-97.450648,35.629689
17734,-97.450579,35.630098
17733,-97.450535,35.630102
17742,-97.448972,35.627356
17741,-97.449020,35.627406
17759,-97.448888,35.627490
17830,-97.448594,35.627358
17747,-97.449446,35.629961
17748,-97.449401,35.629961
17732,-97.449455,35.630099
17731,-97.449321,35.630098
17750,-97.448320,35.629365
17751,-97.448147,35.629558
17752,-97.448147,35.629566
17749,-97.448321,35.629951
17730,-97.448341,35.630089
17729,-97.448120,35.630089
17728,-97.448080,35.630089
17692,-97.451519,35.631531
17706,-97.450770,35.631529
17691,-97.450884,35.632375
17705,-97.450726,35.632327
17693,-97.450382,35.632844
17694,-97.450344,35.632890
17690,-97.450484,35.632966
17689,-97.450479,35.633013
17688,-97.450474,35.633010
17686,-97.451278,35.634088
17685,-97.451188,35.634087
17695,-97.450001,35.633819
17687,-97.450166,35.633930
17696,-97.449998,35.633926
17707,-97.449924,35.631523
17708,-97.449848,35.631522
17724,-97.449004,35.631802
17704,-97.449124,35.631898
17703,-97.448997,35.632025
17725,-97.448775,35.631746
17723,-97.448855,35.631953
17702,-97.448947,35.632089
17709,-97.448806,35.632016
17726,-97.448048,35.631487
17722,-97.448042,35.631625
17721,-97.447969,35.631623
17701,-97.448898,35.632154
17700,-97.448849,35.632219
17684,-97.449943,35.634079
17683,-97.449853,35.634079
17697,-97.449047,35.633941
17698,-97.448975,35.633941
17682,-97.449011,35.634079
17699,-97.448187,35.633941
17681,-97.448187,35.634079
17758,-97.447497,35.627978
17757,-97.447448,35.628004
17831,-97.447407,35.627862
17832,-97.447358,35.627888
17756,-97.447398,35.628030
17833,-97.447308,35.627914
17755,-97.446634,35.628918
17834,-97.446503,35.628830
17835,-97.446474,35.628871
17836,-97.446444,35.628913
17753,-97.447207,35.629959
17754,-97.446990,35.629960
17848,-97.446169,35.630089
17847,-97.445947,35.630087
17823,-97.444476,35.628230
17822,-97.444434,35.628243
17821,-97.444393,35.628256
17820,-97.444143,35.628289
17814,-97.444091,35.628151
17819,-97.444091,35.628289
17837,-97.444940,35.629943
17838,-97.444898,35.629943
17846,-97.444951,35.630081
17845,-97.444910,35.630081
17844,-97.444868,35.630081
17839,-97.444857,35.629943
17840,-97.443910,35.629937
17841,-97.443869,35.629936
17843,-97.443915,35.630075
17842,-97.443873,35.630075
17727,-97.447174,35.631447
17849,-97.447006,35.631447
17850,-97.446930,35.631461
17720,-97.446930,35.631599
17710,-97.447307,35.632959
17711,-97.447084,35.632959
17871,-97.447056,35.633097
17851,-97.446812,35.631461
17719,-97.446812,35.631599
17872,-97.447126,35.633927
17873,-97.447121,35.634687
17680,-97.447288,35.634718
17852,-97.445460,35.631468
17718,-97.445460,35.631606
17853,-97.445342,35.631468
17717,-97.445342,35.631606
17712,-97.445841,35.632951
17713,-97.445623,35.632951
17714,-97.444938,35.632955
17715,-97.444909,35.632955
17864,-97.444905,35.633093
17854,-97.443937,35.631609
17716,-97.443977,35.633013
17858,-97.443944,35.632992
17870,-97.445592,35.633802
17869,-97.445588,35.633834
17868,-97.445584,35.633866
17865,-97.445424,35.633788
17866,-97.445420,35.633820
17867,-97.445416,35.633852
17863,-97.443949,35.633915
17862,-97.443948,35.633951
17815,-97.443523,35.628151
17816,-97.443497,35.628151
17818,-97.443523,35.628289
17817,-97.443497,35.628289
23071,-97.442707,35.628460
23072,-97.442708,35.628626
17856,-97.443734,35.631634
17855,-97.443726,35.631627
17857,-97.443819,35.631955
23098,-97.442698,35.631454
23099,-97.442699,35.631651
17859,-97.443783,35.633874
17860,-97.443781,35.633909
17861,-97.443780,35.633945
23100,-97.442690,35.633797
23101,-97.442685,35.634120
22944,-97.450922,35.635810
22943,-97.450921,35.635872
22945,-97.450754,35.635808
22946,-97.450753,35.635870
22942,-97.450913,35.636461
22941,-97.450912,35.636523
22940,-97.450912,35.636585
22939,-97.450911,35.636647
22947,-97.450745,35.636459
22948,-97.450744,35.636521
22949,-97.450744,35.636583
22950,-97.450743,35.636645
22938,-97.450897,35.637243
22951,-97.450729,35.637227
22937,-97.450889,35.637304
22936,-97.450881,35.637366
22935,-97.450867,35.637438
22952,-97.450721,35.637288
22953,-97.450713,35.637350
22954,-97.450705,35.637400
17679,-97.447284,35.635405
17678,-97.447283,35.635632
17874,-97.447066,35.635485
17899,-97.447103,35.635622
17875,-97.446923,35.635490
17898,-97.446960,35.635627
17677,-97.447280,35.636291
17676,-97.447278,35.636810
17897,-97.446817,35.635632
17876,-97.446780,35.635495
17877,-97.446666,35.635499
22966,-97.446337,35.636763
22967,-97.446306,35.636763
22968,-97.446276,35.636764
22969,-97.446246,35.636765
22970,-97.446216,35.636765
22971,-97.446185,35.636766
17675,-97.447275,35.637658
22960,-97.447290,35.638191
22965,-97.446629,35.637462
22964,-97.446629,35.637488
22983,-97.446461,35.637488
22963,-97.446629,35.637515
22984,-97.446461,35.637515
22962,-97.446624,35.638124
22961,-97.446624,35.638151
22985,-97.446456,35.638124
22986,-97.446456,35.638151
22987,-97.446456,35.638178
17878,-97.445682,35.635496
17896,-97.445660,35.635632
17879,-97.445512,35.635478
17895,-97.445490,35.635614
17880,-97.445370,35.635463
17894,-97.445376,35.635602
17881,-97.444214,35.635414
17893,-97.444256,35.635548
17892,-97.444114,35.635558
17882,-97.444071,35.635424
22982,-97.445578,35.637532
22981,-97.445578,35.637557
22972,-97.445410,35.637507
22973,-97.445410,35.637532
22974,-97.445410,35.637557
22980,-97.445583,35.638126
22979,-97.445583,35.638151
22978,-97.445584,35.638176
22975,-97.445415,35.638126
22976,-97.445415,35.638151
22977,-97.445416,35.638176
17891,-97.443396,35.635603
17883,-97.442649,35.635481
17890,-97.442649,35.635619
17884,-97.442507,35.635481
17889,-97.442507,35.635619
23102,-97.442666,35.637022
17885,-97.441766,35.635484
17888,-97.441766,35.635622
17886,-97.440813,35.635487
17887,-97.440884,35.635625
20145,-97.455157,35.634481
20144,-97.455091,35.634528
20173,-97.455270,35.635368
20162,-97.455160,35.635264
20163,-97.455115,35.635284
20172,-97.455197,35.635404
20171,-97.455120,35.635436
20164,-97.455072,35.635304
20165,-97.455006,35.635320
20170,-97.455054,35.635452
20169,-97.454989,35.635468
20168,-97.454923,35.635483
20167,-97.454825,35.635485
20166,-97.454757,35.635482
22914,-97.454394,35.636169
22915,-97.454248,35.636150
22916,-97.454111,35.636146
22913,-97.454368,35.636305
22912,-97.454242,35.636288
22911,-97.454105,35.636284
22917,-97.453839,35.636141
22918,-97.453669,35.636141
22919,-97.453499,35.636141
22910,-97.454016,35.636538
22909,-97.453848,35.636536
22908,-97.453584,35.636279
22907,-97.453330,35.636279
22899,-97.453136,35.637071
22900,-97.453136,35.637104
22901,-97.452421,35.637221
22902,-97.452380,35.637221
22904,-97.452324,35.637189
22903,-97.452324,35.637208
22927,-97.452156,35.637189
22928,-97.452156,35.637208
22895,-97.452634,35.638108
22898,-97.452421,35.637359
22897,-97.452380,35.637359
22896,-97.452340,35.637359
22929,-97.452466,35.638108
22930,-97.452466,35.638143
22931,-97.452466,35.638178
22934,-97.450714,35.638053
22933,-97.450714,35.638115
22932,-97.450714,35.638178
22955,-97.450546,35.638053
22956,-97.450546,35.638115
22957,-97.450546,35.638178
22958,-97.450529,35.638191
22959,-97.450483,35.638191
22894,-97.458052,35.638195
23324,-97.458017,35.638333
19976,-97.458308,35.631841
19975,-97.458297,35.631858
19979,-97.457959,35.632037
19980,-97.457934,35.632065
19981,-97.457910,35.632094
19984,-97.457540,35.631791
19983,-97.457544,35.631809
19982,-97.457548,35.631827
19985,-97.457370,35.631797
19987,-97.457378,35.631833
19988,-97.457382,35.631851
19986,-97.457374,35.631815
19974,-97.458059,35.632158
19973,-97.458046,35.632174
19972,-97.457943,35.632334
19971,-97.457923,35.632415
19989,-97.457671,35.632174
19990,-97.457737,35.632678
19991,-97.457736,35.632699
20185,-97.457709,35.632939
19992,-97.457180,35.632801
20127,-97.457180,35.632939
19998,-97.456561,35.631750
19997,-97.456558,35.631766
19996,-97.456555,35.631783
19995,-97.456553,35.631799
19999,-97.456395,35.631732
20000,-97.456392,35.631748
20001,-97.456389,35.631765
20002,-97.456387,35.631781
20003,-97.456330,35.632123
19993,-97.457144,35.632760
19994,-97.456496,35.632141
20126,-97.456470,35.632364
20125,-97.456468,35.632412
20124,-97.456466,35.632460
20123,-97.456464,35.632508
20122,-97.456440,35.632574
20121,-97.456420,35.632619
20099,-97.456300,35.632408
20100,-97.456298,35.632456
20180,-97.457205,35.633518
20182,-97.457090,35.633379
20183,-97.457052,35.633332
20184,-97.457014,35.633286
20181,-97.457129,35.633425
20155,-97.457027,35.633547
20154,-97.456989,35.633501
20153,-97.456950,35.633455
20152,-97.456828,35.633315
20128,-97.456653,35.633255
20151,-97.456761,35.633361
20150,-97.456694,35.633408
20129,-97.456589,35.633300
20130,-97.456525,35.633345
20131,-97.456460,35.633390
20149,-97.456627,35.633454
20148,-97.456560,35.633501
20132,-97.456396,35.633435
20147,-97.456493,35.633548
20146,-97.456427,35.633594
20133,-97.456332,35.633480
20156,-97.456434,35.634341
20157,-97.456386,35.634381
20179,-97.456556,35.634437
20178,-97.456508,35.634477
20177,-97.456461,35.634517
20176,-97.456403,35.634558
20158,-97.456339,35.634421
20159,-97.456293,35.634454
20175,-97.456352,35.634595
20174,-97.456300,35.634632
20160,-97.456242,35.634491
20161,-97.456190,35.634528
19965,-97.460357,35.631383
19717,-97.460388,35.633107
19716,-97.460275,35.633117
19956,-97.459468,35.630698
19936,-97.459574,35.630833
19957,-97.459396,35.630694
19867,-97.457274,35.630178
19966,-97.460217,35.631385
19967,-97.460078,35.631388
19968,-97.459939,35.631391
19969,-97.459800,35.631394
19970,-97.459660,35.631397
19704,-97.459906,35.632215
19703,-97.459906,35.632230
19705,-97.459738,35.632232
19702,-97.459909,35.632525
19701,-97.459909,35.632541
19700,-97.459909,35.632556
19699,-97.459910,35.632587
19698,-97.459910,35.632603
19697,-97.459910,35.632618
19715,-97.460163,35.633127
19714,-97.460051,35.633137
19696,-97.459912,35.632898
19695,-97.459913,35.632913
19694,-97.459913,35.632929
19693,-97.459913,35.632944
19713,-97.459939,35.633148
19706,-97.459729,35.633021
19707,-97.459714,35.633021
19708,-97.459686,35.633021
19709,-97.459672,35.633021
19710,-97.459658,35.633021
19711,-97.459643,35.633021
19978,-97.458331,35.631807
19977,-97.458319,35.631824
19712,-97.459721,35.633159
28728,-97.460571,35.629783
28727,-97.460571,35.629864
19913,-97.455452,35.626822
19912,-97.455349,35.626765
19943,-97.459719,35.628359
19942,-97.459813,35.628473
19941,-97.459797,35.628481
19944,-97.459703,35.628367
19945,-97.459493,35.628475
19946,-97.459456,35.628447
19947,-97.459525,35.628743
19919,-97.458265,35.628474
19920,-97.458250,35.628457
19918,-97.458281,35.628491
19921,-97.458234,35.628440
19964,-97.458406,35.628623
19963,-97.458244,35.628747
19940,-97.459784,35.629552
19937,-97.459857,35.629786
19939,-97.459790,35.629642
19938,-97.459810,35.629704
19948,-97.459620,35.629462
19949,-97.459616,35.629560
19950,-97.459622,35.629650
19951,-97.459658,35.629762
19952,-97.459705,35.629844
19953,-97.459894,35.630579
19955,-97.459917,35.630743
19954,-97.459809,35.630637
19959,-97.458710,35.629882
19958,-97.458802,35.629974
19960,-97.458593,35.629793
19961,-97.458496,35.629719
19930,-97.458580,35.629968
19929,-97.458483,35.629897
19962,-97.458411,35.629643
19928,-97.458370,35.629811
19926,-97.458186,35.629585
19927,-97.458265,35.629711
19935,-97.458757,35.630172
19931,-97.458617,35.630085
19932,-97.458573,35.630110
19934,-97.458669,35.630222
19933,-97.458519,35.630142
19922,-97.458116,35.628539
19924,-97.458147,35.628573
19923,-97.458131,35.628556
19925,-97.458096,35.628681
19916,-97.456693,35.627474
19917,-97.456804,35.627521
19915,-97.456582,35.627427
19914,-97.456468,35.627375
19873,-97.456974,35.628319
19872,-97.456989,35.628393
19871,-97.457004,35.628466
19874,-97.456808,35.628341
19875,-97.456823,35.628415
19876,-97.456838,35.628488
19870,-97.457161,35.629240
19869,-97.457176,35.629314
19868,-97.457191,35.629388
19877,-97.456995,35.629262
19879,-97.457025,35.629410
19878,-97.457010,35.629336
20725,-97.453530,35.624350
20726,-97.453353,35.624348
20727,-97.453265,35.624347
41649,-97.444481,35.639445
41650,-97.444485,35.639467
41646,-97.444472,35.639379
41647,-97.444475,35.639401
41648,-97.444478,35.639423
41670,-97.444481,35.639617
41669,-97.444467,35.639619
41668,-97.444155,35.639649
41653,-97.443533,35.639230
41652,-97.443538,35.639244
41651,-97.443543,35.639258
41654,-97.443534,35.639234
41655,-97.443366,35.639219
41656,-97.443366,35.639234
41659,-97.443381,35.639294
41657,-97.443371,35.639266
41658,-97.443376,35.639280
41660,-97.443539,35.639574
41661,-97.443173,35.640871
41662,-97.443092,35.640871
41667,-97.443092,35.641009
41663,-97.443011,35.640871
41666,-97.443011,35.641009
41664,-97.442931,35.640871
41665,-97.442840,35.640873
48051,-97.442670,35.639634
48052,-97.442666,35.640867
44018,-97.439169,35.638952
44011,-97.439010,35.639007
44017,-97.439189,35.639046
44016,-97.439199,35.639093
44012,-97.439020,35.639054
44013,-97.439029,35.639101
44010,-97.436195,35.639107
44009,-97.436194,35.639181
44008,-97.436193,35.639256
43903,-97.436027,35.639105
43904,-97.436026,35.639179
43905,-97.436025,35.639254
44014,-97.439196,35.639896
44015,-97.439172,35.640659
43999,-97.437824,35.641358
44004,-97.437313,35.640451
44003,-97.437298,35.640451
44002,-97.437283,35.640451
44001,-97.437268,35.640451
44000,-97.437253,35.640451
43996,-97.437656,35.641236
43997,-97.437656,35.641331
43995,-97.436780,35.640932
44007,-97.436185,35.640038
44006,-97.436184,35.640113
44005,-97.436184,35.640188
43906,-97.436017,35.640036
43907,-97.436016,35.640111
43908,-97.435902,35.640197
43926,-97.436492,35.640766
43924,-97.435949,35.640336
43925,-97.436009,35.640715
43923,-97.435900,35.640335
43998,-97.437222,35.641512
43994,-97.437037,35.641406
43928,-97.437030,35.641626
43927,-97.436868,35.641472
43951,-97.436846,35.642269
43993,-97.437188,35.642419
43950,-97.436939,35.642407
43949,-97.436909,35.642407
43948,-97.436880,35.642407
43912,-97.434778,35.639578
43911,-97.434775,35.640025
43910,-97.434774,35.640072
43909,-97.434774,35.640119
43922,-97.435387,35.640328
43921,-97.435338,35.640327
43913,-97.434611,35.639484
43914,-97.434611,35.639508
43915,-97.434610,35.639531
43916,-97.434610,35.639578
43917,-97.434607,35.640025
43918,-97.434606,35.640072
43919,-97.434606,35.640119
43920,-97.434606,35.640167
43952,-97.435720,35.642262
43953,-97.435668,35.642261
43929,-97.436633,35.643184
43978,-97.436635,35.643323
43977,-97.436566,35.643351
43930,-97.436462,35.643239
43979,-97.437468,35.643891
43992,-97.437623,35.643949
43991,-97.437501,35.644055
43980,-97.437431,35.643920
43981,-97.437357,35.643978
43990,-97.437389,35.644144
43989,-97.437195,35.645078
43988,-97.436955,35.644968
43976,-97.435822,35.644110
43982,-97.436610,35.644635
43987,-97.436581,35.644897
43983,-97.436487,35.644773
43984,-97.436461,35.644799
43985,-97.436448,35.644811
43986,-97.436415,35.644832
43896,-97.432921,35.639262
43897,-97.432911,35.639277
43898,-97.432902,35.639291
43901,-97.432124,35.638970
43902,-97.432100,35.638944
43900,-97.432261,35.639081
43696,-97.432003,35.639067
43695,-97.431980,35.639042
43954,-97.435617,35.642261
43955,-97.435338,35.642259
43956,-97.434947,35.642250
43957,-97.434909,35.642249
43958,-97.434872,35.642249
43935,-97.435517,35.643096
43934,-97.435517,35.643163
43933,-97.435516,35.643230
43936,-97.435349,35.643096
43937,-97.435349,35.643163
43938,-97.435348,35.643230
43947,-97.434454,35.643193
43946,-97.434454,35.643270
43945,-97.434454,35.643348
43959,-97.434286,35.642905
43960,-97.434286,35.642960
43961,-97.434286,35.643015
43962,-97.434286,35.643070
43705,-97.433140,35.639633
43895,-97.433059,35.639341
43894,-97.433050,35.639355
43899,-97.432861,35.639315
43704,-97.432765,35.639430
43706,-97.433087,35.640004
43893,-97.433030,35.640211
43892,-97.432984,35.640240
43891,-97.432937,35.640269
43890,-97.432890,35.640298
43707,-97.432649,35.640276
43886,-97.433257,35.640925
43885,-97.433280,35.640948
43887,-97.433235,35.640902
43884,-97.433303,35.640972
43883,-97.433171,35.641058
43882,-97.433125,35.641011
43889,-97.432844,35.640327
43888,-97.432797,35.640356
43703,-97.431612,35.639637
43702,-97.431601,35.639647
43701,-97.431590,35.639656
43700,-97.431580,35.639666
43878,-97.433256,35.642175
43877,-97.433302,35.642252
43876,-97.433329,35.642339
43714,-97.433160,35.642332
43713,-97.433127,35.642266
43875,-97.433339,35.642410
43874,-97.433344,35.642489
43873,-97.433339,35.642581
43715,-97.433165,35.642386
43716,-97.433175,35.642457
43717,-97.433176,35.642521
43718,-97.433167,35.642570
43872,-97.433312,35.642649
43871,-97.433282,35.642719
43870,-97.433252,35.642786
43719,-97.433140,35.642636
43720,-97.433110,35.642703
43869,-97.433195,35.642861
43721,-97.433082,35.642753
43722,-97.432937,35.642889
43879,-97.431988,35.641724
43880,-97.431910,35.641693
43881,-97.431867,35.641659
43711,-97.431854,35.641824
43709,-97.431689,35.641707
43710,-97.431763,35.641768
43708,-97.431641,35.641647
43712,-97.431953,35.641859
43723,-97.431609,35.643244
43833,-97.431655,35.643386
43724,-97.431554,35.643276
43697,-97.431479,35.639553
43698,-97.431468,35.639562
43699,-97.431458,35.639572
43725,-97.431495,35.643318
43726,-97.431445,35.643356
43932,-97.435587,35.643903
43931,-97.435639,35.644031
43939,-97.435427,35.643945
43940,-97.435453,35.644009
43941,-97.435459,35.644111
43975,-97.435543,35.644229
43974,-97.435423,35.644257
43963,-97.434286,35.643645
43964,-97.434286,35.643700
43965,-97.434286,35.643755
43944,-97.434454,35.644162
43943,-97.434454,35.644239
43942,-97.434454,35.644317
43966,-97.434286,35.644275
43967,-97.434289,35.644484
43968,-97.434305,35.644886
43973,-97.434481,35.645087
43972,-97.434484,35.645153
43971,-97.434487,35.645219
43970,-97.434490,35.645285
43969,-97.434322,35.645289
43868,-97.433361,35.643560
43867,-97.433360,35.643589
43866,-97.433360,35.643619
43865,-97.433360,35.643648
43834,-97.433192,35.643617
43835,-97.433192,35.643646
43864,-97.433354,35.644269
43863,-97.433354,35.644314
43836,-97.433186,35.644267
43837,-97.433186,35.644297
43838,-97.433186,35.644327
43862,-97.433351,35.644513
43861,-97.433350,35.644555
43839,-97.433178,35.644782
43860,-97.433337,35.645263
43859,-97.433335,35.645347
43840,-97.433167,35.645366
43823,-97.432851,35.645292
43822,-97.432935,35.645333
43824,-97.432753,35.645227
43820,-97.432745,35.645398
43819,-97.432647,35.645333
43829,-97.432220,35.644144
43828,-97.432234,35.644268
43827,-97.432234,35.644371
43813,-97.432066,35.644268
43814,-97.432066,35.644371
43832,-97.431611,35.643417
43831,-97.431560,35.643455
43826,-97.432234,35.644474
43825,-97.432234,35.644577
43815,-97.432066,35.644474
43816,-97.432066,35.644577
43818,-97.432549,35.645268
43817,-97.432451,35.645202
43858,-97.433332,35.645564
43857,-97.433331,35.645627
43856,-97.433331,35.645689
43821,-97.432875,35.645461
43830,-97.431510,35.643494
43727,-97.431396,35.643394
43728,-97.430870,35.644118
43729,-97.430852,35.644166
43730,-97.430844,35.644199
43731,-97.430836,35.644232
43732,-97.430828,35.644265
43733,-97.430819,35.644299
43841,-97.433159,35.646051
43842,-97.433158,35.646098
43855,-97.433324,35.646285
43854,-97.433324,35.646348
43853,-97.433323,35.646411
43852,-97.433322,35.646473
43843,-97.433153,35.646538
43844,-97.433153,35.646584
43845,-97.433152,35.646630
43846,-97.433152,35.646677
43851,-97.433315,35.647132
43850,-97.433314,35.647195
43847,-97.433146,35.647209
43849,-97.433314,35.647258
43848,-97.433146,35.647256
43784,-97.432087,35.646137
43783,-97.432118,35.646204
43782,-97.432140,35.646283
43781,-97.432158,35.646352
43780,-97.432177,35.646422
43786,-97.431591,35.645567
43785,-97.431653,35.645617
43795,-97.431929,35.646185
43796,-97.431960,35.646252
43797,-97.431976,35.646313
43799,-97.432013,35.646452
43798,-97.431994,35.646382
43779,-97.432181,35.647187
43778,-97.432178,35.647258
43777,-97.432176,35.647330
43776,-97.432017,35.647493
43775,-97.431916,35.647496
43774,-97.431847,35.647493
43773,-97.431777,35.647489
43789,-97.431397,35.645417
43812,-97.430929,35.644733
43811,-97.430921,35.644793
43810,-97.430914,35.644854
43734,-97.430699,35.644910
43809,-97.430873,35.644933
43808,-97.430840,35.644988
43735,-97.430593,35.645062
43736,-97.430401,35.645302
43787,-97.431529,35.645517
43788,-97.431466,35.645467
43793,-97.431473,35.645665
43791,-97.431348,35.645565
43792,-97.431411,35.645615
43794,-97.431535,35.645715
43790,-97.431287,35.645521
43806,-97.430885,35.646195
43807,-97.430835,35.646138
43805,-97.430934,35.646262
43804,-97.430975,35.646324
43803,-97.431012,35.646399
43768,-97.430854,35.646445
43767,-97.430827,35.646390
43802,-97.431127,35.647148
43801,-97.431126,35.647218
43800,-97.431125,35.647289
43769,-97.430960,35.647075
43770,-97.430959,35.647146
43771,-97.430958,35.647216
43772,-97.430957,35.647287
43737,-97.430209,35.645542
43766,-97.430135,35.645877
43738,-97.430001,35.645793
43765,-97.429772,35.646117
43753,-97.429984,35.646952
43754,-97.429816,35.646952
43752,-97.429984,35.647006
43751,-97.429984,35.647061
43750,-97.429984,35.647116
43749,-97.429974,35.647188
43755,-97.429816,35.647006
43756,-97.429816,35.647061
43757,-97.429816,35.647116
43758,-97.429812,35.647152
43759,-97.429777,35.647130
43748,-97.429842,35.647268
43747,-97.429775,35.647268
43760,-97.429643,35.647129
43761,-97.429509,35.647127
43746,-97.429708,35.647267
43745,-97.429641,35.647267
43739,-97.429365,35.645965
43764,-97.429303,35.646093
43744,-97.429574,35.647266
43743,-97.429507,35.647265
43762,-97.428570,35.647064
43763,-97.428499,35.647027
43740,-97.428302,35.646954
43742,-97.428476,35.647178
43741,-97.428343,35.647079
29268,-97.460366,35.617133
