71277,-95.812283,36.019721
71278,-95.812235,36.019721
71339,-95.812283,36.019859
71338,-95.812235,36.019859
71279,-95.812188,36.019721
71280,-95.812140,36.019721
71337,-95.812188,36.019859
71336,-95.812140,36.019859
71281,-95.812093,36.019721
71335,-95.812093,36.019859
71312,-95.810871,36.017816
71307,-95.811013,36.018101
71308,-95.810983,36.018101
71309,-95.810954,36.018101
71310,-95.810925,36.018101
71311,-95.810895,36.018101
71313,-95.810695,36.018084
71605,-95.810293,36.017841
71606,-95.810275,36.017841
71607,-95.810258,36.017841
71608,-95.809899,36.017841
71609,-95.809689,36.017839
71306,-95.811042,36.018239
71305,-95.811013,36.018239
71304,-95.810983,36.018239
71303,-95.810954,36.018239
71302,-95.810925,36.018239
71301,-95.810895,36.018239
71314,-95.810695,36.018252
71315,-95.810695,36.018279
71316,-95.810695,36.018306
71296,-95.810997,36.018903
71297,-95.810968,36.018902
71298,-95.810939,36.018902
71299,-95.810910,36.018902
71300,-95.810882,36.018902
71295,-95.811024,36.019041
71294,-95.810995,36.019041
71293,-95.810966,36.019040
71292,-95.810937,36.019040
71291,-95.810908,36.019040
71290,-95.810880,36.019040
71317,-95.810695,36.018873
71318,-95.810695,36.019052
71319,-95.810695,36.019079
71320,-95.810695,36.019106
71321,-95.810695,36.019133
71282,-95.811237,36.019721
71334,-95.811237,36.019859
71283,-95.811189,36.019721
71284,-95.811142,36.019721
71285,-95.811094,36.019721
71333,-95.811189,36.019859
71332,-95.811142,36.019859
71331,-95.811094,36.019859
71322,-95.810695,36.019707
71286,-95.811047,36.019721
71287,-95.810999,36.019721
71288,-95.810952,36.019721
71330,-95.811047,36.019859
71329,-95.810999,36.019859
71328,-95.810952,36.019859
71289,-95.810904,36.019721
71327,-95.810904,36.019859
71323,-95.810692,36.019963
71324,-95.810690,36.020147
71371,-95.809875,36.018661
71372,-95.809705,36.018661
71370,-95.809875,36.018693
71369,-95.809875,36.018724
71368,-95.809875,36.018755
71373,-95.809705,36.018693
71374,-95.809705,36.018724
71375,-95.809705,36.018755
71367,-95.809875,36.019409
71366,-95.809875,36.019440
71365,-95.809875,36.019472
71364,-95.809875,36.019503
71363,-95.809875,36.019534
71376,-95.809705,36.019409
71377,-95.809705,36.019440
71378,-95.809705,36.019503
71379,-95.809705,36.019534
71610,-95.809436,36.017836
71611,-95.809184,36.017834
71612,-95.808932,36.017832
71394,-95.808915,36.018595
71393,-95.808915,36.018624
71392,-95.808915,36.018653
71391,-95.808915,36.018682
71395,-95.808745,36.018595
71396,-95.808745,36.018624
71397,-95.808745,36.018653
71398,-95.808745,36.018682
71390,-95.808915,36.019324
71389,-95.808915,36.019354
71388,-95.808915,36.019383
71387,-95.808915,36.019412
71399,-95.808745,36.019324
71400,-95.808745,36.019354
71401,-95.808745,36.019383
71402,-95.808745,36.019412
71386,-95.808915,36.020054
71385,-95.808915,36.020084
71384,-95.808915,36.020113
71383,-95.808915,36.020142
71403,-95.808745,36.020054
71404,-95.808745,36.020084
71405,-95.808745,36.020113
71406,-95.808745,36.020142
71604,-95.807930,36.018535
71603,-95.807929,36.018561
71602,-95.807929,36.018587
71601,-95.807929,36.018613
71618,-95.807760,36.018535
71619,-95.807759,36.018561
71620,-95.807759,36.018587
71621,-95.807759,36.018613
71600,-95.807925,36.019179
71599,-95.807925,36.019205
71598,-95.807925,36.019231
71597,-95.807925,36.019257
71622,-95.807755,36.019205
71623,-95.807755,36.019231
71624,-95.807755,36.019257
71596,-95.807920,36.020012
71595,-95.807914,36.020039
71594,-95.807908,36.020066
71593,-95.807902,36.020093
71663,-95.807748,36.020013
71664,-95.807742,36.020040
71665,-95.807736,36.020067
71662,-95.807024,36.019400
71661,-95.806988,36.019400
71626,-95.806953,36.019210
71625,-95.806953,36.019234
71346,-95.812732,36.020531
71347,-95.812694,36.020531
71348,-95.812656,36.020531
71349,-95.812618,36.020531
71430,-95.812732,36.020669
71429,-95.812694,36.020669
71428,-95.812656,36.020669
71427,-95.812618,36.020669
71350,-95.812581,36.020531
71426,-95.812581,36.020669
71448,-95.811924,36.021355
71449,-95.811903,36.021355
71450,-95.811882,36.021355
71451,-95.811861,36.021355
71729,-95.811947,36.021493
71728,-95.811926,36.021493
71727,-95.811905,36.021493
71726,-95.811884,36.021493
71725,-95.811863,36.021493
71351,-95.811301,36.020531
71352,-95.811240,36.020531
71425,-95.811240,36.020669
71353,-95.811178,36.020531
71354,-95.811117,36.020531
71424,-95.811178,36.020669
71423,-95.811117,36.020669
71355,-95.811055,36.020531
71356,-95.810994,36.020531
71422,-95.811055,36.020669
71421,-95.810994,36.020669
71357,-95.810932,36.020531
71358,-95.810871,36.020531
71420,-95.810932,36.020669
71419,-95.810871,36.020669
71325,-95.810688,36.020331
71326,-95.810686,36.020516
71452,-95.811420,36.021360
71453,-95.811086,36.021361
71829,-95.811235,36.022058
71830,-95.811235,36.022082
71831,-95.811235,36.022107
71454,-95.810824,36.021361
71455,-95.810693,36.021361
71456,-95.810562,36.021361
71418,-95.810363,36.020669
71417,-95.810335,36.020669
71362,-95.809853,36.020229
71361,-95.809847,36.020260
71360,-95.809829,36.020311
71359,-95.809811,36.020339
71894,-95.809811,36.020339
71895,-95.809811,36.020339
71896,-95.809811,36.020339
71897,-95.809811,36.020339
71898,-95.809811,36.020339
71380,-95.809681,36.020238
71381,-95.809679,36.020247
71382,-95.809661,36.020275
71881,-95.809661,36.020275
71891,-95.809661,36.020275
71892,-95.809661,36.020275
71893,-95.809661,36.020275
71414,-95.809564,36.020410
71416,-95.809749,36.020494
71415,-95.809734,36.020486
71457,-95.810431,36.021361
71503,-95.810220,36.021489
71502,-95.810052,36.021472
71458,-95.809937,36.021299
71501,-95.809869,36.021425
71724,-95.810415,36.022394
71723,-95.810415,36.022416
71504,-95.810245,36.022416
71505,-95.810245,36.022437
71413,-95.809246,36.020326
71412,-95.808931,36.020309
71459,-95.809009,36.020975
71460,-95.808991,36.020974
71461,-95.808974,36.020972
71462,-95.808956,36.020971
71463,-95.808939,36.020970
71500,-95.809008,36.021113
71499,-95.808991,36.021111
71498,-95.808973,36.021110
71497,-95.808956,36.021108
71496,-95.808922,36.021553
71495,-95.808922,36.021581
71494,-95.808923,36.021610
71493,-95.808923,36.021638
71484,-95.808752,36.021583
71485,-95.808753,36.021612
71486,-95.808753,36.021640
71487,-95.808754,36.021669
71488,-95.808754,36.021697
71492,-95.808952,36.021775
71490,-95.808784,36.021811
71491,-95.808800,36.021837
71489,-95.808768,36.021770
71411,-95.808014,36.020267
71464,-95.808020,36.020961
71465,-95.808002,36.020961
71483,-95.808001,36.021099
71410,-95.807981,36.020261
71409,-95.807947,36.020255
71408,-95.807914,36.020249
71407,-95.807881,36.020244
71466,-95.807985,36.020961
71467,-95.807968,36.020961
71468,-95.807951,36.020961
71471,-95.807749,36.021099
71469,-95.807576,36.020950
71482,-95.807935,36.021627
71481,-95.807935,36.021668
71480,-95.807935,36.021695
71479,-95.807935,36.021722
71478,-95.807935,36.021749
71472,-95.807765,36.021668
71473,-95.807765,36.021695
71474,-95.807765,36.021722
71475,-95.807765,36.021749
71477,-95.807935,36.021777
71476,-95.807765,36.021777
71666,-95.807430,36.020464
71668,-95.807400,36.020442
71667,-95.807415,36.020453
71669,-95.807386,36.020432
71673,-95.807318,36.020566
71672,-95.807303,36.020555
71670,-95.807274,36.020534
71671,-95.807288,36.020544
71470,-95.807312,36.020831
71613,-95.808046,36.017831
71614,-95.808014,36.017831
71615,-95.807951,36.017831
71616,-95.807757,36.017807
71617,-95.807759,36.017821
71633,-95.806949,36.018577
71632,-95.806949,36.018601
71631,-95.806949,36.018626
71634,-95.806779,36.018577
71635,-95.806779,36.018601
71636,-95.806779,36.018626
71630,-95.806953,36.019113
71629,-95.806953,36.019137
71628,-95.806953,36.019161
71627,-95.806953,36.019186
71637,-95.806783,36.019113
71638,-95.806783,36.019137
71639,-95.806783,36.019161
71640,-95.806783,36.019186
71641,-95.806783,36.019210
71642,-95.806783,36.019234
71660,-95.806769,36.019399
71659,-95.806476,36.019402
71650,-95.805875,36.018594
71649,-95.805875,36.018618
71648,-95.805875,36.018643
71651,-95.805705,36.018594
71652,-95.805705,36.018618
71653,-95.805705,36.018643
71647,-95.805875,36.019158
71646,-95.805875,36.019183
71654,-95.805705,36.019183
71658,-95.806184,36.019405
71645,-95.805875,36.019207
71644,-95.805875,36.019232
71643,-95.805875,36.019257
71657,-95.805892,36.019408
71655,-95.805705,36.019207
71656,-95.805705,36.019232
71514,-95.809151,36.022581
71515,-95.809124,36.022581
71516,-95.809098,36.022581
71517,-95.809046,36.022581
71518,-95.809019,36.022581
71519,-95.808993,36.022581
71520,-95.808967,36.022581
71521,-95.808941,36.022581
71674,-95.806759,36.021468
71675,-95.806748,36.021480
71592,-95.806905,36.021534
71591,-95.806881,36.021566
71590,-95.806857,36.021598
71589,-95.806833,36.021631
71676,-95.806724,36.021511
71677,-95.806700,36.021543
71588,-95.806908,36.021797
71679,-95.806785,36.021996
71587,-95.806955,36.022079
71678,-95.806683,36.021766
65494,-95.805939,36.021681
65495,-95.805911,36.021681
71580,-95.807127,36.022591
71579,-95.807127,36.022729
71581,-95.807096,36.022591
71582,-95.807064,36.022591
71583,-95.807033,36.022591
71584,-95.807002,36.022591
71578,-95.807096,36.022729
71577,-95.807064,36.022729
71576,-95.807033,36.022729
71575,-95.807002,36.022729
71586,-95.806955,36.022328
71680,-95.806785,36.022287
71585,-95.806971,36.022591
71574,-95.806971,36.022729
71681,-95.806785,36.022578
65493,-95.805709,36.022624
65531,-95.804625,36.019188
65532,-95.804576,36.019179
65533,-95.804526,36.019170
65535,-95.804467,36.019147
65534,-95.804477,36.019161
65519,-95.805105,36.020071
65520,-95.805078,36.020071
65518,-95.805105,36.020209
65517,-95.805078,36.020209
65521,-95.805051,36.020071
65516,-95.805051,36.020209
65529,-95.804587,36.019322
65530,-95.804637,36.019331
65528,-95.804538,36.019313
65527,-95.804488,36.019304
65526,-95.804439,36.019295
65522,-95.804434,36.020115
65523,-95.804407,36.020121
65524,-95.804381,36.020127
65525,-95.804355,36.020133
65549,-95.804157,36.019751
65506,-95.805216,36.020874
65507,-95.805193,36.020874
65505,-95.805220,36.021012
65504,-95.805197,36.021012
65515,-95.804478,36.020247
65514,-95.804451,36.020253
65513,-95.804425,36.020259
65508,-95.804676,36.020903
65503,-95.804726,36.021035
65502,-95.804704,36.021041
65501,-95.804682,36.021046
65509,-95.804654,36.020909
65510,-95.804632,36.020914
65511,-95.804611,36.020920
65500,-95.804661,36.021052
65496,-95.804955,36.021681
65497,-95.804920,36.021681
65498,-95.804885,36.021681
65499,-95.804851,36.021681
65512,-95.804399,36.020265
65577,-95.804283,36.020516
65540,-95.804799,36.018047
65539,-95.804794,36.018097
65541,-95.804628,36.018062
65542,-95.804626,36.018087
65538,-95.804621,36.018660
65537,-95.804614,36.018684
65543,-95.804457,36.018626
65544,-95.804450,36.018650
65545,-95.804443,36.018674
65536,-95.804607,36.018708
65546,-95.804306,36.019100
65547,-95.804303,36.019113
65558,-95.803683,36.018256
65557,-95.803680,36.018265
65559,-95.803521,36.018215
65560,-95.803519,36.018224
65561,-95.803516,36.018233
65556,-95.803617,36.018477
65555,-95.803615,36.018486
65562,-95.803453,36.018445
65563,-95.803451,36.018454
65548,-95.804223,36.019434
65576,-95.803425,36.019924
65575,-95.803394,36.019925
65554,-95.803295,36.019578
65553,-95.803304,36.019625
65552,-95.803312,36.019673
65567,-95.803144,36.019693
65564,-95.803131,36.019532
65565,-95.803127,36.019598
65566,-95.803136,36.019645
65550,-95.803330,36.019769
65551,-95.803321,36.019721
65574,-95.803363,36.019926
65568,-95.803153,36.019741
65569,-95.803162,36.019789
65578,-95.803421,36.020625
65587,-95.803509,36.020761
65586,-95.803468,36.020762
65585,-95.803427,36.020763
65588,-95.803528,36.021427
65589,-95.803474,36.021427
65590,-95.803420,36.021428
65600,-95.803583,36.021564
65599,-95.803530,36.021565
65598,-95.803476,36.021565
65579,-95.803380,36.020626
65580,-95.803339,36.020627
65581,-95.803298,36.020629
65584,-95.803386,36.020764
65583,-95.803345,36.020765
65582,-95.803304,36.020767
65591,-95.803367,36.021428
65592,-95.803313,36.021429
65593,-95.803260,36.021430
65492,-95.805704,36.022651
65491,-95.805704,36.022686
65472,-95.805544,36.022590
65473,-95.805538,36.022624
65474,-95.805534,36.022667
65601,-95.804542,36.022264
65597,-95.803422,36.021566
65602,-95.803727,36.022237
65603,-95.803691,36.022237
65604,-95.803655,36.022238
65605,-95.803619,36.022239
65471,-95.804711,36.022277
65470,-95.804706,36.022296
65469,-95.804622,36.023073
65468,-95.804620,36.023109
65467,-95.804619,36.023145
65466,-95.804617,36.023181
65610,-95.803767,36.022374
65609,-95.803731,36.022375
65608,-95.803695,36.022375
65607,-95.803659,36.022376
65606,-95.803623,36.022377
65611,-95.803769,36.023211
65612,-95.803736,36.023211
65613,-95.803703,36.023211
65614,-95.803670,36.023211
65615,-95.803637,36.023211
65596,-95.803369,36.021566
65595,-95.803315,36.021567
65594,-95.803262,36.021568
64997,-95.801857,36.021094
64995,-95.801867,36.021117
64996,-95.801862,36.021106
64994,-95.801873,36.021129
64993,-95.801878,36.021141
65573,-95.801772,36.020487
65572,-95.801705,36.020512
65571,-95.801638,36.020538
65570,-95.801566,36.020414
64998,-95.801852,36.021082
64992,-95.802044,36.021729
64991,-95.802045,36.021742
64990,-95.802046,36.021754
64989,-95.802047,36.021767
65005,-95.802059,36.022387
65004,-95.802050,36.022387
64988,-95.801985,36.022330
65003,-95.802041,36.022386
65002,-95.802032,36.022386
65001,-95.802023,36.022385
64987,-95.801985,36.022342
64986,-95.801985,36.022355
65000,-95.802014,36.022385
64999,-95.802006,36.022385
65006,-95.802049,36.022525
65007,-95.802040,36.022525
65008,-95.802031,36.022524
65009,-95.802022,36.022524
65010,-95.802013,36.022523
65011,-95.802004,36.022523
65012,-95.801996,36.022523
71537,-95.808974,36.023371
71538,-95.808921,36.023371
71540,-95.808974,36.023509
71539,-95.808921,36.023509
71549,-95.808921,36.024171
71703,-95.808921,36.024309
71550,-95.808853,36.024171
71551,-95.808785,36.024171
71702,-95.808853,36.024309
71701,-95.808785,36.024309
71552,-95.808717,36.024171
71553,-95.808649,36.024171
71700,-95.808717,36.024309
71699,-95.808649,36.024309
71554,-95.808581,36.024171
71698,-95.808581,36.024309
71682,-95.806776,36.023271
71568,-95.807121,36.023361
71567,-95.807121,36.023499
71569,-95.807089,36.023361
71570,-95.807057,36.023361
71571,-95.807025,36.023361
71572,-95.806993,36.023361
71566,-95.807089,36.023499
71565,-95.807057,36.023499
71564,-95.807025,36.023499
71563,-95.806993,36.023499
71555,-95.807356,36.024171
71556,-95.807301,36.024171
71557,-95.807246,36.024171
71697,-95.807356,36.024309
71696,-95.807301,36.024309
71695,-95.807246,36.024309
71558,-95.807190,36.024171
71559,-95.807154,36.024170
71694,-95.807190,36.024309
71693,-95.807116,36.024304
71560,-95.807100,36.024160
71561,-95.807047,36.024150
71692,-95.807062,36.024294
71691,-95.807009,36.024284
71573,-95.806961,36.023361
71562,-95.806961,36.023499
71683,-95.806776,36.023296
71684,-95.806776,36.023321
71685,-95.806776,36.023346
71686,-95.806784,36.024015
71687,-95.806784,36.024039
71688,-95.806791,36.024078
71690,-95.806806,36.024127
71689,-95.806798,36.024102
65490,-95.805689,36.023396
65489,-95.805688,36.023432
65488,-95.805687,36.023467
65487,-95.805686,36.023503
65486,-95.805686,36.023539
65475,-95.805519,36.023363
65476,-95.805518,36.023397
65477,-95.805518,36.023432
65478,-95.805517,36.023467
65485,-95.805685,36.023710
65484,-95.805685,36.024121
65483,-95.805685,36.024139
65482,-95.805685,36.024157
65479,-95.805515,36.024119
65480,-95.805515,36.024138
65481,-95.805515,36.024157
71882,-95.808410,36.024895
71883,-95.808412,36.024948
71880,-95.808131,36.024961
71886,-95.807947,36.025113
71887,-95.807947,36.025113
71888,-95.807955,36.025466
65464,-95.804674,36.023679
65465,-95.804642,36.023541
65332,-95.804625,36.024077
65620,-95.803769,36.023349
65619,-95.803736,36.023349
65618,-95.803703,36.023349
65617,-95.803670,36.023349
65616,-95.803637,36.023349
65621,-95.803063,36.023995
65623,-95.802942,36.023923
65622,-95.803006,36.023971
65463,-95.803083,36.024154
65462,-95.802998,36.024123
65461,-95.802926,36.024093
65626,-95.802646,36.023694
65627,-95.802464,36.023526
65624,-95.802877,36.023875
65625,-95.802813,36.023827
65460,-95.802847,36.024039
65459,-95.802787,36.023995
65458,-95.802727,36.023950
65629,-95.801981,36.023258
65628,-95.802245,36.023362
65457,-95.802338,36.023616
65456,-95.801931,36.023390
65442,-95.801742,36.024228
65443,-95.801700,36.024090
65444,-95.801657,36.024090
65445,-95.801613,36.024089
65441,-95.801698,36.024228
65440,-95.801655,36.024228
65439,-95.801611,36.024227
65331,-95.804554,36.024875
65330,-95.804552,36.024902
65333,-95.804012,36.024906
65334,-95.803995,36.024906
65335,-95.803978,36.024905
65336,-95.803961,36.024905
65337,-95.803944,36.024905
65341,-95.804027,36.025044
65340,-95.804010,36.025044
65339,-95.803993,36.025044
65338,-95.803976,36.025043
65360,-95.803522,36.024901
65321,-95.803657,36.026543
65329,-95.803670,36.026682
65322,-95.803627,36.026543
65323,-95.803597,36.026543
65324,-95.803567,36.026543
65325,-95.803537,36.026542
65328,-95.803610,36.026681
65327,-95.803580,36.026681
65326,-95.803550,36.026680
65342,-95.802807,36.025713
65320,-95.802876,36.025852
65319,-95.802805,36.025851
65343,-95.802736,36.025712
65344,-95.802664,36.025711
65318,-95.802734,36.025850
65317,-95.802662,36.025849
65350,-95.802463,36.025593
65345,-95.802587,36.025711
65346,-95.802516,36.025715
65316,-95.802597,36.025849
65315,-95.802526,36.025853
65347,-95.802471,36.025657
65349,-95.802464,36.025619
65348,-95.802464,36.025631
65354,-95.802309,36.025699
65351,-95.802293,36.025610
65352,-95.802294,36.025636
65353,-95.802302,36.025674
65355,-95.802158,36.025772
65291,-95.802015,36.025953
65630,-95.801199,36.023231
65631,-95.801186,36.023231
65632,-95.801173,36.023231
65633,-95.801161,36.023231
65634,-95.801148,36.023231
65635,-95.801135,36.023231
65455,-95.801173,36.023369
65454,-95.801161,36.023369
65453,-95.801148,36.023369
65452,-95.801135,36.023369
71820,-95.812509,36.022121
71812,-95.812509,36.022259
71821,-95.812470,36.022121
71822,-95.812432,36.022121
71823,-95.812393,36.022121
71811,-95.812470,36.022259
71810,-95.812432,36.022259
71809,-95.812393,36.022259
71785,-95.812374,36.023498
71784,-95.812375,36.023515
71783,-95.812375,36.023538
71782,-95.812375,36.023561
71781,-95.812375,36.023583
71786,-95.812206,36.023488
71787,-95.812205,36.023515
71788,-95.812205,36.023538
71789,-95.812205,36.023561
71790,-95.812205,36.023583
71775,-95.812506,36.024161
71852,-95.812584,36.024299
71851,-95.812545,36.024299
71850,-95.812506,36.024299
71776,-95.812468,36.024161
71777,-95.812429,36.024161
71780,-95.812375,36.024102
71779,-95.812375,36.024125
71778,-95.812391,36.024161
71849,-95.812468,36.024299
71848,-95.812429,36.024299
71847,-95.812391,36.024299
71791,-95.812205,36.024080
71792,-95.812205,36.024102
71793,-95.812205,36.024125
71794,-95.812205,36.024148
71846,-95.811923,36.024299
71795,-95.811681,36.024163
71845,-95.811690,36.024301
71844,-95.811680,36.024301
71824,-95.811576,36.022121
71825,-95.811537,36.022121
71826,-95.811498,36.022121
71827,-95.811459,36.022121
71808,-95.811576,36.022259
71807,-95.811537,36.022259
71806,-95.811498,36.022259
71805,-95.811459,36.022259
71828,-95.811421,36.022121
71804,-95.811421,36.022259
71832,-95.811241,36.023168
71833,-95.811241,36.023219
71834,-95.811242,36.023270
71803,-95.811412,36.023322
71802,-95.811412,36.023373
71801,-95.811413,36.023424
71800,-95.811413,36.023475
71799,-95.811414,36.023527
71835,-95.811242,36.023322
71836,-95.811242,36.023373
71837,-95.811243,36.023424
71838,-95.811243,36.023475
71839,-95.811244,36.023527
71843,-95.811490,36.024305
71798,-95.811422,36.024099
71797,-95.811422,36.024118
71796,-95.811422,36.024137
71840,-95.811252,36.024120
71841,-95.811252,36.024139
71842,-95.811253,36.024158
71722,-95.810415,36.022459
71721,-95.810415,36.022480
71720,-95.810415,36.022502
71719,-95.810415,36.022523
71718,-95.810415,36.022545
71717,-95.810415,36.022567
71506,-95.810245,36.022459
71507,-95.810245,36.022480
71508,-95.810245,36.022502
71509,-95.810245,36.022523
71510,-95.810245,36.022545
71511,-95.810245,36.022567
71716,-95.810415,36.023293
71715,-95.810415,36.023305
71714,-95.810415,36.023318
71713,-95.810415,36.023331
71712,-95.810415,36.023344
71711,-95.810415,36.023357
71529,-95.810245,36.023318
71530,-95.810245,36.023331
71707,-95.810433,36.024156
71899,-95.810433,36.024156
71710,-95.810432,36.024099
71709,-95.810432,36.024118
71708,-95.810432,36.024137
71916,-95.812249,36.025099
71915,-95.812178,36.025099
71914,-95.812107,36.025099
71865,-95.812037,36.024961
71913,-95.812037,36.025099
71866,-95.811736,36.024859
71867,-95.811739,36.024919
71868,-95.811746,36.025113
71869,-95.811746,36.025129
71870,-95.811746,36.025146
71911,-95.812054,36.025771
71912,-95.811953,36.025771
71910,-95.812054,36.025909
71909,-95.812003,36.025909
71908,-95.811978,36.025909
71907,-95.811953,36.025909
71906,-95.811738,36.025909
71879,-95.810445,36.024951
71878,-95.810433,36.025089
71877,-95.810416,36.025089
71876,-95.810399,36.025089
71875,-95.810382,36.025089
71874,-95.810365,36.025089
71873,-95.810021,36.025089
71871,-95.810302,36.025771
71872,-95.810171,36.025771
71905,-95.810432,36.025909
71904,-95.810367,36.025909
71903,-95.810302,36.025909
71902,-95.810236,36.025909
71901,-95.810171,36.025909
71900,-95.810106,36.025909
71512,-95.809203,36.022581
71513,-95.809177,36.022581
71528,-95.809177,36.022719
71527,-95.809151,36.022719
71526,-95.809098,36.022719
71525,-95.809046,36.022719
71524,-95.808993,36.022719
71523,-95.808967,36.022719
71522,-95.808941,36.022719
71531,-95.809294,36.023371
71546,-95.809294,36.023509
71532,-95.809241,36.023371
71533,-95.809187,36.023371
71545,-95.809241,36.023509
71544,-95.809187,36.023509
71534,-95.809134,36.023371
71535,-95.809081,36.023371
71536,-95.809027,36.023371
71543,-95.809134,36.023509
71542,-95.809081,36.023509
71541,-95.809027,36.023509
71547,-95.809057,36.024171
71706,-95.809125,36.024309
71705,-95.809057,36.024309
71548,-95.808989,36.024171
71704,-95.808989,36.024309
71884,-95.808898,36.025967
71885,-95.808901,36.026080
71890,-95.808220,36.026675
71889,-95.807182,36.027495
71434,-95.813642,36.020669
71437,-95.814550,36.021352
71438,-95.814522,36.021352
71749,-95.814505,36.022057
71748,-95.814505,36.022082
71747,-95.814505,36.022107
71740,-95.814734,36.023721
71738,-95.814759,36.023781
71739,-95.814746,36.023751
71859,-95.814844,36.023925
71858,-95.814828,36.023929
71746,-95.814512,36.022886
71745,-95.814513,36.022917
71744,-95.814513,36.022949
71743,-95.814513,36.022980
71742,-95.814514,36.023012
71741,-95.814514,36.023043
71750,-95.814343,36.022951
71751,-95.814343,36.022982
71752,-95.814344,36.023014
71753,-95.814344,36.023045
71754,-95.814574,36.023763
71755,-95.814586,36.023793
71756,-95.813680,36.024154
71757,-95.813633,36.024155
71857,-95.813734,36.024290
71856,-95.813686,36.024292
71855,-95.813639,36.024293
71862,-95.813961,36.025064
71863,-95.813896,36.025041
71860,-95.814097,36.025124
71861,-95.814038,36.025093
71920,-95.813946,36.025209
71919,-95.813893,36.025190
71864,-95.813767,36.024995
71918,-95.813828,36.025167
71917,-95.813699,36.025121
71273,-95.813424,36.019721
71274,-95.813376,36.019721
71275,-95.813328,36.019721
71276,-95.813281,36.019721
71342,-95.813376,36.019859
71341,-95.813328,36.019859
71340,-95.813281,36.019859
71343,-95.813604,36.020531
71344,-95.813566,36.020531
71345,-95.813528,36.020531
71433,-95.813604,36.020669
71432,-95.813566,36.020669
71431,-95.813528,36.020669
71439,-95.813598,36.021351
71440,-95.813563,36.021351
71441,-95.813528,36.021351
71737,-95.813563,36.021489
71736,-95.813528,36.021489
71442,-95.813493,36.021351
71443,-95.813458,36.021351
71735,-95.813493,36.021489
71734,-95.813458,36.021489
71817,-95.813443,36.022121
71818,-95.813404,36.022121
71816,-95.813481,36.022259
71815,-95.813443,36.022259
71814,-95.813404,36.022259
71819,-95.813365,36.022121
71813,-95.813365,36.022259
71444,-95.812686,36.021351
71445,-95.812651,36.021351
71446,-95.812616,36.021351
71733,-95.812686,36.021489
71732,-95.812651,36.021489
71731,-95.812616,36.021489
71447,-95.812581,36.021351
71730,-95.812581,36.021489
71767,-95.813525,36.023487
71766,-95.813525,36.023510
71765,-95.813525,36.023533
71764,-95.813525,36.023556
71763,-95.813525,36.023578
71768,-95.813355,36.023510
71769,-95.813355,36.023533
71770,-95.813355,36.023556
71771,-95.813355,36.023578
71758,-95.813585,36.024157
71762,-95.813525,36.024078
71761,-95.813525,36.024101
71760,-95.813525,36.024124
71759,-95.813525,36.024147
71854,-95.813591,36.024295
71853,-95.813544,36.024297
71772,-95.813355,36.024078
71773,-95.813355,36.024101
71774,-95.813355,36.024124
71436,-95.814679,36.020672
71435,-95.814657,36.020672
71272,-95.814642,36.020441
71271,-95.814643,36.020466
71270,-95.814643,36.020491
71269,-95.814644,36.020517
65203,-95.804963,36.028319
65204,-95.804894,36.028178
65205,-95.804854,36.028176
65202,-95.804882,36.028314
65201,-95.804801,36.028310
65206,-95.804773,36.028171
65207,-95.804692,36.028166
65200,-95.804720,36.028305
65208,-95.804611,36.028162
65199,-95.804639,36.028300
65198,-95.804564,36.028299
65209,-95.804523,36.028161
65210,-95.804442,36.028161
65197,-95.804483,36.028299
65211,-95.804361,36.028161
65196,-95.804401,36.028299
65195,-95.804158,36.028299
65358,-95.801547,36.025813
65359,-95.801536,36.025778
65357,-95.801570,36.025881
65356,-95.801581,36.025915
65377,-95.801411,36.025934
65375,-95.801389,36.025866
65376,-95.801400,36.025900
65290,-95.801455,36.026121
65306,-95.802941,36.027353
65307,-95.802873,36.027353
65308,-95.802806,36.027352
65309,-95.802671,36.027351
65314,-95.802468,36.027042
65313,-95.802473,36.027100
65312,-95.802478,36.027158
65311,-95.802485,36.027221
65310,-95.802485,36.027279
65305,-95.802973,36.027491
65304,-95.802905,36.027491
65303,-95.802838,36.027490
65302,-95.802770,36.027490
65301,-95.802702,36.027490
65300,-95.802635,36.027489
65299,-95.802567,36.027489
65298,-95.802500,36.027489
65212,-95.802654,36.028251
65213,-95.802548,36.028251
65214,-95.802451,36.028245
65293,-95.802305,36.027110
65292,-95.802300,36.027052
65294,-95.802310,36.027168
65295,-95.802315,36.027221
65296,-95.802315,36.027279
65297,-95.802315,36.027338
65280,-95.801480,36.027068
65279,-95.801483,36.027113
65278,-95.801487,36.027159
65277,-95.801490,36.027204
65215,-95.802345,36.028235
65216,-95.802239,36.028226
65217,-95.802133,36.028216
65194,-95.802221,36.028362
65193,-95.802115,36.028352
65218,-95.802019,36.028209
65192,-95.802015,36.028347
65219,-95.801913,36.028207
65191,-95.801909,36.028345
65220,-95.801806,36.028205
65190,-95.801802,36.028343
65221,-95.801699,36.028202
65189,-95.801695,36.028340
65222,-95.801593,36.028200
65223,-95.801486,36.028197
65188,-95.801589,36.028338
65187,-95.801482,36.028335
65224,-95.801379,36.028195
65186,-95.801375,36.028333
65451,-95.800539,36.023369
65450,-95.800526,36.023369
65449,-95.800513,36.023369
65448,-95.800501,36.023369
65446,-95.800587,36.024081
65438,-95.800607,36.024219
65431,-95.800330,36.023970
65432,-95.800330,36.023984
65433,-95.800331,36.024012
65434,-95.800332,36.024040
65447,-95.800503,36.024066
65437,-95.800563,36.024219
65436,-95.800520,36.024219
65435,-95.800333,36.024068
65430,-95.799527,36.023305
65429,-95.799512,36.023303
65361,-95.800615,36.024891
65374,-95.800586,36.025033
65362,-95.800570,36.024895
65363,-95.800542,36.024900
65378,-95.801230,36.026038
65373,-95.800598,36.026026
65372,-95.800614,36.026070
65289,-95.800723,36.026319
65379,-95.800669,36.026189
65371,-95.800630,36.026115
65364,-95.800395,36.025943
65366,-95.800428,36.026042
65365,-95.800412,36.025997
65367,-95.800444,36.026086
65368,-95.800460,36.026131
65369,-95.800476,36.026175
65370,-95.800492,36.026220
65391,-95.799507,36.024498
65390,-95.799506,36.024563
65392,-95.799337,36.024401
65393,-95.799337,36.024434
65394,-95.799337,36.024498
65395,-95.799336,36.024563
65389,-95.799506,36.024628
65388,-95.799506,36.024692
65387,-95.799505,36.024757
65396,-95.799336,36.024628
65397,-95.799336,36.024692
65386,-95.799526,36.025539
65385,-95.799527,36.025564
65409,-95.799355,36.025530
65410,-95.799358,36.025593
65384,-95.799528,36.025602
65383,-95.799530,36.025652
65411,-95.799360,36.025656
65382,-95.799700,36.026354
65281,-95.801314,36.027099
65282,-95.801317,36.027144
65283,-95.801321,36.027189
65284,-95.801322,36.027212
65288,-95.800352,36.026418
65286,-95.800514,36.027184
65285,-95.800517,36.027220
65287,-95.800511,36.027147
65269,-95.800344,36.027176
65270,-95.800348,36.027212
65271,-95.800351,36.027248
65225,-95.801273,36.028193
65185,-95.801269,36.028331
65276,-95.800705,36.027499
65275,-95.800676,36.027499
65274,-95.800647,36.027499
65273,-95.800618,36.027499
65272,-95.800570,36.027493
65381,-95.799716,36.026405
65380,-95.799724,36.026431
65268,-95.799793,36.026577
65422,-95.799380,36.026514
65266,-95.799491,36.027232
65267,-95.799484,36.027191
65265,-95.799501,36.027287
65264,-95.799506,36.027314
65244,-95.799338,36.027334
65226,-95.800043,36.028268
65227,-95.799998,36.028271
65228,-95.799939,36.028272
65183,-95.800002,36.028409
65182,-95.799943,36.028410
65229,-95.799881,36.028274
65230,-95.799823,36.028275
65181,-95.799885,36.028412
65180,-95.799827,36.028413
65263,-95.799595,36.028103
65262,-95.799603,36.028150
65231,-95.799765,36.028276
65179,-95.799769,36.028414
65178,-95.799711,36.028415
65261,-95.799610,36.028197
65260,-95.799615,36.028228
65257,-95.799427,36.028121
65258,-95.799442,36.028215
65259,-95.799447,36.028246
65421,-95.798273,36.025833
65398,-95.798229,36.024901
65399,-95.798174,36.024901
65408,-95.798202,36.025039
65407,-95.798146,36.025039
65400,-95.798118,36.024901
65401,-95.798062,36.024901
65406,-95.798090,36.025039
65405,-95.798034,36.025039
65402,-95.798006,36.024901
65403,-95.797951,36.024901
65404,-95.797978,36.025039
65412,-95.798186,36.025696
65420,-95.798216,36.025833
65419,-95.798160,36.025834
65413,-95.798073,36.025697
65418,-95.798103,36.025835
65417,-95.798046,36.025835
65414,-95.798016,36.025698
65415,-95.797960,36.025699
65416,-95.797990,36.025836
65423,-95.799062,36.026480
65243,-95.799063,36.026709
65424,-95.798792,36.026478
65242,-95.798788,36.026709
65425,-95.798522,36.026476
65241,-95.798513,36.026709
65426,-95.798252,36.026474
65240,-95.798237,36.026709
65427,-95.797982,36.026472
65239,-95.797962,36.026709
65245,-95.798241,36.027358
65246,-95.798184,36.027358
65247,-95.798128,36.027358
65248,-95.798072,36.027359
65249,-95.798016,36.027359
65428,-95.797712,36.026471
65256,-95.798271,36.027495
65255,-95.798214,36.027496
65254,-95.798158,36.027496
65253,-95.798102,36.027497
65252,-95.798046,36.027497
65074,-95.804046,36.028911
65075,-95.803876,36.028880
65076,-95.803876,36.028909
65143,-95.802972,36.029048
65144,-95.802929,36.029048
65145,-95.802886,36.029049
65142,-95.802888,36.029187
65146,-95.802843,36.029049
65147,-95.802800,36.029050
65073,-95.803307,36.030425
65077,-95.803205,36.030305
65078,-95.803133,36.030388
65129,-95.802375,36.029868
65128,-95.802495,36.029970
65127,-95.802454,36.030018
65126,-95.802373,36.030113
65148,-95.801877,36.029058
65149,-95.801840,36.029058
65150,-95.801803,36.029059
65151,-95.801766,36.029059
65152,-95.801730,36.029060
65141,-95.801809,36.029197
65130,-95.802335,36.029916
65131,-95.802294,36.029964
65132,-95.802254,36.030011
65125,-95.802333,36.030161
65133,-95.802213,36.030059
65124,-95.802292,36.030209
65123,-95.802251,36.030256
65140,-95.801408,36.029839
65139,-95.801372,36.029882
65072,-95.803235,36.030508
65071,-95.803163,36.030591
65079,-95.803061,36.030471
65080,-95.802989,36.030554
65184,-95.801099,36.028918
65153,-95.801291,36.029061
65154,-95.800675,36.029068
65155,-95.800657,36.029068
65156,-95.800639,36.029069
65111,-95.800715,36.029205
65110,-95.800697,36.029206
65109,-95.800679,36.029206
65108,-95.800661,36.029206
65138,-95.801336,36.029925
65112,-95.801214,36.029825
65113,-95.801178,36.029868
65114,-95.801142,36.029911
65137,-95.801300,36.029968
65136,-95.801264,36.030011
65135,-95.801228,36.030053
65115,-95.801106,36.029954
65116,-95.801070,36.029997
65177,-95.799653,36.028417
65157,-95.799262,36.029071
65176,-95.798173,36.028318
65175,-95.798107,36.028317
65174,-95.798030,36.028315
65070,-95.803091,36.030674
65081,-95.802918,36.030637
65069,-95.803020,36.030757
65068,-95.802948,36.030840
65082,-95.802846,36.030720
65083,-95.802774,36.030803
65067,-95.802876,36.030923
65084,-95.802702,36.030887
65085,-95.802630,36.030970
65066,-95.802804,36.031006
65065,-95.802733,36.031089
65064,-95.802643,36.031176
65086,-95.802567,36.031042
65087,-95.802479,36.031114
65088,-95.802408,36.031168
65063,-95.802555,36.031248
65062,-95.802428,36.031314
65089,-95.801566,36.031281
65090,-95.801534,36.031281
65091,-95.801503,36.031281
65061,-95.801597,36.031419
65060,-95.801566,36.031419
65059,-95.801534,36.031419
65058,-95.801503,36.031419
65092,-95.801472,36.031281
65093,-95.801441,36.031281
65057,-95.801472,36.031419
65056,-95.801441,36.031419
65134,-95.801158,36.030461
65107,-95.800235,36.029820
65106,-95.800212,36.029862
65105,-95.800189,36.029903
65022,-95.800062,36.029798
65104,-95.800128,36.030061
65103,-95.800105,36.030214
65102,-95.800105,36.030378
65120,-95.801102,36.030587
65122,-95.801203,36.030599
65121,-95.801171,36.030599
65119,-95.801074,36.030575
65118,-95.801045,36.030563
65117,-95.801016,36.030551
65094,-95.800355,36.031256
65055,-95.800395,36.031395
65054,-95.800349,36.031394
65101,-95.800105,36.030543
65100,-95.800105,36.030707
65099,-95.800105,36.030871
65043,-95.799935,36.030523
65044,-95.799935,36.030659
65045,-95.799935,36.030794
65046,-95.799935,36.030929
65098,-95.800105,36.031036
65095,-95.800310,36.031255
65096,-95.800264,36.031254
65097,-95.800219,36.031253
65053,-95.800304,36.031393
65052,-95.800258,36.031392
65051,-95.800213,36.031391
65050,-95.800167,36.031390
65049,-95.800105,36.031386
65047,-95.799935,36.031065
65048,-95.799935,36.031201
65158,-95.799141,36.029071
65159,-95.799081,36.029071
65021,-95.799262,36.029209
65020,-95.799202,36.029209
65019,-95.799141,36.029209
65018,-95.799081,36.029209
65160,-95.799021,36.029071
65161,-95.798961,36.029071
65017,-95.799021,36.029209
65023,-95.799093,36.029853
65024,-95.799052,36.029853
65025,-95.799012,36.029852
65026,-95.798972,36.029852
65042,-95.799091,36.029991
65041,-95.799050,36.029991
65040,-95.799010,36.029990
65039,-95.798970,36.029990
65027,-95.798779,36.029549
65250,-95.797960,36.027360
65251,-95.797990,36.027497
65232,-95.798034,36.028177
65233,-95.797957,36.028176
65173,-95.797953,36.028314
65234,-95.797880,36.028174
65235,-95.797803,36.028172
65172,-95.797876,36.028312
65171,-95.797799,36.028310
65236,-95.797639,36.028176
65170,-95.797722,36.028309
65169,-95.797655,36.028312
65237,-95.797562,36.028183
65168,-95.797578,36.028319
65162,-95.797821,36.029071
65163,-95.797773,36.029071
65164,-95.797725,36.029071
65165,-95.797677,36.029071
65166,-95.797629,36.029071
65167,-95.797581,36.029071
65016,-95.797725,36.029209
65015,-95.797677,36.029209
65014,-95.797629,36.029209
65013,-95.797581,36.029209
65028,-95.798108,36.029857
65029,-95.798076,36.029858
65030,-95.798044,36.029858
65031,-95.798012,36.029858
65032,-95.797980,36.029859
65038,-95.798142,36.029995
65037,-95.798110,36.029995
65238,-95.797686,36.026709
66498,-95.812256,36.032367
66499,-95.812226,36.032367
66497,-95.812232,36.032505
66500,-95.812196,36.032367
66501,-95.812165,36.032368
66502,-95.812135,36.032368
66503,-95.812105,36.032368
66496,-95.812200,36.032505
66495,-95.812185,36.032505
66494,-95.812154,36.032506
71158,-95.811740,36.031860
66504,-95.811888,36.032371
66415,-95.811550,36.032369
66416,-95.811421,36.032366
66417,-95.811292,36.032364
66418,-95.811163,36.032362
66414,-95.810145,36.032352
66413,-95.810145,36.032367
66484,-95.812320,36.033131
66485,-95.812295,36.033131
66486,-95.812271,36.033131
66487,-95.812247,36.033131
66483,-95.812308,36.033269
66482,-95.812295,36.033269
66481,-95.812271,36.033269
66480,-95.812247,36.033269
66479,-95.812222,36.033269
66492,-95.812081,36.033002
66493,-95.811910,36.032928
66491,-95.811911,36.032982
66489,-95.812082,36.033087
66490,-95.811912,36.033036
66488,-95.811912,36.033090
66478,-95.811913,36.033281
66477,-95.811911,36.033424
66470,-95.812307,36.033874
66471,-95.812271,36.033874
66472,-95.812247,36.033873
66469,-95.812293,36.034012
66468,-95.812281,36.034012
66467,-95.812257,36.034012
66466,-95.812233,36.034011
66473,-95.812223,36.033873
66474,-95.812199,36.033873
66465,-95.812209,36.034011
65680,-95.812383,36.034554
65681,-95.812324,36.034539
65682,-95.812285,36.034530
65683,-95.812246,36.034520
66476,-95.811909,36.033568
66475,-95.811907,36.033712
66464,-95.811906,36.033856
66463,-95.811905,36.034126
66462,-95.811903,36.034324
65669,-95.813310,36.034568
65671,-95.813266,36.034606
65673,-95.813223,36.034643
65675,-95.813179,36.034681
65676,-95.813135,36.034718
65677,-95.813091,36.034756
65687,-95.812333,36.034686
65686,-95.812294,36.034676
65685,-95.812255,36.034666
65684,-95.812216,36.034657
66460,-95.811928,36.034705
66461,-95.811829,36.034562
65740,-95.811982,36.035136
65742,-95.811875,36.035243
65741,-95.811700,36.035143
66421,-95.811131,36.033201
66423,-95.811129,36.033316
66425,-95.811127,36.033431
66419,-95.810962,36.033124
66420,-95.810960,36.033236
66422,-95.810958,36.033348
66424,-95.810956,36.033459
66426,-95.811125,36.033546
66428,-95.811123,36.033661
66431,-95.811121,36.033775
66433,-95.811119,36.033890
66435,-95.811117,36.034005
66437,-95.811115,36.034120
66439,-95.811082,36.034247
66427,-95.810954,36.033571
66429,-95.810952,36.033683
66430,-95.810950,36.033794
66432,-95.810948,36.033906
66434,-95.810946,36.034017
66436,-95.810947,36.034114
66438,-95.810915,36.034223
66440,-95.811034,36.034368
66441,-95.810878,36.034316
66442,-95.810817,36.034406
66412,-95.810145,36.033300
66410,-95.810145,36.033402
66408,-95.810145,36.033504
66406,-95.810145,36.033607
66404,-95.810126,36.033719
66402,-95.810107,36.033820
66400,-95.810087,36.033921
66398,-95.810051,36.034029
66411,-95.809975,36.033584
66409,-95.809963,36.033672
66407,-95.809944,36.033771
66405,-95.809925,36.033870
66403,-95.809900,36.033959
66397,-95.810014,36.034127
66395,-95.809966,36.034233
66401,-95.809864,36.034055
66399,-95.809833,36.034140
66393,-95.809910,36.034325
66391,-95.809848,36.034424
66396,-95.809779,36.034230
66394,-95.809725,36.034321
66392,-95.809665,36.034398
66390,-95.809778,36.034509
66389,-95.809597,36.034482
66457,-95.811543,36.034886
66459,-95.811449,36.035000
66455,-95.811297,36.034751
66458,-95.811203,36.034865
66454,-95.811052,36.034616
66456,-95.810958,36.034730
66453,-95.810836,36.034663
66443,-95.810672,36.034588
66444,-95.810544,36.034738
66445,-95.810417,36.034888
66446,-95.810290,36.035038
66387,-95.809709,36.034595
66386,-95.809640,36.034681
66273,-95.809348,36.032373
66274,-95.809317,36.032373
66275,-95.809285,36.032372
66276,-95.809254,36.032372
66277,-95.809223,36.032372
66278,-95.809192,36.032372
66281,-95.809160,36.033442
66282,-95.809150,36.033518
66279,-95.808997,36.033391
66280,-95.808987,36.033466
66284,-95.809140,36.033594
66286,-95.809122,36.033682
66288,-95.809095,36.033755
66290,-95.809068,36.033828
66291,-95.809041,36.033901
66283,-95.808977,36.033542
66285,-95.808967,36.033618
66287,-95.808947,36.033678
66289,-95.808920,36.033751
66293,-95.809000,36.033982
66292,-95.808893,36.033824
66388,-95.809529,36.034566
66385,-95.809461,36.034650
66447,-95.810112,36.035248
66384,-95.809570,36.034767
66448,-95.809974,36.035410
66272,-95.808165,36.032352
66271,-95.808165,36.032367
66008,-95.807194,36.032365
66012,-95.807154,36.032364
66013,-95.807113,36.032364
66009,-95.807190,36.032503
66010,-95.807150,36.032502
66011,-95.807109,36.032502
66014,-95.807073,36.032363
66015,-95.807033,36.032362
66016,-95.806993,36.032362
66018,-95.807069,36.032501
66294,-95.808869,36.033886
66296,-95.808827,36.033954
66298,-95.808786,36.034022
66295,-95.808959,36.034050
66297,-95.808917,36.034118
66299,-95.808867,36.034187
66300,-95.808745,36.034086
66301,-95.808697,36.034152
66304,-95.808739,36.034548
66303,-95.808715,36.034535
66302,-95.808692,36.034522
66270,-95.808134,36.033440
66269,-95.808115,36.033532
66268,-95.808083,36.033606
66266,-95.808051,36.033680
66264,-95.808018,36.033754
66267,-95.807857,36.033710
66265,-95.807823,36.033789
66262,-95.807986,36.033827
66260,-95.807929,36.033909
66258,-95.807876,36.033975
66263,-95.807777,36.033847
66257,-95.807823,36.034040
66261,-95.807721,36.033917
66255,-95.807771,36.034106
66254,-95.807718,36.034172
66253,-95.807666,36.034238
66259,-95.807608,36.034058
66256,-95.807552,36.034128
66252,-95.807494,36.034447
66383,-95.809423,36.034946
66306,-95.808787,36.034575
66305,-95.808763,36.034562
66307,-95.808724,36.035581
66382,-95.808890,36.035605
66309,-95.808865,36.035771
66308,-95.808695,36.035754
66248,-95.808171,36.035059
66245,-95.808249,36.035102
66246,-95.808223,36.035088
66247,-95.808197,36.035073
66244,-95.808127,36.035202
66243,-95.807776,36.035425
66241,-95.807757,36.035528
66242,-95.807925,36.035695
66239,-95.807926,36.035799
66240,-95.807755,36.035747
66021,-95.806966,36.033489
66017,-95.806797,36.033333
66019,-95.806797,36.033411
66020,-95.806796,36.033489
66036,-95.807270,36.034031
66034,-95.807191,36.033985
66030,-95.807133,36.033954
66027,-95.807017,36.033829
66032,-95.806997,36.034036
66037,-95.807236,36.034513
66035,-95.807172,36.034143
66033,-95.807093,36.034097
66022,-95.806965,36.033568
66024,-95.806965,36.033646
66026,-95.806970,36.033711
66023,-95.806795,36.033568
66025,-95.806804,36.033735
66029,-95.806881,36.033911
66031,-95.806939,36.033973
66028,-95.806831,36.033825
66249,-95.807432,36.034639
66251,-95.807376,36.034589
66250,-95.807407,36.034625
66041,-95.807048,36.035082
66042,-95.807007,36.035234
66043,-95.806985,36.035391
66046,-95.806985,36.035560
66038,-95.806715,36.034601
66040,-95.806698,36.034742
66039,-95.806682,36.034735
66044,-95.806839,36.035214
66045,-95.806815,36.035391
65772,-95.810976,36.035556
65773,-95.810882,36.035502
65774,-95.810789,36.035449
65775,-95.810696,36.035396
65771,-95.811224,36.035689
65776,-95.811299,36.035892
65795,-95.811105,36.036601
65796,-95.811029,36.036500
65801,-95.810870,36.036553
65797,-95.810587,36.036110
65798,-95.810650,36.036259
65800,-95.810797,36.036455
65799,-95.810724,36.036357
66452,-95.810252,36.035326
66451,-95.810114,36.035488
66449,-95.809837,36.035573
66450,-95.809977,36.035651
66381,-95.809792,36.036604
66310,-95.808865,36.035950
66311,-95.808695,36.035916
66313,-95.808695,36.036078
66312,-95.808865,36.036129
66314,-95.808865,36.036308
66317,-95.808869,36.036479
66315,-95.808695,36.036240
66316,-95.808695,36.036402
66318,-95.808727,36.036584
66237,-95.807926,36.035903
66235,-95.807927,36.036008
66238,-95.807756,36.035851
66236,-95.807756,36.035956
66234,-95.807757,36.036060
66233,-95.807927,36.036112
66231,-95.807928,36.036216
66229,-95.807928,36.036321
66232,-95.807757,36.036164
66230,-95.807758,36.036269
66227,-95.807929,36.036425
66226,-95.807929,36.036530
66228,-95.807758,36.036373
66225,-95.807759,36.036530
66047,-95.806815,36.035560
66048,-95.806985,36.035728
66050,-95.806985,36.035897
66052,-95.806985,36.036066
66054,-95.806985,36.036234
66056,-95.806985,36.036403
66058,-95.806985,36.036572
66049,-95.806815,36.035728
66051,-95.806815,36.035897
66053,-95.806815,36.036066
66055,-95.806815,36.036234
66057,-95.806815,36.036403
65791,-95.811399,36.037006
65793,-95.811252,36.036804
65794,-95.811178,36.036702
65804,-95.811087,36.036847
65792,-95.811326,36.036905
65806,-95.811230,36.037045
65805,-95.811159,36.036946
65808,-95.811374,36.037242
65807,-95.811302,36.037143
65803,-95.811015,36.036748
65802,-95.810944,36.036651
66364,-95.810603,36.037457
66362,-95.810686,36.037572
66359,-95.810853,36.037803
66357,-95.810936,36.037918
66361,-95.810769,36.037688
66360,-95.810707,36.037873
66363,-95.810623,36.037758
66358,-95.810790,36.037988
66371,-95.810354,36.037111
66377,-95.810104,36.036765
66375,-95.810187,36.036880
66372,-95.810270,36.036996
66374,-95.810124,36.037066
66369,-95.810437,36.037226
66367,-95.810520,36.037342
66366,-95.810457,36.037527
66368,-95.810374,36.037412
66373,-95.810208,36.037181
66370,-95.810291,36.037296
66380,-95.810021,36.036649
66378,-95.809958,36.036835
66379,-95.809875,36.036719
66376,-95.810041,36.036950
66365,-95.810540,36.037642
66337,-95.810151,36.038375
66333,-95.809898,36.038022
66331,-95.809772,36.037845
66328,-95.809645,36.037669
66336,-95.809752,36.038092
66334,-95.809626,36.037915
66335,-95.810024,36.038198
66338,-95.809878,36.038268
66341,-95.810005,36.038445
66321,-95.809039,36.036779
66323,-95.809246,36.037096
66324,-95.809143,36.036938
66326,-95.809393,36.037316
66327,-95.809519,36.037492
66330,-95.809373,36.037562
66329,-95.809247,36.037386
66320,-95.808936,36.036621
66319,-95.808820,36.036738
66322,-95.808914,36.036881
66325,-95.809007,36.037024
66216,-95.808535,36.037557
66332,-95.809499,36.037739
66209,-95.809111,36.038481
66211,-95.808803,36.038044
66212,-95.808649,36.037826
66215,-95.808636,36.037668
66214,-95.808607,36.037682
66213,-95.808579,36.037696
66210,-95.808957,36.038263
66217,-95.808507,36.037571
66224,-95.807930,36.036634
66222,-95.807930,36.036738
66219,-95.807931,36.036843
66223,-95.807760,36.036634
66221,-95.807760,36.036738
66220,-95.807761,36.036843
66218,-95.808324,36.037644
66208,-95.809265,36.038700
66059,-95.806985,36.036740
66061,-95.806985,36.036909
66064,-95.806985,36.037077
66066,-95.806985,36.037246
66067,-95.806985,36.037415
66069,-95.806985,36.037583
66060,-95.806815,36.036740
66062,-95.806815,36.036909
66063,-95.806815,36.037077
66065,-95.806815,36.037246
66068,-95.806815,36.037415
66070,-95.806815,36.037583
65788,-95.811620,36.037309
65786,-95.811767,36.037512
65787,-95.811694,36.037410
65811,-95.811590,36.037538
65816,-95.812411,36.037717
65815,-95.812235,36.037802
65814,-95.812060,36.037887
65813,-95.811734,36.037736
65812,-95.811662,36.037637
65821,-95.811971,36.038691
66001,-95.811985,36.038829
65822,-95.811896,36.038691
66000,-95.811908,36.038829
65823,-95.811821,36.038691
65824,-95.811746,36.038691
65999,-95.811831,36.038829
65998,-95.811754,36.038829
65825,-95.811671,36.038691
65826,-95.811596,36.038691
65997,-95.811678,36.038829
65996,-95.811601,36.038829
65790,-95.811473,36.037107
65789,-95.811547,36.037208
65809,-95.811446,36.037341
65810,-95.811518,36.037440
66349,-95.811261,36.038391
66351,-95.811185,36.038265
66353,-95.811102,36.038149
66347,-95.811321,36.038536
66350,-95.811107,36.038449
66348,-95.811153,36.038554
66355,-95.811019,36.038034
66356,-95.810873,36.038104
66354,-95.810956,36.038219
66352,-95.811039,36.038335
66339,-95.810277,36.038551
66342,-95.810131,36.038621
65995,-95.811524,36.038829
65827,-95.811371,36.038691
65994,-95.811447,36.038829
65993,-95.811371,36.038829
66346,-95.811174,36.038688
65984,-95.811171,36.039551
65985,-95.811114,36.039555
65992,-95.811054,36.038832
65991,-95.810823,36.038837
66344,-95.810615,36.038835
65986,-95.811058,36.039559
65987,-95.811002,36.039563
65988,-95.810946,36.039567
65989,-95.810890,36.039571
65990,-95.810834,36.039575
65828,-95.810644,36.039521
65829,-95.810647,36.039555
65983,-95.811241,36.039683
65982,-95.811185,36.039687
65981,-95.811128,36.039691
65980,-95.811072,36.039695
65979,-95.811016,36.039699
65978,-95.810960,36.039703
65977,-95.810904,36.039707
65976,-95.810848,36.039711
65830,-95.810670,36.039741
66345,-95.810497,36.038691
66340,-95.810416,36.038668
66343,-95.810334,36.038788
66207,-95.809419,36.038918
66206,-95.809485,36.039196
66205,-95.809485,36.039448
65649,-95.814715,36.036362
65648,-95.814715,36.036521
65653,-95.814546,36.036073
65651,-95.814545,36.036196
65647,-95.814716,36.036680
65646,-95.814717,36.036840
65645,-95.814718,36.036999
65644,-95.814719,36.037159
65643,-95.814720,36.037318
65642,-95.814721,36.037478
65641,-95.814722,36.037637
65640,-95.814723,36.037797
65639,-95.814725,36.038042
65638,-95.814725,36.038253
65637,-95.814725,36.038465
65705,-95.814548,36.036951
65706,-95.814549,36.037119
65707,-95.814550,36.037287
65708,-95.814552,36.037624
65727,-95.813633,36.037044
65726,-95.813699,36.037253
65709,-95.814390,36.037891
65710,-95.814381,36.037891
65711,-95.814369,36.037891
65714,-95.814394,36.038029
65713,-95.814385,36.038029
65712,-95.814377,36.038029
65690,-95.813269,36.035005
65693,-95.813377,36.035139
65697,-95.813473,36.035270
65695,-95.813425,36.035204
65699,-95.813545,36.035369
65701,-95.813471,36.035537
65700,-95.813423,36.035471
65692,-95.813329,36.035073
65694,-95.813279,36.035274
65689,-95.813183,36.035143
65691,-95.813231,36.035209
65696,-95.813327,36.035340
65698,-95.813375,36.035406
65688,-95.813084,36.035033
65702,-95.813519,36.035603
65703,-95.813567,36.035668
65704,-95.813615,36.035734
65730,-95.813301,36.036579
65731,-95.813190,36.036423
65735,-95.812747,36.035802
65736,-95.812636,36.035647
65734,-95.812858,36.035958
65748,-95.812686,36.035989
65732,-95.813079,36.036268
65733,-95.812969,36.036113
65750,-95.812900,36.036290
65751,-95.813008,36.036440
65752,-95.813115,36.036591
65749,-95.812793,36.036140
65737,-95.812507,36.035482
65738,-95.812354,36.035353
65745,-95.812363,36.035560
65739,-95.812163,36.035239
65744,-95.812226,36.035443
65743,-95.812051,36.035343
65747,-95.812579,36.035839
65746,-95.812471,36.035688
65764,-95.812152,36.036543
65768,-95.811710,36.035991
65777,-95.811588,36.036085
65767,-95.811842,36.036126
65766,-95.811950,36.036266
65765,-95.812051,36.036405
65778,-95.811905,36.036475
65770,-95.811391,36.035776
65769,-95.811573,36.035875
65729,-95.813412,36.036734
65728,-95.813522,36.036889
65754,-95.813437,36.037042
65753,-95.813222,36.036741
65755,-95.813528,36.037185
65725,-95.813581,36.037495
65724,-95.813469,36.037564
65756,-95.813312,36.037478
65723,-95.813362,36.037613
65759,-95.812647,36.037244
65758,-95.812745,36.037385
65817,-95.812701,36.037596
65722,-95.813134,36.037942
65721,-95.813235,36.038116
65720,-95.813289,36.038305
65757,-95.812928,36.037633
65818,-95.812881,36.037845
65819,-95.813075,36.038160
65820,-95.813120,36.038495
65762,-95.812354,36.036822
65760,-95.812549,36.037103
65761,-95.812452,36.036963
65763,-95.812254,36.036682
65780,-95.812108,36.036752
65782,-95.812304,36.037031
65781,-95.812206,36.036890
65784,-95.812499,36.037312
65783,-95.812401,36.037171
65785,-95.812597,36.037453
65779,-95.812006,36.036613
66007,-95.813553,36.038829
65715,-95.813502,36.038691
65716,-95.813452,36.038691
65717,-95.813401,36.038691
66006,-95.813502,36.038829
66005,-95.813452,36.038829
66004,-95.813401,36.038829
65718,-95.813351,36.038691
65719,-95.813301,36.038691
66003,-95.813351,36.038829
66002,-95.813301,36.038829
65666,-95.814725,36.035173
65665,-95.814725,36.035204
65664,-95.814725,36.035235
65663,-95.814725,36.035266
65661,-95.814725,36.035297
65659,-95.814725,36.035328
65656,-95.814717,36.035973
65654,-95.814717,36.036037
65652,-95.814716,36.036101
65650,-95.814715,36.036165
65662,-95.814555,36.035266
65660,-95.814555,36.035297
65658,-95.814555,36.035328
65657,-95.814548,36.035950
65655,-95.814547,36.036012
65667,-95.813434,36.034500
65668,-95.813491,36.034630
65670,-95.813432,36.034662
65672,-95.813345,36.034737
65674,-95.813301,36.034775
65678,-95.813213,36.034850
65679,-95.813170,36.034888
65636,-95.814725,36.038677
66204,-95.809402,36.040225
66203,-95.809387,36.040254
66202,-95.809371,36.040284
66201,-95.809355,36.040313
66200,-95.809339,36.040343
66199,-95.809308,36.040402
66129,-95.809167,36.040318
66130,-95.809152,36.040348
66071,-95.808300,36.039464
66072,-95.808253,36.039465
66073,-95.808207,36.039465
66074,-95.808161,36.039465
66128,-95.808253,36.039603
66127,-95.808207,36.039603
66126,-95.808161,36.039603
66131,-95.808204,36.040281
66132,-95.808157,36.040281
66142,-95.808204,36.040419
66141,-95.808157,36.040419
66133,-95.808111,36.040281
66134,-95.808064,36.040281
66135,-95.808017,36.040281
66140,-95.808111,36.040419
66139,-95.808064,36.040419
66138,-95.808017,36.040419
66136,-95.807971,36.040281
66137,-95.807971,36.040419
66198,-95.808714,36.041294
66197,-95.808681,36.041327
66196,-95.808637,36.041365
66195,-95.808598,36.041395
66194,-95.808560,36.041424
66193,-95.808522,36.041454
66145,-95.808041,36.041165
66146,-95.808034,36.041161
66147,-95.808021,36.041153
66143,-95.808444,36.041324
66144,-95.808406,36.041354
66148,-95.807921,36.041263
66149,-95.807934,36.041271
66192,-95.807459,36.042109
66191,-95.807406,36.042138
66190,-95.807353,36.042167
66189,-95.807278,36.042200
66150,-95.807222,36.042070
66151,-95.807124,36.042101
66188,-95.807217,36.042217
66187,-95.807134,36.042239
66155,-95.806985,36.041997
66154,-95.806985,36.042030
66153,-95.806985,36.042063
66152,-95.806985,36.042097
66186,-95.807070,36.042242
66185,-95.807006,36.042245
66183,-95.807177,36.042739
66184,-95.807151,36.042718
66170,-95.806815,36.041997
66171,-95.806815,36.042030
66172,-95.806815,36.042063
66173,-95.806815,36.042097
66175,-95.806871,36.042643
66174,-95.806863,36.042628
66176,-95.806880,36.042657
66182,-95.807823,36.043253
66181,-95.807853,36.043273
66179,-95.807745,36.043379
66180,-95.807796,36.043406
66178,-95.807715,36.043359
66177,-95.807086,36.042859
66075,-95.807186,36.039469
66076,-95.807140,36.039469
66125,-95.807186,36.039607
66124,-95.807140,36.039607
66077,-95.807093,36.039469
66078,-95.807047,36.039469
66079,-95.807001,36.039470
66123,-95.807093,36.039607
66122,-95.807047,36.039607
66121,-95.807001,36.039608
66162,-95.806985,36.040369
66161,-95.806985,36.040402
66160,-95.806985,36.040435
66163,-95.806815,36.040336
66164,-95.806815,36.040369
66165,-95.806815,36.040402
66166,-95.806815,36.040435
66120,-95.806018,36.040347
66119,-95.806020,36.040388
66118,-95.806021,36.040430
66117,-95.806023,36.040471
66116,-95.806023,36.040518
66115,-95.806021,36.040559
66114,-95.806019,36.040601
66113,-95.806017,36.040642
66099,-95.805848,36.040351
66100,-95.805850,36.040392
66101,-95.805851,36.040434
66102,-95.805853,36.040475
66103,-95.805855,36.040512
66104,-95.805853,36.040553
66105,-95.805851,36.040595
66106,-95.805849,36.040636
66159,-95.806985,36.041166
66158,-95.806985,36.041200
66157,-95.806985,36.041233
66156,-95.806985,36.041266
66167,-95.806815,36.041166
66168,-95.806815,36.041200
66169,-95.806815,36.041266
66112,-95.805617,36.041488
66111,-95.805575,36.041512
66110,-95.805533,36.041536
66109,-95.805491,36.041560
66107,-95.805437,36.041424
66108,-95.805395,36.041448
64715,-95.805349,36.041431
66084,-95.804500,36.039443
66085,-95.804416,36.039446
66086,-95.804333,36.039448
66087,-95.804249,36.039451
66088,-95.804166,36.039454
66098,-95.804255,36.039589
66097,-95.804172,36.039592
66089,-95.804082,36.039457
66096,-95.804088,36.039595
66090,-95.803915,36.039462
66095,-95.804004,36.039597
66094,-95.803921,36.039600
66093,-95.803837,36.039603
66091,-95.803831,36.039465
66092,-95.803748,36.039468
65831,-95.810768,36.040172
65832,-95.810882,36.040595
65961,-95.811615,36.040922
65962,-95.811659,36.041054
65964,-95.811587,36.041067
65963,-95.811551,36.040933
65965,-95.811483,36.040945
65967,-95.811414,36.040957
65966,-95.811519,36.041079
65969,-95.811346,36.040969
65968,-95.811450,36.041091
65970,-95.811382,36.041103
65971,-95.811277,36.040981
65974,-95.811209,36.040993
65972,-95.811313,36.041115
65973,-95.811245,36.041127
65975,-95.811141,36.041006
65871,-95.811320,36.041724
65868,-95.811250,36.041717
65866,-95.811180,36.041711
65835,-95.811165,36.041673
65833,-95.810963,36.041018
65834,-95.811002,36.041617
65836,-95.811000,36.041638
65837,-95.810997,36.041659
65875,-95.811461,36.041737
65873,-95.811391,36.041730
65950,-95.813136,36.040509
65953,-95.813126,36.040658
65951,-95.813070,36.040528
65952,-95.813003,36.040546
65955,-95.813059,36.040676
65956,-95.812993,36.040695
65954,-95.812937,36.040565
65957,-95.812871,36.040584
65959,-95.812805,36.040603
65958,-95.812927,36.040714
65960,-95.812861,36.040733
65886,-95.812983,36.041392
65885,-95.812916,36.041411
65883,-95.812849,36.041429
65881,-95.811653,36.041727
65880,-95.811742,36.041857
65878,-95.811671,36.041863
65876,-95.811601,36.041869
65879,-95.811583,36.041733
65877,-95.811513,36.041740
65874,-95.811531,36.041876
65872,-95.811441,36.041873
65870,-95.811371,36.041866
65867,-95.811230,36.041853
65869,-95.811300,36.041860
65865,-95.811160,36.041847
65892,-95.813785,36.042012
65894,-95.813752,36.042019
65895,-95.813719,36.042026
65896,-95.813686,36.042034
65889,-95.813050,36.041374
65888,-95.813104,36.041504
65887,-95.813037,36.041522
65884,-95.812970,36.041541
65882,-95.812903,36.041559
65947,-95.814592,36.039951
65948,-95.814567,36.039961
65949,-95.814542,36.039972
65946,-95.814618,36.040094
65944,-95.814732,36.040978
65943,-95.814732,36.041018
65940,-95.814733,36.041057
65939,-95.814734,36.041097
65945,-95.814562,36.041020
65942,-95.814563,36.041059
65941,-95.814564,36.041099
65938,-95.814726,36.041846
65937,-95.814725,36.041873
65936,-95.814725,36.041900
65935,-95.814725,36.041928
65890,-95.814555,36.041871
65891,-95.814555,36.041898
65893,-95.813763,36.042158
65923,-95.813741,36.042599
65922,-95.813741,36.042618
65921,-95.813742,36.042637
65920,-95.813743,36.042656
65916,-95.813571,36.042603
65917,-95.813571,36.042622
65918,-95.813572,36.042641
65919,-95.813573,36.042660
65934,-95.814725,36.043107
65933,-95.814725,36.043162
65931,-95.814725,36.043217
65929,-95.814725,36.043272
65927,-95.814725,36.043327
65925,-95.814725,36.043382
65924,-95.814725,36.043437
65864,-95.814764,36.043585
65863,-95.814744,36.043586
65932,-95.814555,36.043217
65930,-95.814555,36.043272
65928,-95.814555,36.043327
65926,-95.814555,36.043382
65897,-95.812806,36.042258
65898,-95.812767,36.042268
65899,-95.812728,36.042278
65900,-95.812690,36.042289
65913,-95.812778,36.042623
65915,-95.812773,36.042608
65914,-95.812775,36.042615
65911,-95.812611,36.042647
65912,-95.812614,36.042655
65901,-95.812403,36.042366
65902,-95.812219,36.042417
65903,-95.812035,36.042468
65862,-95.813028,36.043582
65861,-95.812907,36.043582
65860,-95.812665,36.043443
65859,-95.812786,36.043581
65857,-95.812665,36.043581
65858,-95.812545,36.043442
65856,-95.812424,36.043442
65855,-95.812545,36.043580
65853,-95.812424,36.043580
65854,-95.812303,36.043441
65852,-95.812182,36.043441
65851,-95.812303,36.043579
65850,-95.812182,36.043579
65849,-95.812072,36.043435
65848,-95.811952,36.043423
65846,-95.811843,36.043411
65847,-95.812052,36.043571
65845,-95.811932,36.043559
65844,-95.811726,36.043387
65905,-95.811617,36.043300
65908,-95.811608,36.043325
65910,-95.811599,36.043351
65843,-95.811801,36.043545
65842,-95.811684,36.043521
65904,-95.811464,36.043234
65906,-95.811455,36.043260
65841,-95.811567,36.043497
65907,-95.811446,36.043285
65909,-95.811437,36.043311
65840,-95.810708,36.043218
65838,-95.810648,36.043196
65839,-95.810678,36.043207
64823,-95.803938,36.034284
64829,-95.803799,36.034201
64830,-95.803764,36.034263
64822,-95.803903,36.034348
64821,-95.803898,36.034394
64820,-95.803891,36.034464
64831,-95.803733,36.034350
64832,-95.803726,36.034418
64790,-95.804742,36.034581
64791,-95.804741,36.034628
64792,-95.804741,36.034675
64793,-95.804740,36.034723
64794,-95.804739,36.034770
64789,-95.804907,36.034949
64788,-95.804906,36.035034
64795,-95.804739,36.034817
64796,-95.804738,36.034865
64797,-95.804737,36.034912
64798,-95.804737,36.034959
64787,-95.804905,36.035119
64786,-95.804903,36.035204
64785,-95.804902,36.035289
64784,-95.804901,36.035374
64783,-95.804900,36.035459
64819,-95.803883,36.034717
64837,-95.803714,36.034622
64818,-95.803882,36.034907
64838,-95.803712,36.034825
64839,-95.803711,36.035029
64817,-95.803881,36.035097
64816,-95.803879,36.035287
64840,-95.803710,36.035232
64815,-95.803878,36.035477
64841,-95.803708,36.035436
64824,-95.804051,36.033909
64825,-95.803994,36.033959
64826,-95.803938,36.034009
64827,-95.803869,36.034077
64828,-95.803834,36.034139
64833,-95.803328,36.034462
64834,-95.803313,36.034462
64836,-95.803324,36.034600
64835,-95.803309,36.034600
64782,-95.804899,36.035544
64754,-95.805088,36.035892
64755,-95.805054,36.035892
64756,-95.805020,36.035891
64757,-95.804986,36.035891
64758,-95.804952,36.035891
64778,-95.804985,36.036493
64777,-95.804985,36.036515
64776,-95.804985,36.036537
64775,-95.804985,36.036559
64774,-95.804985,36.036581
64781,-95.804898,36.035628
64780,-95.804897,36.035713
64779,-95.804895,36.035798
64799,-95.804725,36.035858
64800,-95.804787,36.036054
64801,-95.804814,36.036246
64802,-95.804815,36.036446
64814,-95.803877,36.035667
64842,-95.803707,36.035639
64813,-95.803876,36.035857
64812,-95.803875,36.036047
64843,-95.803706,36.035843
64844,-95.803705,36.036047
64773,-95.804985,36.037046
64772,-95.804985,36.037222
64803,-95.804815,36.036650
64804,-95.804815,36.036854
64805,-95.804815,36.037058
64811,-95.804001,36.036905
64810,-95.804001,36.036941
64809,-95.804002,36.036978
64808,-95.804002,36.037014
64807,-95.804003,36.037050
64806,-95.804004,36.037087
64271,-95.804137,36.037231
64270,-95.804104,36.037232
64269,-95.804072,36.037233
64268,-95.804040,36.037234
64871,-95.803832,36.036980
64872,-95.803832,36.037016
64873,-95.803833,36.037052
64874,-95.803834,36.037089
64267,-95.803818,36.037239
64875,-95.803163,36.037109
64753,-95.805970,36.036747
64752,-95.805970,36.036782
64751,-95.805970,36.036818
64750,-95.805969,36.036854
64749,-95.805969,36.036889
64748,-95.805969,36.036925
64759,-95.805800,36.036782
64760,-95.805800,36.036818
64761,-95.805799,36.036854
64762,-95.805799,36.036889
64763,-95.805799,36.036925
64747,-95.805965,36.037710
64746,-95.805965,36.037745
64745,-95.805965,36.037781
64744,-95.805965,36.037817
64743,-95.805971,36.038428
64742,-95.805971,36.038456
64741,-95.805972,36.038510
64740,-95.805972,36.038537
64764,-95.805795,36.037674
64765,-95.805795,36.037710
64766,-95.805795,36.037745
64767,-95.805795,36.037781
64768,-95.805795,36.037817
64771,-95.804985,36.037423
64770,-95.804985,36.037625
64291,-95.805390,36.037973
64290,-95.805373,36.037973
64289,-95.805355,36.037973
64769,-95.804985,36.037827
64288,-95.805010,36.037976
64272,-95.804794,36.037844
64273,-95.804773,36.037844
64274,-95.804710,36.037846
64287,-95.804802,36.037982
64286,-95.804760,36.037983
64285,-95.804718,36.037984
64284,-95.804677,36.037986
64275,-95.804669,36.037848
64276,-95.804627,36.037849
64283,-95.804635,36.037987
64277,-95.803670,36.037884
64282,-95.803678,36.038022
64278,-95.803628,36.037885
64279,-95.803587,36.037887
64281,-95.803636,36.038023
64280,-95.803595,36.038025
64739,-95.805236,36.038799
64738,-95.805209,36.038800
64292,-95.805177,36.038663
64293,-95.805149,36.038663
64294,-95.805122,36.038664
64737,-95.805181,36.038801
64736,-95.805153,36.038801
64735,-95.805126,36.038802
64295,-95.804568,36.038677
64734,-95.804572,36.038815
64733,-95.804545,36.038815
64296,-95.804541,36.038677
64297,-95.804513,36.038678
64298,-95.804485,36.038679
64299,-95.804458,36.038679
64300,-95.804430,36.038680
64732,-95.804517,36.038816
64731,-95.804489,36.038817
64730,-95.804462,36.038817
64729,-95.804434,36.038818
64301,-95.803750,36.038696
64302,-95.803723,36.038701
64876,-95.803137,36.037115
64266,-95.803230,36.037236
64265,-95.803204,36.037241
64264,-95.803179,36.037247
64870,-95.802801,36.036485
64869,-95.802759,36.036503
64846,-95.802638,36.036401
64868,-95.802718,36.036521
64867,-95.802676,36.036539
64847,-95.802596,36.036419
64263,-95.802611,36.037790
64262,-95.802609,36.037820
64261,-95.802608,36.037851
64877,-95.802466,36.037674
64878,-95.802452,36.037702
64879,-95.802444,36.037754
64880,-95.802443,36.037784
64848,-95.801872,36.036939
64866,-95.801952,36.037082
64865,-95.801923,36.037113
64864,-95.801895,36.037144
64863,-95.801867,36.037174
64849,-95.801844,36.036970
64850,-95.801816,36.037000
64851,-95.801787,36.037031
64852,-95.801759,36.037062
64853,-95.801731,36.037092
64255,-95.801500,36.038039
64881,-95.801447,36.037901
64882,-95.801395,36.037901
64260,-95.802669,36.038558
64259,-95.802670,36.038585
64258,-95.802671,36.038612
64257,-95.802672,36.038639
64256,-95.802672,36.038652
64254,-95.801447,36.038039
64253,-95.801395,36.038039
64233,-95.801693,36.038825
64232,-95.801640,36.038825
64234,-95.801558,36.038688
64235,-95.801505,36.038688
64231,-95.801587,36.038825
64230,-95.801534,36.038826
64229,-95.801480,36.038826
64236,-95.801452,36.038688
64237,-95.801399,36.038689
64238,-95.801346,36.038689
64228,-95.801427,36.038827
64227,-95.801374,36.038827
64862,-95.801242,36.037763
64861,-95.801225,36.037799
64860,-95.801220,36.037821
64883,-95.801342,36.037901
64884,-95.801289,36.037901
64885,-95.801237,36.037901
64252,-95.801342,36.038039
64251,-95.801289,36.038039
64250,-95.801237,36.038039
64855,-95.801084,36.037715
64856,-95.801067,36.037751
64857,-95.801052,36.037803
64858,-95.801045,36.037841
64859,-95.801039,36.037880
64249,-95.801006,36.038037
64248,-95.800967,36.038036
64239,-95.801293,36.038690
64240,-95.801240,36.038690
64226,-95.801321,36.038827
64225,-95.801268,36.038828
64241,-95.801187,36.038691
64224,-95.801215,36.038828
64854,-95.801100,36.037679
64886,-95.800243,36.037885
64887,-95.800166,36.037884
64247,-95.800277,36.038024
64246,-95.800239,36.038023
64245,-95.800200,36.038023
64888,-95.799831,36.038581
64889,-95.799832,36.038607
64890,-95.799832,36.038634
64242,-95.800205,36.038698
64223,-95.800207,36.038836
64243,-95.800152,36.038698
64244,-95.800099,36.038699
64222,-95.800154,36.038836
64221,-95.800101,36.038837
64220,-95.800048,36.038837
64891,-95.799832,36.038661
64892,-95.799833,36.038688
64219,-95.799817,36.038837
64218,-95.799786,36.038836
64217,-95.799756,36.038836
64897,-95.798972,36.038144
64896,-95.799016,36.038308
64898,-95.798846,36.038236
64899,-95.798846,36.038310
64895,-95.799018,36.038431
64894,-95.799021,36.038554
64900,-95.798848,36.038433
64901,-95.798851,36.038556
64216,-95.799085,36.038830
64215,-95.799055,36.038830
64893,-95.799024,36.038677
64902,-95.798854,36.038679
64214,-95.798839,36.038829
64213,-95.798791,36.038829
64212,-95.797700,36.038779
64211,-95.797652,36.038779
64303,-95.803557,36.039367
64304,-95.803558,36.039391
64305,-95.803559,36.039414
64306,-95.803560,36.039437
64307,-95.803562,36.039461
66080,-95.806098,36.039471
66081,-95.806066,36.039471
66082,-95.806033,36.039471
66083,-95.806001,36.039471
60686,-95.810088,36.041901
60687,-95.810052,36.041901
60771,-95.810052,36.042039
60688,-95.809994,36.041907
60770,-95.809551,36.042749
60689,-95.809444,36.042639
60690,-95.809419,36.042665
60691,-95.809393,36.042691
60692,-95.809368,36.042717
60693,-95.809342,36.042744
60769,-95.809525,36.042775
60768,-95.809500,36.042801
60767,-95.809474,36.042828
60766,-95.808939,36.043410
60765,-95.808918,36.043439
60694,-95.808795,36.043338
60695,-95.808774,36.043367
60764,-95.808896,36.043467
60763,-95.808875,36.043496
60696,-95.808752,36.043395
60697,-95.808731,36.043424
60685,-95.811045,36.042210
60684,-95.810706,36.042973
60683,-95.810690,36.043006
60772,-95.810565,36.042888
60682,-95.810675,36.043039
60773,-95.810549,36.042922
60774,-95.810533,36.042955
60775,-95.810517,36.042989
60705,-95.805987,36.044116
60706,-95.805955,36.044126
64704,-95.805882,36.044125
60702,-95.807056,36.044086
60703,-95.807025,36.044085
60704,-95.806995,36.044084
60752,-95.807047,36.044224
60751,-95.807017,36.044223
60750,-95.806987,36.044222
60699,-95.807807,36.044192
60700,-95.807776,36.044192
60701,-95.807745,36.044192
60754,-95.807766,36.044330
60753,-95.807736,36.044329
60760,-95.809092,36.044195
60761,-95.808694,36.044145
60762,-95.808692,36.044169
60698,-95.808526,36.044135
60756,-95.808709,36.044336
60755,-95.808498,36.044338
60759,-95.809108,36.044195
60758,-95.809106,36.044333
60757,-95.809090,36.044333
60776,-95.810065,36.043478
60681,-95.810165,36.043589
60777,-95.810042,36.043492
60778,-95.810020,36.043506
60779,-95.809845,36.043611
60680,-95.809668,36.044156
60679,-95.809667,36.044181
60780,-95.809501,36.044127
60781,-95.809500,36.044151
65036,-95.798078,36.029996
65035,-95.798046,36.029996
65034,-95.798014,36.029996
65033,-95.797982,36.029997
