77721,-95.729540,36.048632
77720,-95.729540,36.048639
77719,-95.729541,36.048646
77718,-95.729541,36.048667
77717,-95.729542,36.048675
77745,-95.729371,36.048657
77746,-95.729371,36.048664
77747,-95.729371,36.048671
77722,-95.729356,36.048693
77723,-95.729286,36.048694
77724,-95.729217,36.048695
77729,-95.727817,36.048517
77728,-95.727817,36.048542
77727,-95.727816,36.048605
77726,-95.727816,36.048630
77730,-95.727647,36.048553
77731,-95.727646,36.048603
77725,-95.727816,36.048655
77732,-95.727646,36.048653
77700,-95.730802,36.050561
77701,-95.730757,36.050561
77702,-95.730711,36.050561
77699,-95.730848,36.050699
77698,-95.730802,36.050699
77697,-95.730757,36.050699
77696,-95.730711,36.050699
77703,-95.729713,36.050561
77695,-95.729713,36.050699
77694,-95.729667,36.050699
77687,-95.730848,36.051361
77688,-95.730802,36.051361
77689,-95.730757,36.051361
77690,-95.730711,36.051361
77686,-95.730848,36.051499
77685,-95.730802,36.051499
77684,-95.730757,36.051499
77691,-95.729667,36.051365
77683,-95.729713,36.051503
77682,-95.729667,36.051503
77716,-95.729553,36.049690
77715,-95.729285,36.049917
77748,-95.729246,36.049779
77749,-95.729164,36.049778
77714,-95.729162,36.049916
77704,-95.729622,36.050561
77693,-95.729622,36.050699
77744,-95.728545,36.048920
77743,-95.728171,36.049013
77750,-95.728345,36.049773
77751,-95.728263,36.049772
77713,-95.728343,36.049911
77712,-95.728302,36.049910
77711,-95.728261,36.049910
77710,-95.728220,36.049910
77709,-95.728179,36.049910
77705,-95.728398,36.050571
77706,-95.728364,36.050571
77707,-95.728331,36.050571
77692,-95.729576,36.051366
77681,-95.729622,36.051503
77680,-95.729576,36.051504
77679,-95.729531,36.051504
77676,-95.728415,36.051279
77677,-95.728415,36.051305
77678,-95.728415,36.051357
77742,-95.727103,36.048815
77741,-95.727076,36.048815
77735,-95.726821,36.048522
77734,-95.726821,36.048544
77733,-95.726822,36.048600
77736,-95.726651,36.048557
77737,-95.726652,36.048580
77738,-95.726652,36.048602
77739,-95.726652,36.048624
77740,-95.726652,36.048646
84268,-95.726105,36.047219
81164,-95.725935,36.047741
80606,-95.725637,36.048109
80621,-95.725665,36.048247
80607,-95.725497,36.048109
80608,-95.725357,36.048108
80620,-95.725385,36.048246
77753,-95.727329,36.049400
77752,-95.727328,36.049427
77754,-95.727136,36.049485
77755,-95.727125,36.049485
77756,-95.727113,36.049484
77759,-95.727128,36.049623
77758,-95.727117,36.049623
77757,-95.727102,36.049484
77708,-95.727377,36.050173
77669,-95.727221,36.050379
77668,-95.727174,36.050389
77667,-95.727130,36.050396
77675,-95.727573,36.050912
77670,-95.727399,36.050808
77760,-95.727094,36.050262
77761,-95.727050,36.050270
77666,-95.727086,36.050404
80622,-95.725944,36.049618
80623,-95.725945,36.050704
77674,-95.727570,36.051025
77671,-95.727402,36.051019
77672,-95.727396,36.051127
77673,-95.727390,36.051235
80657,-95.725927,36.050988
80665,-95.725872,36.052659
80661,-95.725851,36.052659
80658,-95.725933,36.052811
80664,-95.725848,36.052797
80662,-95.725818,36.052659
80624,-95.724620,36.050842
80625,-95.724332,36.050841
80656,-95.725262,36.050984
80659,-95.725928,36.053027
80592,-95.733982,36.046667
80594,-95.732920,36.046375
80593,-95.732856,36.046362
80595,-95.730408,36.046328
81159,-95.726992,36.046294
81156,-95.726610,36.046429
81157,-95.726610,36.046429
81158,-95.726610,36.046429
81160,-95.726610,36.046429
81161,-95.726610,36.046429
84267,-95.726104,36.046277
81162,-95.725681,36.046429
81163,-95.725681,36.046429
80619,-95.724740,36.048245
80609,-95.724235,36.048106
80610,-95.724095,36.048106
80618,-95.724264,36.048244
80617,-95.724123,36.048244
80611,-95.723955,36.048105
80616,-95.723983,36.048243
80655,-95.723934,36.050977
80612,-95.722834,36.048103
80615,-95.722862,36.048241
80613,-95.722694,36.048103
80614,-95.722722,36.048241
80626,-95.723233,36.050835
79289,-95.723880,36.052641
79290,-95.723872,36.052641
79293,-95.723886,36.052779
79292,-95.723878,36.052779
79291,-95.723871,36.052779
80603,-95.726090,36.054383
80605,-95.726090,36.054500
80604,-95.726090,36.054514
80602,-95.726090,36.054529
80660,-95.725920,36.054681
80600,-95.726088,36.055186
80601,-95.726088,36.055259
80597,-95.726086,36.055917
80667,-95.725917,36.055567
80666,-95.725916,36.055813
80599,-95.726085,36.056472
80598,-95.726085,36.056487
80668,-95.725916,36.056076
80669,-95.725915,36.056322
80670,-95.725915,36.056487
80671,-95.725915,36.056786
80672,-95.725918,36.057292
80673,-95.725921,36.057730
80674,-95.725921,36.057831
80675,-95.725922,36.057898
80596,-95.726103,36.059797
80676,-95.725931,36.059415
80677,-95.725933,36.059752
80627,-95.722552,36.050831
80628,-95.721924,36.050828
80629,-95.721845,36.050827
80654,-95.722552,36.050969
80653,-95.721835,36.050965
80630,-95.720439,36.050819
80631,-95.720370,36.050818
89626,-95.720640,36.050959
80652,-95.720641,36.051816
80651,-95.720643,36.051879
80649,-95.720644,36.051942
80648,-95.720471,36.051797
80650,-95.720660,36.052809
80632,-95.719289,36.050804
80633,-95.719220,36.050804
80647,-95.719233,36.050942
80637,-95.718029,36.050929
80634,-95.717912,36.050791
80635,-95.717796,36.050791
80643,-95.719198,36.052778
80642,-95.718750,36.052773
80641,-95.718710,36.052773
80646,-95.718223,36.052294
80645,-95.718223,36.052396
80638,-95.718053,36.052328
80639,-95.718053,36.052429
80644,-95.718224,36.052497
80640,-95.718054,36.052531
80714,-95.722097,36.054985
80688,-95.722735,36.056174
80687,-95.722735,36.056237
80686,-95.722735,36.056300
80685,-95.722735,36.056312
80689,-95.722565,36.056938
80690,-95.722565,36.057026
80713,-95.722159,36.055125
80717,-95.720525,36.054371
80715,-95.720525,36.054406
80716,-95.720355,36.054390
80718,-95.720355,36.054426
80712,-95.721321,36.055371
80719,-95.720363,36.055340
80711,-95.720348,36.055511
80710,-95.720342,36.055511
80720,-95.720256,36.055512
81073,-95.719535,36.055389
80691,-95.722565,36.057551
80692,-95.722565,36.057576
80683,-95.722735,36.057614
80693,-95.722565,36.057677
80707,-95.722508,36.057688
80706,-95.722504,36.057826
80684,-95.722735,36.058595
80682,-95.722735,36.059138
80681,-95.722735,36.059228
80694,-95.722565,36.059138
80695,-95.722565,36.059198
80696,-95.722565,36.059228
80697,-95.722565,36.059259
80680,-95.722735,36.060555
80698,-95.722565,36.060525
79604,-95.720519,36.057790
80705,-95.720505,36.058986
80708,-95.720300,36.057648
80739,-95.720335,36.058864
80740,-95.720335,36.059016
80704,-95.720505,36.059137
80703,-95.720505,36.059259
80741,-95.720335,36.059168
80742,-95.720335,36.059289
80721,-95.719234,36.055544
80722,-95.719205,36.056569
80723,-95.719185,36.057322
80709,-95.719348,36.057556
80724,-95.719178,36.057573
80725,-95.719142,36.057629
80702,-95.720505,36.060564
80701,-95.720505,36.060625
80700,-95.720505,36.060777
80743,-95.720335,36.060534
80744,-95.720335,36.060686
80745,-95.720335,36.060808
80736,-95.718261,36.059749
80735,-95.718262,36.060034
80730,-95.718091,36.059770
80734,-95.718264,36.060665
80733,-95.718264,36.060767
80731,-95.718094,36.060706
80732,-95.718095,36.060788
80784,-95.716375,36.060671
80783,-95.716375,36.060751
80782,-95.716205,36.060778
81776,-95.716008,36.060928
81735,-95.720497,36.061752
81736,-95.720495,36.061903
81738,-95.720494,36.062012
81740,-95.720486,36.062987
81741,-95.720485,36.063095
81734,-95.720326,36.061817
81737,-95.720324,36.062033
81739,-95.720315,36.063008
81746,-95.720315,36.063117
81742,-95.720491,36.063765
81743,-95.720492,36.063829
81748,-95.720122,36.063267
81744,-95.720322,36.063844
81745,-95.720323,36.063908
81747,-95.719875,36.063266
77839,-95.718939,36.063123
77840,-95.718816,36.063123
77841,-95.718692,36.063122
81777,-95.718389,36.061823
81775,-95.718317,36.061893
81774,-95.718264,36.061958
81773,-95.718092,36.061952
81772,-95.718086,36.062194
81771,-95.718263,36.062970
81769,-95.718264,36.063085
81770,-95.718095,36.063108
77838,-95.718343,36.063259
77842,-95.718334,36.063259
77843,-95.718325,36.063259
77844,-95.718316,36.063259
81749,-95.718095,36.064181
81768,-95.718265,36.064285
81767,-95.718265,36.064403
81750,-95.718095,36.064298
81751,-95.718095,36.064415
81733,-95.716031,36.061877
81673,-95.715860,36.061879
81732,-95.716021,36.061992
81731,-95.716015,36.062115
81674,-95.715850,36.062010
81675,-95.715845,36.062137
81730,-95.716023,36.063098
81729,-95.716024,36.063221
81676,-95.715853,36.063123
81677,-95.715854,36.063197
81728,-95.716024,36.063345
81678,-95.715854,36.063369
81727,-95.716016,36.064331
81766,-95.718265,36.065346
81752,-95.718095,36.065301
81754,-95.718095,36.065348
81755,-95.718097,36.065470
81762,-95.720370,36.066300
81761,-95.720257,36.066163
81763,-95.720147,36.066164
81757,-95.719042,36.066235
81758,-95.719061,36.066243
81759,-95.719279,36.066808
81764,-95.719280,36.066914
81760,-95.718381,36.065752
81765,-95.718321,36.065681
81756,-95.718171,36.065745
81753,-95.718108,36.065564
81726,-95.716016,36.064454
81679,-95.715846,36.064355
81680,-95.715845,36.064479
81725,-95.716015,36.064577
81681,-95.715844,36.064602
81724,-95.716007,36.065563
81723,-95.716006,36.065687
81722,-95.716005,36.065810
81682,-95.715837,36.065588
81683,-95.715836,36.065711
81684,-95.715835,36.065835
81721,-95.716027,36.066795
81720,-95.716030,36.066919
81719,-95.716033,36.067042
81685,-95.715857,36.066822
81686,-95.715860,36.066945
81718,-95.715900,36.067271
81714,-95.715811,36.067286
81717,-95.715659,36.067298
81716,-95.715390,36.067157
81043,-95.713585,36.060394
80747,-95.713755,36.060607
81044,-95.713585,36.060527
81045,-95.713585,36.060660
80746,-95.713755,36.060740
81166,-95.713568,36.060919
81017,-95.713027,36.061053
81698,-95.714023,36.062177
81697,-95.713848,36.062219
81696,-95.713894,36.062574
81699,-95.713736,36.062543
81700,-95.713634,36.062879
81695,-95.713800,36.063732
81694,-95.713800,36.063836
81701,-95.713630,36.063774
81702,-95.713630,36.063874
81703,-95.713629,36.063973
81693,-95.713796,36.064663
81692,-95.713795,36.064766
81691,-95.713795,36.064870
81704,-95.713627,36.064431
81705,-95.713625,36.064868
81706,-95.713624,36.064968
81715,-95.715165,36.067154
81713,-95.714757,36.067288
81690,-95.713791,36.065696
81707,-95.713620,36.065764
81689,-95.713790,36.065903
81708,-95.713620,36.065863
81709,-95.713619,36.065963
79618,-95.713806,36.067104
79620,-95.713806,36.067104
81688,-95.713786,36.066730
81710,-95.713615,36.066759
81687,-95.713785,36.066833
81711,-95.713615,36.066858
81712,-95.713615,36.066958
79619,-95.713642,36.067136
79621,-95.713642,36.067136
80796,-95.716009,36.054008
80763,-95.715839,36.053982
80795,-95.716009,36.054088
80794,-95.716012,36.054432
80765,-95.715842,36.054432
80766,-95.715844,36.054698
80793,-95.716018,36.054827
80767,-95.715850,36.054833
80764,-95.715839,36.054061
80768,-95.715877,36.055234
80792,-95.716076,36.055484
80769,-95.715908,36.055498
80791,-95.716107,36.055748
80770,-95.715939,36.055762
80771,-95.715995,36.056289
80790,-95.716182,36.056813
80789,-95.716182,36.057080
80772,-95.716012,36.056815
80726,-95.718088,36.058752
80738,-95.718260,36.059464
80737,-95.718260,36.059566
80727,-95.718090,36.059485
80728,-95.718091,36.059587
80729,-95.718091,36.059688
80785,-95.716362,36.058913
80773,-95.716009,36.057211
80788,-95.716170,36.057610
80774,-95.716000,36.057608
80787,-95.716183,36.058127
80786,-95.716244,36.058384
80775,-95.716017,36.058151
80776,-95.716078,36.058414
80777,-95.716147,36.058674
80778,-95.716194,36.058929
80779,-95.716205,36.059451
80780,-95.716205,36.059849
80781,-95.716205,36.060247
81026,-95.714705,36.051435
81021,-95.714544,36.051444
81022,-95.714442,36.051441
81023,-95.714340,36.051438
81025,-95.714572,36.051583
81024,-95.714470,36.051580
81027,-95.714447,36.051932
80762,-95.714571,36.052026
80761,-95.714479,36.052105
81028,-95.714355,36.052010
80760,-95.714372,36.052184
81029,-95.714265,36.052077
81006,-95.711434,36.052187
80961,-95.711272,36.052145
80962,-95.711246,36.052186
81005,-95.711409,36.052228
81004,-95.711369,36.052280
80963,-95.711108,36.052277
80981,-95.711127,36.052418
80964,-95.711093,36.052284
80965,-95.711050,36.052291
80966,-95.711008,36.052298
80980,-95.711084,36.052425
80979,-95.711042,36.052432
81030,-95.713585,36.053197
80759,-95.713755,36.053277
80758,-95.713755,36.053458
81031,-95.713585,36.053377
80757,-95.713755,36.053639
81032,-95.713585,36.053558
81033,-95.713585,36.053738
80756,-95.713755,36.053821
80755,-95.713755,36.055271
81034,-95.713585,36.055182
80754,-95.713755,36.055453
81035,-95.713585,36.055363
81036,-95.713585,36.055543
80753,-95.713755,36.055634
80752,-95.713755,36.057085
81037,-95.713585,36.056987
81003,-95.711444,36.053025
81002,-95.711424,36.053051
81088,-95.711414,36.053064
81001,-95.711405,36.053077
81089,-95.711400,36.053153
81090,-95.711318,36.054961
81092,-95.711318,36.054999
81087,-95.711492,36.055270
81086,-95.711493,36.055338
81091,-95.711494,36.055451
81093,-95.711495,36.055497
81094,-95.711324,36.055474
81096,-95.711327,36.055663
81098,-95.711329,36.055760
81100,-95.711331,36.055858
81102,-95.711334,36.055955
81095,-95.711517,36.056579
81097,-95.711518,36.056650
81099,-95.711518,36.056721
81101,-95.711519,36.056791
80751,-95.713755,36.057266
81038,-95.713585,36.057168
81039,-95.713585,36.057348
81040,-95.713585,36.058792
80750,-95.713755,36.059007
80749,-95.713755,36.059080
81041,-95.713585,36.058973
80748,-95.713755,36.059261
81042,-95.713585,36.059153
81104,-95.711354,36.057192
81106,-95.711349,36.057384
81046,-95.711345,36.057481
81103,-95.711507,36.057689
81105,-95.711504,36.057760
81107,-95.711499,36.057901
81108,-95.711496,36.057972
81047,-95.711233,36.059321
80983,-95.711154,36.053075
81000,-95.711216,36.053203
80984,-95.710917,36.053101
80999,-95.710917,36.053239
80985,-95.710577,36.053101
80986,-95.710541,36.053101
80998,-95.710579,36.053239
80997,-95.710543,36.053239
80982,-95.711219,36.054174
81085,-95.711000,36.054188
81084,-95.711009,36.054330
81082,-95.710883,36.054171
81080,-95.710749,36.054161
81083,-95.710892,36.054313
81081,-95.710790,36.054299
80987,-95.709760,36.053105
80988,-95.709724,36.053105
80996,-95.709762,36.053243
80995,-95.709726,36.053243
80989,-95.709689,36.053105
80990,-95.709653,36.053105
80994,-95.709691,36.053243
80993,-95.709655,36.053243
81074,-95.709828,36.055443
81072,-95.709886,36.055583
81071,-95.709838,36.055582
81070,-95.709790,36.055580
81064,-95.709886,36.056746
81065,-95.709839,36.056745
81062,-95.709850,36.056884
81061,-95.709803,36.056883
81078,-95.708970,36.054166
81079,-95.708550,36.054124
81077,-95.708973,36.056091
81076,-95.708974,36.056127
81075,-95.708974,36.056163
81069,-95.708981,36.056621
81068,-95.708982,36.056657
81066,-95.708982,36.056693
81067,-95.709155,36.056882
81060,-95.708985,36.056882
81059,-95.708985,36.056925
81055,-95.709932,36.058037
81056,-95.709881,36.058036
81054,-95.709945,36.058175
81053,-95.709894,36.058174
81052,-95.709844,36.058173
81048,-95.711106,36.059322
81058,-95.708985,36.057672
81057,-95.709155,36.058007
81051,-95.708985,36.058325
81050,-95.708985,36.058787
81049,-95.709056,36.059247
80810,-95.716727,36.047759
80812,-95.716202,36.047479
80808,-95.715950,36.049345
80805,-95.716186,36.049546
80802,-95.716229,36.049826
80806,-95.715998,36.049559
80804,-95.716075,36.049725
80809,-95.715684,36.049239
80814,-95.715522,36.049328
80807,-95.715787,36.049434
80801,-95.716115,36.050065
80803,-95.716007,36.049931
80799,-95.715879,36.050157
80800,-95.716010,36.050272
80636,-95.715949,36.050750
80798,-95.715803,36.050398
80813,-95.715318,36.047290
80815,-95.715287,36.047284
80816,-95.715267,36.047281
80818,-95.715246,36.047277
80819,-95.715226,36.047273
80817,-95.715260,36.047420
80825,-95.714232,36.047258
80828,-95.714204,36.047269
80830,-95.714175,36.047280
80826,-95.714289,36.047387
80827,-95.714283,36.047389
80829,-95.714254,36.047400
80831,-95.713765,36.047832
80832,-95.713743,36.047904
80833,-95.713722,36.047972
81013,-95.713579,36.047872
80820,-95.712707,36.047164
80821,-95.712676,36.047159
80822,-95.712425,36.047131
80824,-95.712293,36.047259
80843,-95.711485,36.048172
80842,-95.711485,36.048220
80841,-95.711485,36.048268
80840,-95.711485,36.048315
80839,-95.711485,36.048363
80907,-95.711315,36.048172
80908,-95.711315,36.048220
80909,-95.711315,36.048268
80910,-95.711315,36.048315
80911,-95.711315,36.048363
81015,-95.713520,36.049865
81018,-95.713612,36.049975
80797,-95.713660,36.050029
81016,-95.713566,36.049921
81019,-95.713426,36.049997
81020,-95.713506,36.050091
81014,-95.713364,36.049922
81012,-95.711475,36.050877
81011,-95.711475,36.050923
80956,-95.711305,36.050932
81010,-95.711475,36.050968
81009,-95.711475,36.051014
81008,-95.711475,36.051060
81007,-95.711475,36.051106
80957,-95.711305,36.050979
80958,-95.711305,36.051025
80959,-95.711305,36.051071
80960,-95.711305,36.051117
80912,-95.710864,36.049099
80913,-95.710821,36.049131
80838,-95.710935,36.049233
80837,-95.710891,36.049265
80914,-95.710777,36.049163
80915,-95.710733,36.049195
80836,-95.710847,36.049297
80835,-95.710803,36.049329
80834,-95.710779,36.049372
80955,-95.711070,36.049897
80916,-95.710518,36.049347
80917,-95.710492,36.049363
80918,-95.710467,36.049379
80954,-95.710622,36.049455
80919,-95.709738,36.049844
80920,-95.709700,36.049867
80921,-95.709662,36.049890
80933,-95.709840,36.049954
80932,-95.709802,36.049977
80931,-95.709764,36.050000
80953,-95.710500,36.051216
80952,-95.710501,36.051276
80934,-95.710331,36.051280
80892,-95.709605,36.048327
80926,-95.708833,36.048289
80927,-95.708832,36.048270
80922,-95.708662,36.048256
80923,-95.708662,36.048274
80924,-95.708663,36.048293
80925,-95.708663,36.048311
80874,-95.707227,36.048893
80929,-95.709501,36.050780
80930,-95.709479,36.050770
80928,-95.709419,36.050900
80951,-95.709217,36.051651
80893,-95.709060,36.049107
80973,-95.708780,36.049245
80974,-95.708794,36.049261
80972,-95.708767,36.049230
80871,-95.707923,36.049602
80870,-95.707910,36.049602
80869,-95.707898,36.049602
80868,-95.707885,36.049603
80867,-95.707873,36.049603
80866,-95.707646,36.049610
80865,-95.707634,36.049610
80864,-95.707621,36.049610
80935,-95.709080,36.051511
80950,-95.709143,36.051650
80949,-95.709062,36.051647
80936,-95.709006,36.051504
80948,-95.708988,36.051640
80937,-95.708859,36.051491
80947,-95.708914,36.051633
80946,-95.708841,36.051627
80938,-95.708651,36.051478
80939,-95.708651,36.051478
80941,-95.708645,36.051616
80942,-95.708645,36.051616
80943,-95.708645,36.051616
80944,-95.708645,36.051616
80945,-95.708645,36.051616
80940,-95.708636,36.051615
86243,-95.706894,36.049606
86242,-95.707068,36.049692
80823,-95.711442,36.047024
80844,-95.711442,36.047024
80845,-95.711372,36.046997
80846,-95.711300,36.046966
80847,-95.709828,36.046742
80848,-95.709790,36.046742
80849,-95.709568,36.046741
80850,-95.709536,36.046741
80851,-95.709505,36.046741
80852,-95.709473,36.046741
80906,-95.711209,36.047083
80905,-95.711053,36.047016
80904,-95.709808,36.046880
80903,-95.709782,36.046880
80885,-95.709599,36.047418
80887,-95.709601,36.047478
80886,-95.709600,36.047448
80888,-95.709602,36.047508
80889,-95.709605,36.047765
80890,-95.709605,36.047952
80891,-95.709605,36.048139
80902,-95.708803,36.047247
80901,-95.708804,36.047266
80900,-95.708804,36.047284
80899,-95.708805,36.047303
80898,-95.708805,36.047322
80897,-95.708806,36.047340
80896,-95.708806,36.047359
80895,-95.708807,36.047377
80894,-95.708819,36.047787
80853,-95.708634,36.047270
80854,-95.708634,36.047288
80855,-95.708635,36.047307
80856,-95.708635,36.047326
80857,-95.708636,36.047344
80858,-95.708636,36.047363
80859,-95.708637,36.047381
80860,-95.708649,36.047791
80861,-95.708649,36.047809
80862,-95.708650,36.047828
80863,-95.708650,36.047846
80967,-95.710073,36.052311
80968,-95.710029,36.052311
80969,-95.709986,36.052311
80978,-95.710073,36.052449
80977,-95.710029,36.052449
80976,-95.709986,36.052449
80970,-95.709943,36.052311
80971,-95.709899,36.052311
80975,-95.709943,36.052449
80992,-95.708686,36.053246
80991,-95.708673,36.053245
84701,-95.715399,36.040103
84699,-95.715591,36.040470
84698,-95.715707,36.040668
84700,-95.715460,36.040246
84711,-95.715539,36.040700
84710,-95.715424,36.040502
84696,-95.715891,36.041488
84697,-95.715820,36.040886
84695,-95.715780,36.041529
84712,-95.715426,36.041507
84694,-95.715436,36.041656
84673,-95.716353,36.043046
84674,-95.715867,36.042865
84672,-95.716351,36.043291
84670,-95.716350,36.043413
84671,-95.716181,36.043315
84669,-95.716180,36.043437
84668,-95.716348,36.043682
84667,-95.716178,36.043682
84675,-95.715596,36.042862
84665,-95.716346,36.043927
84666,-95.716176,36.043927
84663,-95.716343,36.044269
84664,-95.716173,36.044294
84662,-95.716339,36.044758
84661,-95.716169,36.044783
84704,-95.715319,36.039418
84705,-95.715149,36.039416
84703,-95.715316,36.039564
84706,-95.715146,36.039562
84702,-95.715327,36.039774
84707,-95.715159,36.039788
84708,-95.715245,36.040159
84709,-95.715308,36.040304
84722,-95.713421,36.039583
84721,-95.713320,36.039851
84723,-95.713250,36.039581
84724,-95.713160,36.039805
84725,-95.713019,36.040161
84720,-95.713181,36.040199
84626,-95.711311,36.039599
84625,-95.711309,36.039824
84624,-95.711306,36.040183
84713,-95.714872,36.041701
84714,-95.714380,36.041829
84715,-95.714420,36.041963
84692,-95.714661,36.042566
84690,-95.714665,36.042674
84693,-95.714482,36.042355
84691,-95.714493,36.042624
84689,-95.714502,36.043050
84688,-95.714668,36.043277
84687,-95.714666,36.043401
84686,-95.714661,36.043675
84676,-95.714497,36.043299
84677,-95.714495,36.043424
84678,-95.714491,36.043673
84685,-95.714657,36.043924
84684,-95.714650,36.044273
84679,-95.714487,36.043922
84683,-95.714640,36.044771
84680,-95.714479,36.044296
84681,-95.714469,36.044794
84719,-95.713132,36.040792
84718,-95.713130,36.041039
84726,-95.712962,36.040792
84727,-95.712960,36.041039
84717,-95.713127,36.041408
84728,-95.712957,36.041408
84716,-95.713125,36.041828
84729,-95.712955,36.041778
84730,-95.712950,36.042031
84731,-95.712949,36.042091
84733,-95.713111,36.042344
84732,-95.712941,36.042340
84623,-95.711301,36.040721
84622,-95.711299,36.040945
84621,-95.711296,36.041304
84620,-95.711318,36.041632
84617,-95.711848,36.042695
84619,-95.711357,36.041845
84618,-95.711417,36.042064
84634,-95.711330,36.042417
84636,-95.713096,36.043099
84638,-95.713096,36.043150
84635,-95.712926,36.043065
84637,-95.712926,36.043150
84640,-95.713097,36.043336
84641,-95.713098,36.043489
84639,-95.712927,36.043319
84642,-95.712930,36.043743
84643,-95.713100,36.043794
84645,-95.713101,36.043946
84650,-95.713102,36.044150
84644,-95.712931,36.043913
84646,-95.712932,36.044082
84647,-95.712934,36.044336
84648,-95.712931,36.044759
84616,-95.711516,36.043168
84734,-95.711347,36.043119
84615,-95.711515,36.043592
84746,-95.711345,36.043679
84614,-95.711515,36.043911
84613,-95.711515,36.043998
84747,-95.711345,36.043998
84612,-95.711513,36.044521
84610,-95.711511,36.044714
84611,-95.711341,36.044712
84627,-95.711141,36.039620
84628,-95.711139,36.039844
84629,-95.711136,36.040181
84630,-95.711131,36.040741
84631,-95.711129,36.040966
84632,-95.711126,36.041302
84633,-95.711150,36.041646
84735,-95.710940,36.043181
84745,-95.710966,36.043319
84736,-95.710578,36.043181
84744,-95.710604,36.043319
84748,-95.710850,36.044332
84749,-95.710875,36.044470
84751,-95.710404,36.044334
84750,-95.710423,36.044472
84737,-95.709907,36.043181
84743,-95.709933,36.043319
84738,-95.709545,36.043181
84739,-95.709313,36.043181
84742,-95.709571,36.043319
84752,-95.709576,36.044338
84753,-95.709583,36.044476
84758,-95.708184,36.041613
84740,-95.708771,36.043181
84741,-95.708796,36.043319
84755,-95.709131,36.044340
84754,-95.709131,36.044478
84592,-95.708942,36.044598
84593,-95.708941,36.044705
84756,-95.708720,36.044337
84757,-95.708172,36.044332
84591,-95.707987,36.044095
84660,-95.716337,36.045125
84659,-95.716336,36.045272
84656,-95.716167,36.045150
84658,-95.716036,36.045619
84657,-95.715854,36.045619
84655,-95.715672,36.045619
84654,-95.715157,36.045619
84653,-95.715005,36.045481
84682,-95.714632,36.045145
84652,-95.714263,36.045619
84651,-95.713948,36.045618
84649,-95.713696,36.045615
84609,-95.711507,36.045196
84608,-95.711337,36.045194
84607,-95.711505,36.045331
84603,-95.711328,36.045501
84606,-95.711215,36.045648
84605,-95.711145,36.045647
84604,-95.711076,36.045646
84601,-95.710973,36.045507
84602,-95.710728,36.045643
84599,-95.710263,36.045501
84600,-95.710287,36.045639
84598,-95.710009,36.045637
84595,-95.709880,36.045497
84597,-95.709684,36.045633
84594,-95.708940,36.044821
84596,-95.708938,36.045045
84269,-95.726095,36.042568
85225,-95.693656,36.031684
85226,-95.693600,36.031683
85227,-95.693562,36.031683
85211,-95.692571,36.031681
85224,-95.691741,36.031821
85223,-95.691624,36.031822
85222,-95.691508,36.031822
85221,-95.691392,36.031823
85220,-95.691299,36.031823
85371,-95.698894,36.031699
85370,-95.698819,36.031698
85372,-95.698248,36.031835
85369,-95.695409,36.031827
85208,-95.703577,36.031862
85209,-95.702636,36.031709
85210,-95.702468,36.031709
85327,-95.689322,36.026253
85329,-95.688973,36.025715
85328,-95.689157,36.026292
85330,-95.689144,36.026270
85326,-95.689524,36.026780
85325,-95.689359,36.026815
85324,-95.689551,36.027389
85323,-95.689003,36.027938
85294,-95.689168,36.028287
85295,-95.688998,36.028323
85316,-95.687399,36.026262
85314,-95.687939,36.026813
85321,-95.687785,36.026874
85313,-95.688471,36.027699
85322,-95.687851,36.027407
85315,-95.687576,36.026384
85320,-95.687417,36.026451
85312,-95.686923,36.027870
85311,-95.686923,36.028255
85360,-95.686752,36.028294
85351,-95.686575,36.026690
85352,-95.686405,36.027074
85353,-95.686575,36.027458
85359,-95.686389,36.027819
85293,-95.689165,36.028671
85296,-95.688995,36.028710
85292,-95.689165,36.029249
85291,-95.689165,36.029712
85290,-95.689165,36.029827
85297,-95.688995,36.029750
85298,-95.688995,36.029866
85289,-95.689165,36.030213
85299,-95.688995,36.030251
85288,-95.689165,36.030598
85300,-95.688995,36.030637
85310,-95.686922,36.028641
85361,-95.686752,36.028679
85309,-95.686920,36.029219
85362,-95.686750,36.029257
85308,-95.686919,36.029681
85307,-95.686919,36.029797
85363,-95.686750,36.029527
85364,-95.686749,36.029835
85341,-95.687723,36.024174
85342,-95.687464,36.024032
85343,-95.687061,36.023833
85333,-95.688307,36.025275
85335,-95.688054,36.025151
85334,-95.687991,36.025281
85336,-95.687801,36.025026
85337,-95.687738,36.025157
85331,-95.688611,36.025424
85332,-95.688244,36.025405
85338,-95.687485,36.025032
85317,-95.687091,36.026096
85318,-95.686923,36.026020
85319,-95.686865,36.026150
85344,-95.686412,36.024310
85345,-95.686579,36.025071
85346,-95.686408,36.025135
85347,-95.686577,36.025346
85348,-95.686407,36.025346
85349,-95.686406,36.025664
85339,-95.686607,36.025951
85340,-95.686569,36.026085
85350,-95.686405,36.026674
85354,-95.685407,36.027687
85355,-95.685340,36.027688
85357,-95.684026,36.027697
85356,-95.683937,36.027698
85358,-95.683939,36.027836
85306,-95.686918,36.030182
85365,-95.686748,36.030221
85305,-95.686917,36.030568
85366,-95.686747,36.030606
85304,-95.686916,36.031146
85287,-95.689162,36.031177
85301,-95.688991,36.031214
85286,-95.689156,36.031640
85302,-95.688986,36.031677
88644,-95.689776,36.032421
88645,-95.689372,36.032160
88646,-95.689187,36.032159
88647,-95.689002,36.032158
88686,-95.689002,36.032296
88648,-95.688817,36.032158
88685,-95.688817,36.032296
88649,-95.688539,36.032157
88684,-95.688539,36.032295
88650,-95.688169,36.032155
88404,-95.688077,36.032155
88651,-95.688077,36.032155
88683,-95.688169,36.032293
88682,-95.688077,36.032293
88652,-95.687892,36.032154
88653,-95.687688,36.032154
88681,-95.687892,36.032292
88680,-95.687707,36.032292
85367,-95.686746,36.031184
88654,-95.687522,36.032153
88655,-95.687429,36.032153
88679,-95.687522,36.032291
88678,-95.687429,36.032291
88656,-95.687244,36.032152
88677,-95.687244,36.032290
85303,-95.686915,36.031608
85368,-95.686745,36.031647
88657,-95.687152,36.032152
88676,-95.687152,36.032290
88643,-95.689778,36.032534
88642,-95.689780,36.032647
88641,-95.689783,36.032872
88959,-95.689783,36.033128
88958,-95.689782,36.033203
88957,-95.689781,36.033315
88956,-95.689779,36.033503
88955,-95.689769,36.034442
88687,-95.689610,36.032660
88688,-95.689612,36.032773
88689,-95.689613,36.032874
88873,-95.689612,36.033163
88874,-95.689612,36.033238
88875,-95.689610,36.033351
88690,-95.688997,36.032901
88691,-95.688809,36.032901
88872,-95.688997,36.033039
88871,-95.688809,36.033039
88876,-95.689608,36.033539
88877,-95.689607,36.033726
88878,-95.689606,36.033802
88879,-95.689605,36.033914
88880,-95.689603,36.034102
88881,-95.689601,36.034290
88882,-95.689599,36.034477
88891,-95.688855,36.034007
88890,-95.688855,36.034118
88889,-95.688855,36.034229
88888,-95.688855,36.034340
88887,-95.688855,36.034451
88640,-95.690181,36.034817
88954,-95.689767,36.034630
88953,-95.689765,36.034817
88883,-95.689597,36.034665
88952,-95.689473,36.035069
88951,-95.689333,36.035069
88950,-95.689194,36.035069
88949,-95.689055,36.035069
88886,-95.688855,36.034562
88885,-95.688855,36.034672
88884,-95.688855,36.034783
88948,-95.688915,36.035069
88692,-95.688528,36.032901
88693,-95.688246,36.032901
88870,-95.688528,36.033039
88869,-95.688340,36.033039
88694,-95.688058,36.032901
88695,-95.687870,36.032901
88696,-95.687683,36.032901
88868,-95.688152,36.033039
88867,-95.687964,36.033039
88866,-95.687870,36.033039
88865,-95.687683,36.033039
88925,-95.688685,36.034140
88926,-95.688685,36.034251
88927,-95.688685,36.034362
88924,-95.687945,36.034037
88914,-95.687775,36.034037
88923,-95.687945,36.034263
88922,-95.687945,36.034375
88915,-95.687775,36.034263
88916,-95.687775,36.034375
88697,-95.687589,36.032901
88698,-95.687401,36.032901
88699,-95.687213,36.032901
88864,-95.687589,36.033039
88863,-95.687401,36.033039
88862,-95.687213,36.033039
88700,-95.687120,36.032901
88861,-95.687120,36.033039
88860,-95.686838,36.033039
88902,-95.686871,36.033956
88913,-95.687039,36.034069
88912,-95.687036,36.034290
88911,-95.687034,36.034400
88903,-95.686869,36.034067
88904,-95.686866,36.034288
88905,-95.686864,36.034398
88906,-95.686862,36.034509
88928,-95.688685,36.034584
88929,-95.688685,36.034695
88930,-95.688685,36.034806
88947,-95.688653,36.035069
88892,-95.688552,36.034931
88946,-95.688509,36.035069
88893,-95.688408,36.034931
88894,-95.688264,36.034931
88921,-95.687945,36.034601
88920,-95.687945,36.034714
88895,-95.688119,36.034931
88896,-95.688047,36.034931
88919,-95.687945,36.034826
88917,-95.687775,36.034714
88918,-95.687775,36.034826
88897,-95.687715,36.034928
88898,-95.687568,36.034927
88945,-95.687669,36.035066
88944,-95.687449,36.035064
88899,-95.687422,36.034925
88900,-95.687349,36.034925
88943,-95.687303,36.035062
88901,-95.687276,36.034924
88910,-95.687030,36.034621
88909,-95.687028,36.034732
88942,-95.687157,36.035061
88908,-95.687027,36.034842
88907,-95.686860,36.034619
88941,-95.686704,36.035059
89603,-95.686589,36.031660
88658,-95.686579,36.032151
88675,-95.686599,36.032289
88659,-95.686340,36.032152
88674,-95.686342,36.032290
88660,-95.685656,36.032156
88673,-95.685658,36.032294
88661,-95.685570,36.032157
88662,-95.685399,36.032158
88672,-95.685572,36.032295
88671,-95.685401,36.032296
88663,-95.685228,36.032159
88664,-95.685143,36.032160
88670,-95.685230,36.032297
88669,-95.685145,36.032298
88665,-95.685091,36.032160
88666,-95.685057,36.032160
88668,-95.685059,36.032298
88667,-95.684996,36.032299
84931,-95.686562,36.032928
84940,-95.686541,36.032933
84930,-95.686608,36.033060
84929,-95.686600,36.033062
88701,-95.686173,36.033041
88858,-95.686153,36.033404
88702,-95.685982,36.032961
88859,-95.686059,36.033143
88857,-95.686130,36.033620
88856,-95.686125,36.033932
88855,-95.686088,36.034095
88850,-95.686061,36.034166
88854,-95.686011,36.034246
88853,-95.685960,36.034326
88852,-95.685924,36.034381
88727,-95.685776,36.034313
88728,-95.685686,36.034443
88703,-95.685478,36.032931
88704,-95.685417,36.032931
88705,-95.685296,36.032931
88706,-95.685176,36.032931
88714,-95.685417,36.033069
88713,-95.685357,36.033069
88712,-95.685236,36.033069
88711,-95.685176,36.033069
88707,-95.685115,36.032931
88708,-95.685055,36.032931
88710,-95.685055,36.033069
88709,-95.684995,36.033069
88931,-95.686624,36.034921
88940,-95.686570,36.035059
88932,-95.686490,36.034921
88939,-95.686436,36.035059
88933,-95.686356,36.034921
88938,-95.686302,36.035059
88934,-95.686222,36.034921
88937,-95.686168,36.035059
88936,-95.685900,36.035059
88935,-95.685820,36.034921
88729,-95.685595,36.034574
88730,-95.685505,36.034704
88715,-95.685569,36.034920
88716,-95.685569,36.034920
88717,-95.685569,36.034920
88718,-95.685569,36.034920
88719,-95.685569,36.034920
88731,-95.685415,36.034835
88851,-95.685488,36.035041
88720,-95.685487,36.035040
88721,-95.685487,36.035040
88722,-95.685487,36.035040
88723,-95.685487,36.035040
88724,-95.685487,36.035040
88725,-95.685487,36.035040
88726,-95.685487,36.035040
88849,-95.685484,36.035051
88848,-95.685483,36.035053
88847,-95.685482,36.035054
88846,-95.685480,36.035059
88845,-95.685479,36.035062
88844,-95.685478,36.035065
88843,-95.685477,36.035068
88842,-95.685476,36.035071
88732,-95.685326,36.034999
88733,-95.685325,36.035001
88734,-95.685320,36.035013
88735,-95.685319,36.035016
88736,-95.685317,36.035020
88737,-95.685316,36.035023
88738,-95.685315,36.035026
88739,-95.685312,36.035032
88740,-95.685311,36.035036
88741,-95.685310,36.035039
88742,-95.685308,36.035044
88743,-95.685307,36.035047
88744,-95.685306,36.035050
88745,-95.685304,36.035053
88746,-95.685303,36.035056
88841,-95.685474,36.035074
88840,-95.685473,36.035078
88839,-95.685472,36.035080
88838,-95.685471,36.035083
88837,-95.685470,36.035086
88836,-95.685469,36.035088
88835,-95.685468,36.035091
88834,-95.685466,36.035095
88833,-95.685465,36.035098
89778,-95.685427,36.035688
89782,-95.685257,36.035686
84953,-95.672418,36.018444
84954,-95.672427,36.019263
84955,-95.671781,36.019927
84957,-95.670430,36.018761
84956,-95.670429,36.018990
84964,-95.671091,36.019923
84963,-95.671038,36.019923
84958,-95.670260,36.018796
84959,-95.670259,36.019078
84960,-95.670258,36.019325
84961,-95.670256,36.019695
84962,-95.670255,36.019765
84982,-95.672310,36.026289
89614,-95.672529,36.030667
89613,-95.672524,36.030885
89615,-95.672595,36.031730
89616,-95.672311,36.031670
89605,-95.679601,36.031665
89606,-95.679574,36.031803
89610,-95.680126,36.034552
89612,-95.678056,36.031817
89597,-95.677082,36.031826
89596,-95.677004,36.031827
89595,-95.676952,36.031828
89609,-95.678075,36.033203
89611,-95.678076,36.033235
89602,-95.682565,36.033268
89601,-95.682704,36.034226
89600,-95.683053,36.035095
89599,-95.682887,36.035132
88806,-95.682852,36.035754
88807,-95.682852,36.035754
88808,-95.682852,36.035754
88809,-95.682852,36.035754
88810,-95.682852,36.035754
88811,-95.682852,36.035754
88812,-95.682852,36.035754
88813,-95.682852,36.035754
88814,-95.682852,36.035754
89598,-95.682400,36.033305
89607,-95.680296,36.034556
89604,-95.680339,36.035254
89608,-95.680161,36.035121
89594,-95.672562,36.035347
89593,-95.672544,36.036532
88747,-95.673138,36.038941
88748,-95.673138,36.038941
88749,-95.673138,36.038941
88750,-95.673138,36.038941
88751,-95.673138,36.038941
88752,-95.673138,36.038941
88753,-95.673138,36.038941
88754,-95.673138,36.038941
88755,-95.673138,36.038941
88756,-95.673138,36.038941
88757,-95.673138,36.038941
88758,-95.673138,36.038941
88792,-95.673138,36.038941
88793,-95.673138,36.038941
88794,-95.673138,36.038941
88795,-95.673138,36.038941
88796,-95.673138,36.038941
88797,-95.673138,36.038941
88798,-95.673138,36.038941
88759,-95.673138,36.039079
88760,-95.673138,36.039079
88761,-95.673138,36.039079
88762,-95.673138,36.039079
88763,-95.673138,36.039079
88764,-95.673138,36.039079
88765,-95.673138,36.039079
88766,-95.673138,36.039079
88767,-95.673138,36.039079
88768,-95.673138,36.039079
88815,-95.673138,36.039079
88816,-95.673138,36.039079
88817,-95.673138,36.039079
88818,-95.673138,36.039079
88819,-95.673138,36.039079
88820,-95.673138,36.039079
88821,-95.673138,36.039079
88822,-95.673138,36.039079
88823,-95.673138,36.039079
88824,-95.673138,36.039079
88825,-95.673138,36.039079
88826,-95.673138,36.039079
88827,-95.673138,36.039079
88828,-95.673138,36.039079
88829,-95.673138,36.039079
88830,-95.673138,36.039079
88831,-95.673138,36.039079
88832,-95.673138,36.039079
89617,-95.673051,36.039079
89584,-95.677646,36.040711
89583,-95.677660,36.040849
89585,-95.677292,36.040711
89586,-95.676939,36.040711
89587,-95.676599,36.040711
89545,-95.677552,36.043490
89544,-95.677821,36.044100
89543,-95.677433,36.044504
89546,-95.677265,36.044488
89582,-95.676401,36.040849
89581,-95.675524,36.040849
89588,-95.675297,36.040710
89589,-95.675028,36.040709
89580,-95.674774,36.040846
89572,-95.674519,36.043409
89573,-95.674497,36.043409
89574,-95.674474,36.043409
89571,-95.674501,36.043547
89570,-95.674497,36.043547
89569,-95.674474,36.043547
89591,-95.673302,36.040701
89579,-95.674151,36.040843
89590,-95.674094,36.040705
89578,-95.672860,36.040994
89592,-95.672783,36.040833
89577,-95.672485,36.042123
89576,-95.672485,36.042298
89575,-95.674270,36.043408
89568,-95.674293,36.043546
89567,-95.674270,36.043546
89566,-95.674247,36.043546
89621,-95.672632,36.043401
89619,-95.672317,36.041071
89622,-95.672315,36.042415
89542,-95.677511,36.045479
89557,-95.676596,36.045220
89558,-95.676575,36.045220
89556,-95.676594,36.045358
89555,-95.676489,36.045358
89541,-95.677392,36.045895
89547,-95.677224,36.045883
89559,-95.675444,36.045214
89554,-95.675546,36.045353
89553,-95.675442,36.045352
89560,-95.674501,36.045209
89561,-95.674396,36.045209
89552,-95.674499,36.045347
89551,-95.674394,36.045347
89562,-95.674292,36.045208
89550,-95.674290,36.045346
89563,-95.673454,36.045204
89564,-95.673349,36.045203
89549,-95.673452,36.045342
89565,-95.673244,36.045203
89548,-95.673242,36.045341
89623,-95.672324,36.045167
89624,-95.672325,36.045333
88414,-95.703061,36.044178
88431,-95.702672,36.042293
88430,-95.702671,36.042306
88429,-95.702670,36.042318
88428,-95.702630,36.042589
88427,-95.702626,36.042600
88426,-95.702622,36.042612
88425,-95.702618,36.042624
88432,-95.702464,36.042562
88433,-95.702460,36.042574
88434,-95.702451,36.042598
88438,-95.701663,36.042490
88437,-95.701658,36.042744
88416,-95.702641,36.043749
88417,-95.702588,36.043743
88424,-95.702505,36.042890
88423,-95.702499,36.042901
88422,-95.702492,36.042912
88421,-95.702486,36.042923
88420,-95.702480,36.042935
88435,-95.702345,36.042843
88436,-95.702269,36.042882
88472,-95.702213,36.043012
88418,-95.702513,36.043739
88419,-95.702353,36.043576
88473,-95.702845,36.043895
88415,-95.702718,36.043780
88413,-95.703039,36.044342
88412,-95.703009,36.044500
88507,-95.702871,36.044320
88411,-95.702979,36.044659
88508,-95.702811,36.044639
88509,-95.702754,36.044632
88510,-95.702706,36.044622
88511,-95.702658,36.044612
88631,-95.702712,36.044764
88630,-95.702664,36.044754
88512,-95.702611,36.044602
88629,-95.702616,36.044744
88628,-95.702569,36.044734
88439,-95.701487,36.042763
88440,-95.701487,36.042786
88441,-95.701383,36.042801
88471,-95.701468,36.042939
88470,-95.701383,36.042939
88442,-95.701299,36.042801
88469,-95.701299,36.042939
88443,-95.701131,36.042801
88468,-95.701215,36.042939
88467,-95.701131,36.042939
88444,-95.701050,36.042800
88466,-95.701044,36.042938
88506,-95.701555,36.043815
88505,-95.701523,36.043817
88474,-95.701515,36.043818
88513,-95.701549,36.044549
88627,-95.701563,36.044685
88626,-95.701514,36.044688
88504,-95.701491,36.043819
88475,-95.701483,36.043820
88503,-95.701459,36.043821
88502,-95.701427,36.043823
88514,-95.701500,36.044552
88515,-95.701451,36.044556
88516,-95.701401,36.044559
88625,-95.701465,36.044692
88624,-95.701415,36.044695
88517,-95.701350,36.044562
88445,-95.700966,36.042797
88446,-95.700882,36.042795
88465,-95.700960,36.042935
88464,-95.700876,36.042933
88501,-95.700744,36.043835
88476,-95.700735,36.043834
88500,-95.700711,36.043834
88477,-95.700703,36.043834
88499,-95.700679,36.043833
88478,-95.700671,36.043833
88498,-95.700647,36.043832
88479,-95.700639,36.043832
88497,-95.700631,36.043832
88480,-95.700607,36.043831
88496,-95.700599,36.043831
88481,-95.700575,36.043830
88518,-95.700062,36.044751
88519,-95.699970,36.044768
88447,-95.699083,36.043064
88463,-95.699158,36.043190
88462,-95.699108,36.043202
88448,-95.699033,36.043076
88461,-95.699058,36.043215
88460,-95.699008,36.043227
88459,-95.698958,36.043240
88482,-95.699503,36.043942
88495,-95.699537,36.044076
88494,-95.699478,36.044086
88520,-95.699878,36.044785
88521,-95.699625,36.044797
88522,-95.699531,36.044788
88483,-95.699444,36.043952
88484,-95.699396,36.043953
88485,-95.699336,36.043956
88486,-95.699228,36.043961
88493,-95.699155,36.044093
88523,-95.699246,36.044765
88449,-95.698933,36.043101
88450,-95.698903,36.043111
88451,-95.698851,36.043113
88458,-95.698887,36.043250
88487,-95.698031,36.043876
88488,-95.697971,36.043872
88452,-95.697807,36.042964
88453,-95.697755,36.042968
88457,-95.697857,36.043099
88456,-95.697771,36.043104
88455,-95.697719,36.043108
88454,-95.697667,36.043112
88489,-95.697912,36.043868
88490,-95.697852,36.043864
88492,-95.697898,36.044004
88491,-95.697790,36.043859
88524,-95.697574,36.044685
88525,-95.697540,36.044686
88545,-95.696400,36.042749
88529,-95.696577,36.042902
88546,-95.696400,36.042755
88547,-95.696406,36.042882
88548,-95.696406,36.042888
88549,-95.696406,36.042894
88550,-95.696407,36.042900
88551,-95.696407,36.042906
88528,-95.696582,36.043049
88527,-95.696583,36.043056
88552,-95.696412,36.043035
88553,-95.696412,36.043047
88554,-95.696412,36.043053
88555,-95.696413,36.043060
88562,-95.696469,36.044229
88561,-95.696430,36.044199
88526,-95.696682,36.044343
88563,-95.696516,36.044317
88556,-95.696294,36.043873
88557,-95.696289,36.043916
88559,-95.696297,36.044019
88558,-95.696288,36.043977
88560,-95.696306,36.044061
88639,-95.690348,36.037533
88638,-95.690346,36.038665
88637,-95.690175,36.039797
89514,-95.689734,36.039944
89515,-95.687384,36.039927
89516,-95.687252,36.039926
89520,-95.687122,36.039787
89517,-95.686988,36.039924
89513,-95.690336,36.041263
89503,-95.690335,36.041842
89502,-95.690338,36.042347
89497,-95.690338,36.042448
89498,-95.690339,36.042549
89501,-95.690339,36.042649
89508,-95.688848,36.041611
89509,-95.689173,36.041749
89500,-95.690340,36.042831
89499,-95.690340,36.042871
89504,-95.688028,36.041611
89512,-95.688523,36.041749
89506,-95.688028,36.041749
89507,-95.687567,36.041611
89511,-95.687429,36.041749
89510,-95.686783,36.041749
89522,-95.686594,36.039783
89518,-95.686592,36.039921
89519,-95.686460,36.039920
89521,-95.686330,36.039781
89505,-95.686645,36.041749
89528,-95.684880,36.040739
89529,-95.684832,36.040738
89530,-95.683484,36.040719
89531,-95.683436,36.040719
86254,-95.707281,36.048227
86253,-95.707249,36.048287
86252,-95.707211,36.048351
86251,-95.707172,36.048408
80875,-95.707331,36.048785
80881,-95.707329,36.048784
80876,-95.707327,36.048783
80882,-95.707326,36.048782
80877,-95.707324,36.048781
80883,-95.707323,36.048780
80884,-95.707320,36.048778
80880,-95.707225,36.048892
80873,-95.707223,36.048891
80879,-95.707222,36.048890
80872,-95.707220,36.048889
80878,-95.707219,36.048888
86221,-95.707556,36.053073
86223,-95.707473,36.053054
86222,-95.707514,36.053063
86838,-95.707510,36.053205
86837,-95.707468,36.053195
86836,-95.707427,36.053186
86294,-95.706506,36.046861
86295,-95.706499,36.046861
86296,-95.706492,36.046861
86297,-95.706484,36.046861
86298,-95.706128,36.046861
86263,-95.706315,36.047442
86262,-95.706315,36.047462
86261,-95.706315,36.047482
86260,-95.706315,36.047502
86264,-95.706145,36.047472
86265,-95.706145,36.047492
86255,-95.707077,36.048262
86256,-95.707043,36.048314
86257,-95.707004,36.048370
86250,-95.707133,36.048465
86249,-95.707080,36.048528
86258,-95.706973,36.048417
86259,-95.706922,36.048468
86247,-95.707105,36.048642
86248,-95.707102,36.048640
86246,-95.707001,36.048750
86245,-95.706998,36.048748
86270,-95.706710,36.048566
86271,-95.706739,36.048584
86272,-95.706577,36.048843
86273,-95.706569,36.048852
86293,-95.705731,36.046999
86299,-95.705643,36.046865
86292,-95.705362,36.047041
86300,-95.705153,36.046953
86266,-95.705997,36.047941
86267,-95.705989,36.047937
86269,-95.705909,36.048058
86268,-95.705893,36.048049
86775,-95.705110,36.048059
86774,-95.705101,36.048064
86303,-95.704569,36.046800
86304,-95.704558,36.046803
86301,-95.704898,36.047023
86291,-95.705007,36.047158
86290,-95.704880,36.047170
86302,-95.704815,36.046914
86305,-95.704504,36.047045
86779,-95.705022,36.047943
86780,-95.705013,36.047948
86773,-95.705086,36.048072
86772,-95.704888,36.048151
86771,-95.704879,36.048154
86770,-95.704871,36.048158
86769,-95.704862,36.048161
86768,-95.704853,36.048165
86767,-95.704845,36.048168
86781,-95.704814,36.048027
86782,-95.704805,36.048030
86783,-95.704797,36.048034
86784,-95.704788,36.048037
86785,-95.704779,36.048041
86786,-95.704771,36.048044
86766,-95.704822,36.048176
86765,-95.704813,36.048178
86244,-95.706707,36.048932
86224,-95.706693,36.049661
86226,-95.706681,36.049640
86225,-95.706687,36.049651
86274,-95.706404,36.049129
86275,-95.706403,36.049140
86276,-95.706412,36.049440
86228,-95.706533,36.049707
86229,-95.706539,36.049717
86227,-95.706527,36.049696
86241,-95.706615,36.049870
86240,-95.706152,36.050070
86239,-95.706225,36.050378
86238,-95.706230,36.050392
86280,-95.705511,36.049286
86279,-95.705509,36.049304
86281,-95.705343,36.049272
86282,-95.705341,36.049290
86278,-95.705341,36.049726
86277,-95.705321,36.049759
86283,-95.705186,36.049670
86284,-95.705176,36.049686
86235,-95.706057,36.050398
86237,-95.706066,36.050426
86236,-95.706061,36.050412
86827,-95.706132,36.051968
86826,-95.706121,36.051997
86230,-95.706002,36.051756
86835,-95.705951,36.051890
86828,-95.705959,36.051957
86233,-95.705102,36.051178
86231,-95.705186,36.051287
86232,-95.705144,36.051232
86834,-95.705185,36.051527
86833,-95.705163,36.051546
86832,-95.705142,36.051565
86831,-95.705121,36.051584
86825,-95.706110,36.052026
86829,-95.705948,36.051986
86824,-95.706045,36.052709
86830,-95.705883,36.052671
86823,-95.706035,36.052738
86822,-95.706025,36.052767
86285,-95.704522,36.049255
86804,-95.704322,36.049227
86805,-95.704344,36.049268
86806,-95.704366,36.049309
86234,-95.705060,36.051123
86807,-95.704848,36.051054
86809,-95.704916,36.051195
86808,-95.704865,36.051117
86811,-95.705000,36.051304
86812,-95.705042,36.051359
86813,-95.705059,36.051435
86814,-95.705037,36.051454
86810,-95.704958,36.051250
86815,-95.705016,36.051473
86816,-95.704995,36.051492
86817,-95.704974,36.051511
86818,-95.704849,36.052074
86819,-95.704849,36.052100
86820,-95.704849,36.052125
86821,-95.704850,36.052151
88410,-95.702873,36.045477
88409,-95.702871,36.045508
88408,-95.702869,36.045539
88407,-95.702868,36.045571
88632,-95.702705,36.045471
88633,-95.702703,36.045502
88634,-95.702700,36.045565
88598,-95.702674,36.045714
88599,-95.702285,36.045519
88597,-95.702423,36.045688
88596,-95.702177,36.045636
88406,-95.702872,36.046167
88405,-95.702873,36.046186
88600,-95.701864,36.045426
88595,-95.701946,36.045583
88601,-95.701649,36.045402
88602,-95.701468,36.045409
88603,-95.701259,36.045465
88604,-95.701226,36.045474
88605,-95.701192,36.045484
88594,-95.701150,36.045639
88593,-95.701125,36.045646
88592,-95.701099,36.045652
88591,-95.701074,36.045659
86308,-95.702881,36.047091
86307,-95.702882,36.047124
86306,-95.702883,36.047157
86309,-95.702711,36.047093
86310,-95.702712,36.047126
86799,-95.702156,36.047402
86798,-95.702145,36.047404
86778,-95.702090,36.047871
86777,-95.702099,36.047889
86776,-95.702109,36.047907
86314,-95.701793,36.047266
86313,-95.701801,36.047284
86311,-95.701816,36.047320
86312,-95.701808,36.047302
86315,-95.701633,36.047310
86316,-95.701641,36.047328
86317,-95.701648,36.047346
86318,-95.701656,36.047364
86797,-95.701719,36.047519
86796,-95.701289,36.047711
88623,-95.700100,36.044885
88622,-95.700008,36.044902
88606,-95.700199,36.045611
88607,-95.700054,36.045611
88590,-95.699974,36.045749
86324,-95.700056,36.046811
88621,-95.699916,36.044919
88620,-95.699808,36.044931
88619,-95.699714,36.044936
88618,-95.699605,36.044933
88617,-95.699511,36.044924
88608,-95.699910,36.045611
88609,-95.699766,36.045611
88610,-95.699623,36.045611
88611,-95.699479,36.045611
88589,-95.699527,36.045749
88616,-95.699418,36.044915
88612,-95.699335,36.045611
88588,-95.699303,36.045749
88613,-95.699192,36.045610
88587,-95.699078,36.045747
86325,-95.699899,36.046811
86326,-95.699837,36.046811
86322,-95.700485,36.047307
86320,-95.700770,36.047581
86319,-95.700950,36.047732
86348,-95.700828,36.047828
86321,-95.700591,36.047431
86347,-95.700588,36.047627
86323,-95.700469,36.047281
86363,-95.700361,36.047539
86346,-95.700339,36.047378
86345,-95.700328,36.047361
86364,-95.700281,36.047419
86365,-95.700233,36.047440
86362,-95.700289,36.047570
86361,-95.700241,36.047591
86795,-95.700972,36.047947
86794,-95.700370,36.048712
86793,-95.700345,36.048746
86792,-95.700320,36.048780
86791,-95.700295,36.048815
86349,-95.700199,36.048676
86350,-95.700174,36.048710
86351,-95.700149,36.048745
86352,-95.700054,36.048712
86353,-95.699980,36.048675
86344,-95.699899,36.046949
86343,-95.699837,36.046949
86354,-95.699897,36.048638
86355,-95.699819,36.048608
86392,-95.699966,36.048828
86391,-95.699892,36.048791
86390,-95.699823,36.048762
86389,-95.699745,36.048732
86790,-95.700174,36.048968
86789,-95.700153,36.048994
86788,-95.700132,36.049020
86787,-95.700356,36.049766
86764,-95.700386,36.049902
86763,-95.700355,36.049906
86393,-95.699854,36.049112
86394,-95.699729,36.049267
86395,-95.699604,36.049423
86762,-95.699635,36.049635
86396,-95.699475,36.049582
81132,-95.705440,36.054188
81131,-95.705472,36.054326
81130,-95.705410,36.054325
81129,-95.704857,36.054318
81128,-95.704796,36.054317
81133,-95.704556,36.054175
81134,-95.704458,36.054174
81135,-95.704360,36.054173
81136,-95.704074,36.054174
81137,-95.704025,36.054175
81124,-95.704274,36.055681
81123,-95.704185,36.055722
81122,-95.704114,36.055757
81120,-95.704259,36.055845
81121,-95.704188,36.055880
81144,-95.704655,36.056646
81126,-95.703748,36.055473
81127,-95.703629,36.055349
81125,-95.703867,36.055597
81143,-95.703876,36.055831
81142,-95.703757,36.055706
81141,-95.703638,36.055582
81140,-95.703519,36.055457
81172,-95.703153,36.057520
81139,-95.702600,36.054494
81138,-95.702540,36.054432
81175,-95.702244,36.056550
81176,-95.702120,36.056420
81217,-95.702232,36.056827
81194,-95.702069,36.056740
81177,-95.701996,36.056291
81178,-95.701872,36.056161
81193,-95.702011,36.056530
81208,-95.701113,36.056922
81182,-95.700410,36.053969
81183,-95.700220,36.054010
81184,-95.700205,36.054012
81181,-95.700645,36.054759
81180,-95.700689,36.054841
81186,-95.700542,36.054912
81185,-95.700226,36.054147
81179,-95.700892,36.055117
81187,-95.700787,36.055236
81188,-95.700617,36.055361
81192,-95.700688,36.055487
81191,-95.700523,36.055519
81190,-95.700371,36.055525
81189,-95.700332,36.055388
81195,-95.700788,36.056790
81196,-95.700714,36.056791
81197,-95.700640,36.056792
81198,-95.700566,36.056793
81173,-95.702986,36.057341
81174,-95.702819,36.057162
81209,-95.701295,36.057734
81216,-95.701465,36.057992
81210,-95.701295,36.057878
81211,-95.701295,36.058021
81215,-95.701465,36.058136
81214,-95.701465,36.058279
81212,-95.701295,36.058164
81213,-95.701295,36.058308
81199,-95.699799,36.057684
81200,-95.699796,36.057818
81207,-95.699963,36.057927
81206,-95.699960,36.058061
81201,-95.699792,36.057952
81202,-95.699789,36.058086
81205,-95.699957,36.058195
81204,-95.699786,36.058220
88586,-95.698854,36.045744
88585,-95.698631,36.045741
88584,-95.698393,36.045724
88583,-95.698165,36.045672
88582,-95.697966,36.045583
86327,-95.698377,36.046808
86328,-95.698315,36.046800
86329,-95.698253,36.046792
86330,-95.698191,36.046784
86331,-95.698129,36.046776
86332,-95.698067,36.046768
86333,-95.697998,36.046761
86334,-95.697935,36.046757
88615,-95.697794,36.045091
88614,-95.697796,36.045102
88577,-95.697624,36.045099
88578,-95.697626,36.045111
88579,-95.697628,36.045122
88580,-95.697763,36.045400
88581,-95.697781,36.045420
86335,-95.697810,36.046750
88573,-95.696922,36.046065
88572,-95.696920,36.046122
88571,-95.696914,36.046167
86366,-95.698932,36.047689
86367,-95.698877,36.047689
86368,-95.698822,36.047688
86360,-95.698930,36.047827
86359,-95.698848,36.047826
86369,-95.698768,36.047687
86370,-95.698713,36.047686
86342,-95.698289,36.046936
86341,-95.698227,36.046928
86340,-95.698165,36.046920
86339,-95.698134,36.046916
86338,-95.698072,36.046908
86337,-95.698010,36.046900
86336,-95.697892,36.046892
86371,-95.697656,36.047781
86376,-95.697497,36.047845
86374,-95.697426,36.047783
86375,-95.697462,36.047814
86372,-95.697355,36.047719
86373,-95.697390,36.047751
86357,-95.697826,36.047996
86358,-95.697815,36.047972
86356,-95.697838,36.048021
86380,-95.697674,36.048056
86378,-95.697569,36.047907
86379,-95.697662,36.048032
86377,-95.697533,36.047876
86381,-95.697823,36.048581
86382,-95.697865,36.048754
88576,-95.696776,36.044968
88575,-95.696786,36.045011
88574,-95.696796,36.045055
88564,-95.696563,36.044804
88565,-95.696605,36.044973
88566,-95.696615,36.045017
88567,-95.696625,36.045061
88568,-95.696754,36.046074
88569,-95.696752,36.046105
88570,-95.696746,36.046151
86419,-95.695064,36.047804
86418,-95.695022,36.047769
86387,-95.698208,36.049130
86386,-95.698378,36.049255
86385,-95.698268,36.049359
86388,-95.698121,36.048988
86383,-95.697935,36.048977
86384,-95.698057,36.049185
86397,-95.698766,36.050183
86398,-95.698723,36.050191
86408,-95.695536,36.050640
86409,-95.695164,36.050461
86629,-95.695078,36.050579
86422,-95.694385,36.046777
86421,-95.694385,36.046797
88635,-95.693866,36.046171
86399,-95.694359,36.047312
86400,-95.694359,36.047312
86401,-95.694359,36.047312
86402,-95.694359,36.047312
86403,-95.694359,36.047312
86420,-95.694359,36.047312
86458,-95.694198,36.047009
86404,-95.694197,36.047270
86405,-95.694197,36.047270
86406,-95.694197,36.047270
86407,-95.694197,36.047270
86457,-95.693682,36.047086
86456,-95.693239,36.047323
86455,-95.693206,36.047325
86428,-95.693160,36.047187
86427,-95.693160,36.047191
86429,-95.693129,36.047180
86430,-95.693098,36.047172
86454,-95.693174,36.047327
86453,-95.693079,36.047312
86452,-95.693048,36.047304
86459,-95.693752,36.048336
86460,-95.693711,36.048334
86461,-95.693670,36.048332
86462,-95.693625,36.048331
86417,-95.693703,36.048472
86423,-95.692981,36.048871
86424,-95.692981,36.048871
88636,-95.692542,36.046171
86432,-95.692303,36.046779
86433,-95.691373,36.046771
86434,-95.691343,36.046771
86431,-95.692504,36.047168
86451,-95.692381,36.047365
86450,-95.692343,36.047378
86449,-95.692305,36.047392
86437,-95.692199,36.047279
86448,-95.692267,36.047405
86463,-95.692734,36.048794
86464,-95.691937,36.048861
86465,-95.691929,36.048861
86436,-95.691373,36.046909
86435,-95.691313,36.046909
86438,-95.691346,36.047573
86439,-95.691314,36.047595
86447,-95.691454,36.047679
86446,-95.691422,36.047701
86445,-95.691283,36.047833
86444,-95.691261,36.047847
86443,-95.691239,36.047862
86440,-95.691029,36.047705
86466,-95.691720,36.048893
86442,-95.691217,36.047877
86413,-95.693930,36.049476
86410,-95.694793,36.050291
86628,-95.694701,36.050407
86412,-95.694490,36.050045
86411,-95.694516,36.050073
86604,-95.694355,36.050128
86605,-95.694377,36.050179
86627,-95.694431,36.050320
86626,-95.694377,36.050356
86606,-95.694323,36.050214
86607,-95.694269,36.050250
86608,-95.694216,36.050286
86625,-95.694324,36.050392
86624,-95.694253,36.050431
86609,-95.694173,36.050311
86414,-95.693766,36.049352
86416,-95.693743,36.049338
86415,-95.693755,36.049345
86603,-95.693723,36.049608
86596,-95.693667,36.049464
86597,-95.693609,36.049506
86602,-95.693660,36.049655
86601,-95.693597,36.049693
86598,-95.693558,36.049545
86599,-95.693495,36.049583
86600,-95.693535,36.049731
86425,-95.692831,36.048935
86426,-95.692831,36.048935
86632,-95.694390,36.052628
86633,-95.693980,36.052574
86659,-95.693945,36.052708
86660,-95.693936,36.052706
86623,-95.692928,36.051105
86622,-95.692908,36.051136
86621,-95.692888,36.051167
86620,-95.692866,36.051198
86619,-95.692846,36.051229
86635,-95.693571,36.052570
86634,-95.693695,36.052610
86657,-95.693607,36.052704
86656,-95.693582,36.052708
86636,-95.693519,36.052579
86637,-95.693454,36.052598
86655,-95.693546,36.052716
86654,-95.693496,36.052734
86638,-95.693405,36.052616
86595,-95.692794,36.048922
86594,-95.692475,36.048983
86610,-95.692041,36.050338
86611,-95.692008,36.050319
86613,-95.691979,36.050471
86612,-95.691945,36.050452
86467,-95.691689,36.048899
86468,-95.691659,36.048905
86593,-95.691747,36.049029
86592,-95.691719,36.049035
86591,-95.691060,36.049629
86469,-95.690894,36.049660
86470,-95.690932,36.050040
86471,-95.690888,36.050449
86615,-95.692778,36.051041
86614,-95.692703,36.050954
86616,-95.692758,36.051072
86617,-95.692738,36.051103
86618,-95.692718,36.051132
86639,-95.692324,36.052827
86653,-95.692377,36.052963
86652,-95.692322,36.052966
86640,-95.692271,36.052830
86641,-95.692218,36.052833
86651,-95.692267,36.052969
86650,-95.692213,36.052972
86649,-95.692158,36.052975
86648,-95.692103,36.052978
86643,-95.691184,36.050989
86644,-95.691174,36.050988
86472,-95.690762,36.050962
86645,-95.690883,36.052330
86642,-95.691100,36.052525
86646,-95.690919,36.052506
86647,-95.690936,36.052559
86739,-95.698575,36.054151
86738,-95.698541,36.054417
86737,-95.698508,36.054535
86736,-95.698506,36.054568
86740,-95.698269,36.054196
86741,-95.698312,36.054402
86742,-95.698339,36.054545
86743,-95.698337,36.054578
86734,-95.698457,36.055638
86733,-95.698449,36.055644
86735,-95.698394,36.055323
86744,-95.698125,36.055405
86732,-95.697976,36.055443
86748,-95.695173,36.053227
86749,-95.695181,36.053239
86753,-95.695238,36.053368
86754,-95.695245,36.053396
86755,-95.695252,36.053424
86751,-95.695224,36.053311
86747,-95.695190,36.053252
86750,-95.695199,36.053265
86752,-95.695231,36.053339
86662,-95.694965,36.053272
86661,-95.694965,36.053285
86663,-95.694965,36.053298
86631,-95.694967,36.053368
86746,-95.695050,36.054268
86756,-95.695050,36.054268
86745,-95.695042,36.054288
86757,-95.695042,36.054288
86758,-95.695026,36.054328
86759,-95.695019,36.054348
86760,-95.695011,36.054368
86761,-95.695003,36.054388
86731,-95.694912,36.055026
86730,-95.694913,36.055040
86729,-95.695055,36.055692
86286,-95.695055,36.055757
86728,-95.695055,36.055757
86287,-95.695045,36.055955
86727,-95.695010,36.056191
86726,-95.694990,36.056301
86725,-95.694964,36.056404
86724,-95.694923,36.056563
86723,-95.694892,36.056692
86722,-95.694862,36.056822
86711,-95.695146,36.058579
86710,-95.695151,36.058585
86714,-95.694864,36.058157
86713,-95.694941,36.058311
86712,-95.695032,36.058444
86664,-95.694760,36.054189
86665,-95.694752,36.054210
86666,-95.694744,36.054231
86630,-95.694736,36.054253
86667,-95.694736,36.054253
86668,-95.694728,36.054274
86669,-95.694618,36.055039
86658,-95.693816,36.053041
86670,-95.694755,36.055555
86671,-95.694751,36.056061
86803,-95.694751,36.056061
86672,-95.694730,36.056173
86673,-95.694704,36.056279
86802,-95.694704,36.056279
86674,-95.694644,36.056494
86675,-95.694602,36.056633
86676,-95.694561,36.056773
86677,-95.694515,36.056935
86678,-95.694513,36.056939
86679,-95.691570,36.056244
86680,-95.691547,36.056268
86681,-95.691525,36.056292
86709,-95.691661,36.056374
86708,-95.691639,36.056398
86707,-95.691635,36.056411
86706,-95.691621,36.056439
86682,-95.691503,36.056316
86683,-95.691479,36.056359
86684,-95.691465,36.056387
86288,-95.694744,36.057353
86721,-95.694744,36.057353
86720,-95.694743,36.057363
86289,-95.694742,36.057374
86719,-95.694742,36.057374
86718,-95.694731,36.057535
86801,-95.694462,36.057120
86800,-95.694459,36.057129
86717,-95.694730,36.057687
86716,-95.694762,36.057846
86715,-95.694810,36.058008
86701,-95.694129,36.057849
86700,-95.694097,36.057830
86699,-95.694065,36.057811
86698,-95.694033,36.057793
86697,-95.694001,36.057774
86702,-95.693077,36.057306
86696,-95.693166,36.057447
86695,-95.693134,36.057446
86694,-95.693103,36.057445
86693,-95.693071,36.057444
86692,-95.693040,36.057443
86703,-95.692393,36.057273
86704,-95.692362,36.057270
86705,-95.692331,36.057267
86691,-95.692373,36.057409
86690,-95.692342,36.057406
86689,-95.692311,36.057403
86688,-95.692280,36.057400
86687,-95.692251,36.057397
86686,-95.692220,36.057395
86685,-95.692189,36.057393
86441,-95.690678,36.047701
86499,-95.689543,36.048139
86500,-95.689543,36.048139
86501,-95.689543,36.048139
86502,-95.689499,36.048133
86494,-95.689517,36.048275
86495,-95.689517,36.048275
86496,-95.689517,36.048275
86497,-95.689517,36.048275
86503,-95.689235,36.048067
86493,-95.689204,36.048204
89523,-95.687358,36.046151
86489,-95.687379,36.046803
86510,-95.688308,36.048664
86512,-95.687695,36.048363
86511,-95.688050,36.048537
86507,-95.687929,36.048639
86477,-95.687546,36.047132
86475,-95.687552,36.047289
86491,-95.687370,36.047009
86476,-95.687378,36.047199
86492,-95.687379,36.047214
86473,-95.687562,36.047526
86474,-95.687392,36.047530
86504,-95.687390,36.047831
86506,-95.687631,36.048332
86513,-95.687470,36.048253
86519,-95.687233,36.048277
86498,-95.687214,36.048286
86540,-95.687325,36.048393
86520,-95.687067,36.048364
86539,-95.687049,36.048372
86521,-95.686829,36.048382
86533,-95.686807,36.048383
86538,-95.687080,36.048509
86537,-95.686817,36.048521
86535,-95.689270,36.049496
86478,-95.689207,36.049358
86480,-95.689161,36.049357
86481,-95.689141,36.049357
86509,-95.689115,36.049357
86484,-95.689004,36.049356
86508,-95.688958,36.049355
86486,-95.688945,36.049355
86529,-95.688939,36.049355
86487,-95.688899,36.049354
86527,-95.688867,36.049354
86488,-95.688854,36.049354
86514,-95.688841,36.049354
86526,-95.688788,36.049353
86515,-95.688775,36.049353
86479,-95.689205,36.049496
86534,-95.689198,36.049496
86482,-95.689146,36.049495
86532,-95.689120,36.049495
86483,-95.689009,36.049494
86531,-95.688982,36.049493
86485,-95.688950,36.049493
86530,-95.688943,36.049493
86490,-95.688904,36.049492
86528,-95.688871,36.049492
86505,-95.688852,36.049492
86525,-95.688773,36.049491
86546,-95.689427,36.050780
86545,-95.689429,36.051049
86544,-95.689430,36.051210
86543,-95.689432,36.051436
86542,-95.689434,36.051587
86541,-95.689443,36.052106
86590,-95.689443,36.052353
86589,-95.689436,36.052818
86586,-95.689027,36.052823
86587,-95.689057,36.052961
86585,-95.688835,36.052957
86584,-95.688822,36.052818
86516,-95.688677,36.049352
86523,-95.688671,36.049352
86518,-95.688431,36.049350
86517,-95.688682,36.049490
86524,-95.688675,36.049490
86522,-95.688427,36.049488
86547,-95.688015,36.050396
86549,-95.687896,36.050395
86548,-95.688024,36.050534
86550,-95.687894,36.050533
86551,-95.687669,36.050393
86553,-95.687495,36.050391
86555,-95.687343,36.050389
86552,-95.687612,36.050530
86554,-95.687352,36.050527
86556,-95.687211,36.050526
86557,-95.687116,36.050387
86558,-95.687073,36.050386
86567,-95.688413,36.051597
86568,-95.688254,36.051596
86566,-95.688426,36.051735
86565,-95.688267,36.051734
86569,-95.687922,36.051595
86564,-95.687922,36.051733
86583,-95.688476,36.052949
86582,-95.688395,36.052809
86581,-95.688203,36.052943
86580,-95.687967,36.052800
86579,-95.687981,36.052938
86578,-95.687745,36.052795
86570,-95.687591,36.051594
86563,-95.687604,36.051732
86562,-95.687432,36.051731
86571,-95.687419,36.051593
86577,-95.687604,36.052930
86576,-95.687536,36.052929
86536,-95.686475,36.048536
89527,-95.683659,36.045483
89526,-95.683658,36.045698
89525,-95.683656,36.045912
89524,-95.683655,36.046127
89532,-95.683492,36.045054
89533,-95.683491,36.045269
89534,-95.683489,36.045483
89535,-95.683488,36.045698
89536,-95.683486,36.045912
89537,-95.683485,36.046127
86559,-95.686414,36.051090
86560,-95.686416,36.051222
86561,-95.686421,36.051476
86572,-95.686426,36.051813
86573,-95.686431,36.052056
86574,-95.686435,36.052280
86575,-95.686490,36.052825
86588,-95.689435,36.053013
89478,-95.687511,36.056531
89479,-95.687262,36.056531
89480,-95.687232,36.056531
89481,-95.687201,36.056531
89474,-95.688599,36.057327
89477,-95.688529,36.057161
89476,-95.688552,36.057216
89475,-95.688575,36.057271
89472,-95.688645,36.057437
89473,-95.688622,36.057382
89483,-95.688461,36.057424
89484,-95.688485,36.057480
89482,-95.688437,36.057367
89496,-95.688537,36.057716
89495,-95.688504,36.057733
89485,-95.688381,36.057633
89486,-95.687381,36.057709
89487,-95.687325,36.057944
89494,-95.687373,36.058076
89488,-95.687280,36.057955
89493,-95.687270,36.058099
89491,-95.686206,36.057836
89489,-95.686368,36.057876
89490,-95.686187,36.057886
89492,-95.686128,36.057923
89538,-95.680129,36.046142
86839,-95.708015,36.054077
86840,-95.708016,36.054349
86841,-95.708005,36.058507
81109,-95.707496,36.058514
81111,-95.707185,36.058326
81110,-95.707185,36.058397
81155,-95.707573,36.058653
81154,-95.707565,36.058653
81656,-95.708005,36.059816
81118,-95.704970,36.056752
81119,-95.704874,36.056651
81117,-95.705067,36.056853
81147,-95.704941,36.056946
81146,-95.704846,36.056846
81145,-95.704750,36.056746
81112,-95.707015,36.058340
81113,-95.706960,36.058506
81153,-95.706968,36.058645
81152,-95.706898,36.058642
81116,-95.705744,36.057562
81115,-95.705977,36.057834
81114,-95.706089,36.058030
81148,-95.705610,36.057646
81149,-95.705850,36.057925
81150,-95.705953,36.058122
81151,-95.706111,36.058388
81169,-95.704210,36.058672
81222,-95.704165,36.058890
81170,-95.703578,36.057972
81171,-95.703321,36.057698
81219,-95.703312,36.057951
81220,-95.703302,36.057958
81221,-95.703410,36.058062
81218,-95.703220,36.057818
81203,-95.703230,36.058182
81168,-95.704619,36.059480
81223,-95.704509,36.059680
81167,-95.704770,36.060340
81224,-95.704605,36.060516
81655,-95.704588,36.060839
81225,-95.702494,36.060695
81672,-95.709432,36.060882
89539,-95.678817,36.046131
89540,-95.678393,36.046129
81232,-95.677981,36.060753
81230,-95.677730,36.060750
81226,-95.676766,36.060610
81234,-95.678743,36.060762
79808,-95.674660,36.058457
81229,-95.674146,36.060601
81227,-95.673879,36.060601
81228,-95.672811,36.060601
79811,-95.676070,36.058311
79810,-95.676091,36.058449
79809,-95.675366,36.058453
79813,-95.674844,36.058318
79812,-95.674658,36.058319
79814,-95.674305,36.058320
79799,-95.676159,36.056033
79798,-95.676153,36.056033
79800,-95.676133,36.056033
79801,-95.676055,36.056034
79802,-95.675485,36.056040
79797,-95.676378,36.056169
79796,-95.676331,36.056169
79795,-95.676290,36.056170
79794,-95.675881,36.056174
79815,-95.672355,36.057821
79807,-95.672614,36.058440
79821,-95.672525,36.059184
79793,-95.672358,36.055571
79805,-95.672525,36.056887
79804,-95.672355,36.056868
81063,-95.672335,36.057039
79806,-95.672525,36.057230
79790,-95.672370,36.052980
79792,-95.672373,36.053608
79791,-95.672544,36.053807
79803,-95.672533,36.055039
79789,-95.672535,36.051791
79788,-95.670991,36.051689
79776,-95.670313,36.051553
79787,-95.670160,36.051692
79777,-95.669503,36.051556
79778,-95.669438,36.051556
79786,-95.669066,36.051696
79785,-95.667972,36.051700
79784,-95.667863,36.051700
79783,-95.667360,36.051703
79780,-95.667095,36.051567
79781,-95.666438,36.051571
79782,-95.665235,36.051577
79820,-95.670533,36.058944
79816,-95.670513,36.058806
79817,-95.670289,36.058807
79819,-95.670440,36.058944
79818,-95.669545,36.058811
79775,-95.672357,36.050340
79773,-95.672318,36.046101
89641,-95.671726,36.060602
89642,-95.670669,36.060605
89643,-95.668390,36.060612
89644,-95.665661,36.060237
89645,-95.665662,36.060372
89646,-95.665648,36.060621
89647,-95.664839,36.060622
79771,-95.667430,36.046121
79772,-95.667359,36.046122
79770,-95.665824,36.046128
79769,-95.665234,36.046131
79766,-95.665122,36.046269
79768,-95.664053,36.046131
79767,-95.662872,36.046131
79774,-95.670948,36.046106
