54753,-95.805676,35.980900
54749,-95.804895,35.980534
54743,-95.804727,35.980521
54744,-95.804727,35.980532
54748,-95.804895,35.980546
54747,-95.804895,35.980558
54745,-95.804727,35.980544
54746,-95.804727,35.980556
54735,-95.803723,35.980074
54736,-95.803674,35.980070
54737,-95.803625,35.980066
54738,-95.803576,35.980062
54739,-95.803528,35.980059
54742,-95.803609,35.980202
54741,-95.803560,35.980198
54740,-95.803512,35.980195
54690,-95.803948,35.980730
54691,-95.803660,35.980476
54689,-95.803850,35.980847
54688,-95.803824,35.980824
54687,-95.803799,35.980802
54683,-95.803358,35.979961
54684,-95.803354,35.979984
54685,-95.803351,35.980007
54686,-95.803348,35.980030
48971,-95.801837,35.980465
48970,-95.801835,35.980493
48969,-95.801833,35.980521
48972,-95.801666,35.980499
48973,-95.801664,35.980527
48968,-95.801829,35.980577
48974,-95.801662,35.980555
48975,-95.801661,35.980584
58363,-95.801627,35.981396
58364,-95.801602,35.981396
58362,-95.801654,35.981533
58361,-95.801629,35.981534
58360,-95.801604,35.981534
58353,-95.801484,35.981977
58354,-95.801448,35.981948
58355,-95.801412,35.981918
58356,-95.801376,35.981889
58307,-95.801347,35.982060
58352,-95.801962,35.982851
58351,-95.801961,35.982893
58350,-95.801961,35.982934
58308,-95.801794,35.982839
58309,-95.801794,35.982881
58310,-95.801793,35.982922
58311,-95.801700,35.983841
58349,-95.801849,35.983906
58348,-95.801825,35.983943
58347,-95.801802,35.983980
58312,-95.801676,35.983878
58313,-95.801652,35.983916
58343,-95.801717,35.984122
58346,-95.801757,35.984143
58345,-95.801744,35.984136
58344,-95.801730,35.984129
48967,-95.800589,35.980731
48966,-95.800533,35.980730
48965,-95.800476,35.980730
48976,-95.800421,35.980592
48977,-95.800365,35.980591
48964,-95.800419,35.980730
48963,-95.800363,35.980729
54263,-95.800234,35.980420
48978,-95.800308,35.980591
48962,-95.800306,35.980729
48961,-95.800250,35.980729
58358,-95.801200,35.981739
58365,-95.801034,35.981437
58366,-95.801013,35.981448
58367,-95.800993,35.981460
58368,-95.800972,35.981471
58369,-95.800933,35.981498
58359,-95.801068,35.981585
58357,-95.801341,35.981860
58306,-95.801311,35.982030
58305,-95.801275,35.982000
58223,-95.801071,35.981828
58304,-95.800974,35.982635
58224,-95.800806,35.982601
58225,-95.800806,35.982635
58226,-95.800806,35.982668
58227,-95.800765,35.983355
58370,-95.800117,35.981391
58371,-95.800084,35.981391
58222,-95.800084,35.981529
58372,-95.800051,35.981391
58221,-95.800051,35.981529
58239,-95.800034,35.982386
58238,-95.800034,35.982426
58237,-95.800034,35.982465
58236,-95.800034,35.982504
58240,-95.799866,35.982386
58241,-95.799866,35.982426
58242,-95.799866,35.982465
58243,-95.799866,35.982504
58235,-95.800034,35.983329
58244,-95.799866,35.983329
58373,-95.799161,35.981391
58374,-95.799131,35.981391
58375,-95.799101,35.981391
58220,-95.799131,35.981529
58219,-95.799101,35.981529
58257,-95.799084,35.982386
58256,-95.799084,35.982426
58255,-95.799084,35.982465
58254,-95.799084,35.982504
58258,-95.798916,35.982386
58259,-95.798916,35.982426
58260,-95.798916,35.982465
58261,-95.798916,35.982504
58253,-95.799084,35.983329
58262,-95.798916,35.983329
58303,-95.800897,35.983441
58302,-95.800871,35.983467
58301,-95.800845,35.983493
58314,-95.800994,35.984291
58315,-95.800963,35.984294
58228,-95.800739,35.983381
58229,-95.800713,35.983407
58300,-95.800819,35.983520
58230,-95.800687,35.983434
58342,-95.801014,35.984427
58341,-95.800983,35.984430
58299,-95.800137,35.983641
58298,-95.800115,35.983641
58297,-95.800093,35.983640
58296,-95.800071,35.983640
58234,-95.800034,35.983369
58233,-95.800034,35.983408
58232,-95.800034,35.983447
58231,-95.800053,35.983502
58245,-95.799866,35.983369
58246,-95.799866,35.983408
58247,-95.799866,35.983447
58295,-95.800049,35.983640
58316,-95.800274,35.984302
58317,-95.800243,35.984302
58318,-95.800213,35.984302
58248,-95.799576,35.983501
58294,-95.799582,35.983639
58293,-95.799571,35.983639
58249,-95.799368,35.983501
58319,-95.799608,35.984292
58320,-95.799590,35.984292
58321,-95.799573,35.984292
58322,-95.799386,35.984277
58340,-95.800270,35.984440
58339,-95.800239,35.984440
58338,-95.800209,35.984440
58337,-95.800272,35.984711
58336,-95.800026,35.984668
58335,-95.799569,35.984430
58252,-95.799084,35.983369
58251,-95.799084,35.983408
58250,-95.799084,35.983447
58292,-95.799107,35.983639
58263,-95.798916,35.983369
58264,-95.798916,35.983408
58265,-95.798916,35.983447
58291,-95.798898,35.983639
58290,-95.798871,35.983639
58289,-95.798844,35.983639
58288,-95.798817,35.983639
58266,-95.798543,35.983501
58267,-95.798528,35.983501
54246,-95.797489,35.986788
54245,-95.797490,35.987068
58376,-95.798250,35.981398
58377,-95.798220,35.981398
58378,-95.798190,35.981398
58379,-95.798160,35.981399
58218,-95.798192,35.981536
58217,-95.798162,35.981537
58275,-95.798139,35.982392
58274,-95.798138,35.982431
58273,-95.798138,35.982470
58272,-95.798138,35.982509
58276,-95.797971,35.982353
58277,-95.797971,35.982392
58278,-95.797970,35.982431
58279,-95.797970,35.982470
58280,-95.797970,35.982509
58271,-95.798134,35.983330
58281,-95.797966,35.983330
58323,-95.798515,35.984281
58324,-95.798477,35.984280
58325,-95.798439,35.984280
58334,-95.798551,35.984419
58333,-95.798513,35.984419
58332,-95.798475,35.984418
58331,-95.798437,35.984418
58270,-95.798134,35.983369
58269,-95.798134,35.983408
58268,-95.798134,35.983447
58287,-95.798177,35.983639
58286,-95.798151,35.983639
58282,-95.797966,35.983369
58283,-95.797966,35.983408
58284,-95.797966,35.983447
58285,-95.797966,35.983487
58326,-95.797567,35.984271
58327,-95.797529,35.984271
58328,-95.797492,35.984271
58330,-95.797565,35.984409
58329,-95.797527,35.984409
54280,-95.800651,35.978749
54254,-95.800501,35.978648
54277,-95.800721,35.978787
54278,-95.800697,35.978774
54279,-95.800674,35.978761
54274,-95.800578,35.978875
54276,-95.800625,35.978901
54275,-95.800601,35.978888
54255,-95.800394,35.978793
54256,-95.800272,35.978950
54257,-95.800162,35.979125
48988,-95.799328,35.978872
48987,-95.799228,35.979178
54273,-95.800268,35.979291
54272,-95.800243,35.979449
54258,-95.800093,35.979315
54259,-95.800073,35.979509
54271,-95.800239,35.979619
54260,-95.800069,35.979694
54268,-95.800291,35.979798
54269,-95.800270,35.979798
54270,-95.800250,35.979799
54267,-95.800314,35.979936
54266,-95.800293,35.979936
54265,-95.800272,35.979936
54261,-95.800066,35.979952
54264,-95.800234,35.980108
54262,-95.800066,35.980264
48986,-95.799215,35.979511
48985,-95.799050,35.979667
48984,-95.799221,35.979776
48983,-95.799200,35.980049
48982,-95.799008,35.980096
49005,-95.798303,35.979352
49014,-95.798301,35.979490
48981,-95.799065,35.980319
48979,-95.799070,35.980490
48960,-95.799064,35.980647
48980,-95.799030,35.980471
49015,-95.798837,35.980364
48959,-95.799024,35.980628
48958,-95.798984,35.980608
48957,-95.798944,35.980589
48956,-95.798904,35.980570
49006,-95.798268,35.979352
49007,-95.798232,35.979351
49013,-95.798266,35.979490
49012,-95.798230,35.979489
49011,-95.798195,35.979489
49010,-95.798160,35.979489
49016,-95.798180,35.980166
49017,-95.797958,35.980161
48955,-95.798184,35.980305
48954,-95.798156,35.980304
48953,-95.798144,35.980570
48952,-95.798144,35.980581
48950,-95.797976,35.980575
48951,-95.797976,35.980587
58380,-95.797488,35.981410
58381,-95.797469,35.981411
54630,-95.807978,35.978755
54631,-95.807938,35.978755
54632,-95.807897,35.978755
54629,-95.807938,35.978893
54628,-95.807897,35.978893
54615,-95.806990,35.977874
54616,-95.806949,35.977875
54617,-95.806908,35.977876
54618,-95.806868,35.977878
54638,-95.806955,35.978013
54637,-95.806914,35.978014
54636,-95.806874,35.978016
54627,-95.807048,35.978897
54626,-95.807008,35.978897
54619,-95.806701,35.978642
54620,-95.806702,35.978671
54621,-95.806703,35.978699
54622,-95.806704,35.978728
54633,-95.806967,35.978759
54634,-95.806927,35.978759
54635,-95.806887,35.978760
54625,-95.806967,35.978897
54624,-95.806927,35.978897
54623,-95.806887,35.978898
54659,-95.805854,35.978500
54658,-95.805854,35.978523
54657,-95.805854,35.978545
54656,-95.805854,35.978568
54660,-95.805032,35.977786
54661,-95.805006,35.977785
54662,-95.804980,35.977784
54663,-95.804955,35.977784
54698,-95.804998,35.977923
54697,-95.804972,35.977922
54696,-95.804947,35.977922
54699,-95.804788,35.978575
54700,-95.804749,35.978575
54701,-95.804710,35.978575
54714,-95.804786,35.978713
54713,-95.804747,35.978713
54712,-95.804708,35.978713
54695,-95.804053,35.977934
54671,-95.804007,35.977802
54672,-95.803975,35.977809
54673,-95.803924,35.977827
54694,-95.804021,35.977941
54693,-95.804010,35.977945
54692,-95.803981,35.977959
54674,-95.803895,35.977841
54702,-95.803893,35.978564
54703,-95.803854,35.978562
54704,-95.803815,35.978560
54711,-95.803881,35.978702
54710,-95.803842,35.978700
54709,-95.803803,35.978698
54705,-95.803776,35.978558
54706,-95.803737,35.978556
54708,-95.803764,35.978696
54707,-95.803725,35.978694
54675,-95.803568,35.978462
54676,-95.803565,35.978484
54677,-95.803561,35.978507
54678,-95.803558,35.978530
54679,-95.803465,35.979235
54680,-95.803462,35.979260
54643,-95.807990,35.979671
54644,-95.807950,35.979671
54645,-95.807911,35.979671
54762,-95.807950,35.979809
54761,-95.807911,35.979809
54853,-95.807971,35.980571
54854,-95.807936,35.980571
54855,-95.807902,35.980571
54809,-95.807934,35.980709
54856,-95.807716,35.980496
54857,-95.807716,35.980526
54858,-95.807716,35.980556
54808,-95.807877,35.981495
54807,-95.807874,35.981529
54806,-95.807871,35.981564
54859,-95.807709,35.981483
54860,-95.807706,35.981517
54805,-95.807730,35.982107
54804,-95.807725,35.982123
54803,-95.807720,35.982140
54876,-95.807564,35.982083
54877,-95.807559,35.982100
54802,-95.807592,35.982503
54646,-95.806948,35.979671
54647,-95.806914,35.979671
54648,-95.806881,35.979671
54760,-95.806881,35.979809
54866,-95.806872,35.980627
54865,-95.806873,35.980662
54867,-95.806704,35.980594
54868,-95.806704,35.980629
54869,-95.806705,35.980664
54649,-95.805969,35.979671
54655,-95.805854,35.979268
54654,-95.805854,35.979294
54653,-95.805854,35.979320
54652,-95.805854,35.979347
54650,-95.805936,35.979671
54651,-95.805854,35.979657
54730,-95.805686,35.979657
54759,-95.805845,35.980096
54758,-95.805845,35.980108
54731,-95.805681,35.979916
54732,-95.805677,35.980106
54757,-95.805844,35.980569
54756,-95.805844,35.980582
54755,-95.805844,35.980596
54750,-95.805676,35.980569
54751,-95.805676,35.980582
54752,-95.805676,35.980596
54754,-95.805844,35.980900
54864,-95.806882,35.981468
54863,-95.806882,35.981503
54861,-95.806932,35.981571
54862,-95.806901,35.981571
54875,-95.806964,35.981709
54874,-95.806932,35.981709
54873,-95.806901,35.981709
54870,-95.806714,35.981470
54871,-95.806714,35.981505
54872,-95.806714,35.981540
54882,-95.807372,35.982632
54878,-95.806911,35.982454
54879,-95.806893,35.982459
54881,-95.806957,35.982586
54880,-95.806939,35.982591
54733,-95.804951,35.980121
54715,-95.804743,35.979355
54716,-95.804702,35.979355
54729,-95.804700,35.979493
54717,-95.804661,35.979355
54728,-95.804659,35.979493
54734,-95.804921,35.980121
54718,-95.803800,35.979344
54727,-95.803790,35.979482
54719,-95.803759,35.979342
54720,-95.803718,35.979340
54721,-95.803677,35.979338
54726,-95.803749,35.979480
54725,-95.803708,35.979478
54724,-95.803667,35.979476
54722,-95.803636,35.979336
54723,-95.803626,35.979474
54681,-95.803459,35.979285
54682,-95.803456,35.979311
58142,-95.812337,35.983271
54552,-95.810197,35.981210
54551,-95.810197,35.981239
54550,-95.810197,35.981269
54767,-95.810029,35.981214
54768,-95.810029,35.981243
54769,-95.810029,35.981272
58168,-95.811514,35.981930
58146,-95.811482,35.982068
58169,-95.811446,35.981931
58145,-95.811374,35.982853
58170,-95.811206,35.982853
58171,-95.811206,35.982885
58172,-95.811206,35.982918
54549,-95.810100,35.981947
54548,-95.810092,35.981976
54547,-95.810084,35.982004
54770,-95.809933,35.981926
54771,-95.809925,35.981954
54772,-95.809917,35.981983
54546,-95.809908,35.982631
54545,-95.809900,35.982659
54544,-95.809892,35.982688
54773,-95.809741,35.982612
54774,-95.809733,35.982640
54775,-95.809725,35.982669
54776,-95.809717,35.982698
54777,-95.809547,35.983337
58143,-95.812327,35.983691
58144,-95.812327,35.983708
58139,-95.812338,35.984248
58140,-95.812326,35.984576
58141,-95.812321,35.984590
58137,-95.811629,35.985252
58136,-95.811673,35.985311
58135,-95.811714,35.986023
58134,-95.811652,35.986070
58173,-95.811206,35.983705
58174,-95.811206,35.983738
58138,-95.811374,35.984397
58175,-95.811206,35.984397
58178,-95.811535,35.985390
58176,-95.811490,35.985331
58177,-95.811512,35.985361
54542,-95.809739,35.983372
54543,-95.809723,35.983372
54541,-95.809752,35.983510
54540,-95.809735,35.983510
54539,-95.809719,35.983510
54778,-95.809543,35.983527
54779,-95.809557,35.983962
54536,-95.809655,35.984409
54537,-95.809632,35.984409
54538,-95.809610,35.984410
54535,-95.809657,35.984547
54534,-95.809634,35.984547
54533,-95.809612,35.984548
54530,-95.809611,35.985232
54531,-95.809586,35.985232
54532,-95.809562,35.985232
54529,-95.809609,35.985370
54528,-95.809584,35.985370
58179,-95.811552,35.985958
58180,-95.811521,35.985982
58133,-95.811426,35.986773
58132,-95.811426,35.986808
58181,-95.811258,35.986799
58182,-95.811259,35.986834
54527,-95.809552,35.985606
54523,-95.809548,35.986209
54852,-95.808889,35.981486
54851,-95.808887,35.981523
54850,-95.808884,35.981559
54849,-95.808882,35.981596
54848,-95.808879,35.981632
54810,-95.808714,35.981588
54811,-95.808711,35.981624
54847,-95.808802,35.982452
54846,-95.808789,35.982487
54845,-95.808775,35.982522
54844,-95.808761,35.982557
54812,-95.808640,35.982410
54813,-95.808627,35.982445
54814,-95.808613,35.982480
54815,-95.808599,35.982515
54843,-95.808429,35.983338
54816,-95.808261,35.983320
54817,-95.808254,35.983357
54801,-95.807536,35.982666
54800,-95.807526,35.982696
54799,-95.807516,35.982726
54780,-95.809448,35.984385
54781,-95.809356,35.984880
54782,-95.809356,35.984894
54783,-95.809369,35.985216
54784,-95.809379,35.985384
54842,-95.808422,35.983375
54841,-95.808416,35.983411
54818,-95.808248,35.983393
54840,-95.808370,35.984246
54839,-95.808368,35.984283
54838,-95.808367,35.984320
54819,-95.808202,35.984242
54820,-95.808200,35.984279
54821,-95.808199,35.984316
54837,-95.808251,35.985196
54836,-95.808244,35.985227
54835,-95.808238,35.985258
54822,-95.808085,35.985174
54823,-95.808078,35.985205
54824,-95.808072,35.985236
54524,-95.809521,35.986071
54526,-95.809512,35.986081
54525,-95.809494,35.986071
54785,-95.809307,35.986026
54522,-95.809521,35.986209
54521,-95.809494,35.986209
54520,-95.809424,35.986197
54516,-95.809453,35.986868
54517,-95.809422,35.986868
54518,-95.809391,35.986868
54519,-95.809360,35.986869
54786,-95.809145,35.986484
54787,-95.809140,35.986497
54788,-95.809135,35.986511
54789,-95.809151,35.986869
54515,-95.809424,35.987006
54514,-95.809393,35.987006
54513,-95.809362,35.987007
54790,-95.809206,35.987038
54834,-95.808089,35.985973
54833,-95.808082,35.986004
54832,-95.808076,35.986035
54825,-95.807916,35.985982
54826,-95.807910,35.986013
54831,-95.807926,35.986750
54830,-95.807920,35.986781
54829,-95.807914,35.986813
54827,-95.807760,35.986728
54828,-95.807754,35.986759
54798,-95.807375,35.983426
54797,-95.807327,35.983836
54887,-95.807186,35.983576
54796,-95.807273,35.984333
54888,-95.807105,35.984321
54883,-95.806934,35.983423
54884,-95.806923,35.983423
54885,-95.806913,35.983423
54886,-95.806909,35.983561
58202,-95.807264,35.985168
58201,-95.807264,35.985197
58203,-95.807096,35.985168
58204,-95.806962,35.985216
58205,-95.806958,35.985217
58207,-95.806968,35.985354
58206,-95.806964,35.985355
54889,-95.806461,35.984341
54890,-95.806461,35.984479
58200,-95.807052,35.986108
58199,-95.807037,35.986140
58198,-95.807023,35.986171
58208,-95.806865,35.986123
58194,-95.807074,35.986938
58197,-95.806996,35.986867
58196,-95.807008,35.986899
58193,-95.807140,35.987067
58192,-95.807114,35.987072
58195,-95.807048,35.986944
58209,-95.806834,35.986909
58210,-95.806846,35.986941
58211,-95.806859,35.986973
58131,-95.811433,35.987599
58130,-95.811433,35.987633
58183,-95.811265,35.987633
58184,-95.811266,35.987668
54510,-95.809607,35.987701
54511,-95.809584,35.987701
54512,-95.809562,35.987701
54508,-95.809603,35.987839
54507,-95.809580,35.987839
54509,-95.809626,35.987840
54506,-95.809545,35.988277
54791,-95.809371,35.987682
54792,-95.808991,35.987671
54795,-95.809021,35.987809
54794,-95.809006,35.987809
54793,-95.808991,35.987809
58188,-95.807145,35.987663
58189,-95.807124,35.987663
58191,-95.807094,35.987631
58190,-95.807103,35.987663
58187,-95.807141,35.987801
58186,-95.807120,35.987801
58185,-95.807099,35.987801
58212,-95.806926,35.987619
58215,-95.806566,35.987930
58214,-95.806551,35.987939
58213,-95.806453,35.987827
58155,-95.812290,35.978446
58156,-95.812290,35.978491
58157,-95.812290,35.978535
54582,-95.810095,35.976305
54580,-95.810102,35.976383
54577,-95.810106,35.976422
54576,-95.810113,35.976513
54575,-95.810103,35.976592
54574,-95.810091,35.976679
54573,-95.810068,35.976755
54572,-95.810023,35.976841
54570,-95.809959,35.976919
54581,-95.809895,35.976744
54579,-95.809858,35.976802
54578,-95.809797,35.976864
54569,-95.809765,35.977070
54567,-95.809538,35.977117
58151,-95.811470,35.977319
58152,-95.811435,35.977319
58153,-95.811400,35.977320
58154,-95.811402,35.977458
58161,-95.811216,35.978474
58162,-95.811216,35.978563
54571,-95.809456,35.976976
54566,-95.809358,35.977111
54605,-95.809071,35.976908
54607,-95.809072,35.976946
54568,-95.809275,35.976970
54565,-95.809177,35.977105
54564,-95.809095,35.976964
54603,-95.808900,35.976801
54604,-95.808901,35.976838
54606,-95.808902,35.976874
54608,-95.808903,35.976911
54609,-95.808904,35.976948
54562,-95.809098,35.977837
54563,-95.809074,35.977827
54561,-95.809111,35.977975
54560,-95.809102,35.977975
54559,-95.809093,35.977976
54610,-95.808906,35.977350
54611,-95.808906,35.977827
54558,-95.809074,35.978722
54557,-95.809074,35.978902
54641,-95.808906,35.978721
54612,-95.807970,35.977848
54613,-95.807929,35.977849
54614,-95.807888,35.977849
54640,-95.807931,35.977987
54639,-95.807890,35.977987
57165,-95.807344,35.976147
57164,-95.806596,35.976616
57163,-95.805955,35.976613
57162,-95.805822,35.976475
57161,-95.805778,35.976612
57160,-95.805734,35.976612
54664,-95.804662,35.976982
58150,-95.812462,35.979654
58158,-95.812294,35.979565
58159,-95.812294,35.979654
58149,-95.812472,35.980734
58148,-95.812472,35.980775
58147,-95.812472,35.980815
58167,-95.812304,35.980817
58160,-95.811401,35.979691
58163,-95.811216,35.979587
58166,-95.811436,35.979829
58165,-95.811388,35.980380
58164,-95.811220,35.980404
54554,-95.810205,35.980509
54553,-95.810205,35.980538
54765,-95.810037,35.980510
54766,-95.810037,35.980539
54556,-95.809074,35.979626
54555,-95.809074,35.979657
54764,-95.809129,35.979809
54763,-95.809091,35.979809
54642,-95.808906,35.979626
57172,-95.810699,35.973909
57173,-95.810681,35.973909
54591,-95.809144,35.974645
54590,-95.809144,35.974681
54589,-95.809131,35.974735
54588,-95.809119,35.974770
54587,-95.809086,35.974935
54592,-95.808876,35.974220
54593,-95.808876,35.974392
54594,-95.808876,35.974572
54595,-95.808901,35.974770
54596,-95.808918,35.974929
57171,-95.808122,35.973913
57169,-95.807344,35.975112
57168,-95.807176,35.975164
54586,-95.809054,35.975776
54585,-95.809054,35.975817
54584,-95.809054,35.975857
54583,-95.809054,35.975897
54597,-95.808886,35.975752
54598,-95.808886,35.975793
54599,-95.808886,35.975834
54600,-95.808886,35.975875
54601,-95.808886,35.975916
54602,-95.808886,35.975958
57167,-95.807344,35.975629
57166,-95.807176,35.975681
57159,-95.804953,35.974622
54666,-95.804335,35.975704
54667,-95.804168,35.975738
54668,-95.804169,35.975768
54665,-95.804384,35.976506
54669,-95.804211,35.976454
54670,-95.804216,35.976514
57217,-95.810697,35.969372
57209,-95.810793,35.969486
57208,-95.810689,35.969532
57218,-95.810631,35.969404
57207,-95.810580,35.969561
49033,-95.811125,35.970991
49032,-95.811103,35.971004
49031,-95.811081,35.971017
49034,-95.811044,35.970868
49035,-95.811024,35.970880
49036,-95.811003,35.970892
49037,-95.810983,35.970905
57219,-95.810552,35.969425
57220,-95.810455,35.969439
57206,-95.810483,35.969575
57246,-95.808425,35.968971
57238,-95.808257,35.968983
57221,-95.809470,35.969279
57222,-95.809433,35.969278
57223,-95.809396,35.969277
57205,-95.809390,35.969415
57224,-95.808539,35.969289
57204,-95.808547,35.969427
57203,-95.808529,35.969429
57245,-95.808434,35.969052
57244,-95.808442,35.969132
57243,-95.808449,35.969212
57239,-95.808266,35.969062
57240,-95.808274,35.969142
57241,-95.808281,35.969222
57225,-95.808503,35.969293
57226,-95.808467,35.969298
57202,-95.808493,35.969434
57242,-95.808289,35.969303
57227,-95.807568,35.969480
57201,-95.807641,35.969605
57200,-95.807610,35.969612
57199,-95.807579,35.969618
49049,-95.808442,35.971011
49050,-95.808409,35.971013
49051,-95.808376,35.971015
49060,-95.807491,35.971060
57228,-95.807422,35.969186
57193,-95.807256,35.969212
57194,-95.807018,35.969739
57198,-95.807014,35.969739
57195,-95.807002,35.969742
57197,-95.806998,35.969743
57196,-95.806981,35.969746
49061,-95.807459,35.971061
49063,-95.807427,35.971063
49064,-95.807396,35.971065
57803,-95.812506,35.972743
57802,-95.812481,35.972770
57801,-95.812455,35.972797
57804,-95.812334,35.972699
57805,-95.812309,35.972726
57810,-95.812158,35.972853
57811,-95.812158,35.972853
57812,-95.812158,35.972853
57813,-95.812158,35.972853
57814,-95.812158,35.972853
57806,-95.812258,35.972963
57807,-95.812258,35.972963
57808,-95.812258,35.972963
57809,-95.812258,35.972963
49038,-95.810510,35.971237
49039,-95.810336,35.971134
49030,-95.810316,35.972307
49029,-95.810224,35.972379
49028,-95.810134,35.972425
49027,-95.810045,35.972472
49025,-95.809942,35.972518
49026,-95.809872,35.972394
49023,-95.809846,35.972554
49024,-95.809727,35.972448
49021,-95.809749,35.972590
49022,-95.809636,35.972478
49019,-95.809644,35.972623
57815,-95.811200,35.973543
57816,-95.811185,35.973607
57800,-95.811352,35.973636
57799,-95.811350,35.973685
57798,-95.811348,35.973735
57817,-95.811183,35.973656
57818,-95.811181,35.973706
57819,-95.811179,35.973756
49041,-95.809436,35.971092
49040,-95.809451,35.971234
49042,-95.809419,35.971229
49043,-95.809405,35.971088
49048,-95.809388,35.971224
49047,-95.809355,35.971516
49046,-95.809203,35.971579
49045,-95.809197,35.971565
49020,-95.809536,35.972508
49044,-95.808435,35.971150
49059,-95.808402,35.971152
49058,-95.808372,35.972316
49081,-95.808477,35.972473
49079,-95.808437,35.972470
49056,-95.808398,35.972468
49077,-95.808403,35.972605
49057,-95.808372,35.972368
49052,-95.808203,35.972290
49053,-95.808204,35.972342
49054,-95.808204,35.972394
49055,-95.808205,35.972447
49080,-95.808483,35.972610
49078,-95.808443,35.972608
49076,-95.807491,35.972559
49062,-95.807453,35.971200
49067,-95.807366,35.972278
49070,-95.807366,35.972326
49074,-95.807418,35.972417
49075,-95.807458,35.972557
49073,-95.807425,35.972556
49072,-95.807392,35.972554
49065,-95.807199,35.972204
49066,-95.807199,35.972252
49068,-95.807198,35.972300
49069,-95.807197,35.972348
49071,-95.807197,35.972396
57273,-95.811334,35.967820
57274,-95.811276,35.967801
57275,-95.811218,35.967782
57276,-95.811160,35.967763
57277,-95.811102,35.967744
57272,-95.811098,35.967891
57278,-95.811045,35.967726
57270,-95.810983,35.967854
57271,-95.811040,35.967872
57269,-95.810581,35.968452
57268,-95.810563,35.968480
57279,-95.809756,35.967203
57280,-95.809694,35.967199
57281,-95.809632,35.967195
57282,-95.809570,35.967191
57261,-95.809618,35.967331
57260,-95.809556,35.967327
57267,-95.810545,35.968509
57262,-95.810431,35.968390
57263,-95.810413,35.968418
57264,-95.810395,35.968447
57265,-95.810377,35.968476
57266,-95.810527,35.968538
57214,-95.811177,35.969225
57213,-95.811102,35.969277
57215,-95.810842,35.969276
57212,-95.811027,35.969329
57211,-95.810952,35.969380
57210,-95.810877,35.969432
57216,-95.810767,35.969328
57283,-95.809508,35.967188
57284,-95.808563,35.967181
57285,-95.808529,35.967181
57259,-95.809447,35.968153
57258,-95.809445,35.968197
57257,-95.809444,35.968241
57256,-95.809442,35.968286
57255,-95.809440,35.968330
57254,-95.809438,35.968374
57249,-95.809277,35.968193
57250,-95.809276,35.968237
57251,-95.809274,35.968282
57252,-95.809272,35.968326
57253,-95.809270,35.968370
57286,-95.808495,35.967181
57287,-95.808461,35.967181
57288,-95.807997,35.967165
57174,-95.807662,35.967161
57235,-95.808258,35.968735
57248,-95.808425,35.968818
57247,-95.808424,35.968898
57236,-95.808257,35.968816
57237,-95.808256,35.968896
57175,-95.807431,35.967161
57234,-95.807405,35.967900
57233,-95.807405,35.967934
57232,-95.807405,35.967968
57184,-95.807237,35.967898
57185,-95.806782,35.967972
57186,-95.806762,35.967972
57187,-95.806742,35.967972
57231,-95.807404,35.968284
57190,-95.807236,35.968284
57230,-95.807404,35.968590
57191,-95.807236,35.968590
57229,-95.807404,35.968895
57192,-95.807236,35.968895
57189,-95.806760,35.968110
57188,-95.806740,35.968110
57176,-95.806260,35.967144
57177,-95.806213,35.967143
57183,-95.806209,35.967281
57178,-95.806166,35.967142
57179,-95.806072,35.967141
57182,-95.806162,35.967280
57181,-95.806115,35.967279
57180,-95.806068,35.967279
49095,-95.802995,35.973681
49094,-95.802994,35.973686
49093,-95.802994,35.973691
49092,-95.802993,35.973696
49091,-95.802992,35.973701
49090,-95.802991,35.973706
49089,-95.802991,35.973711
49088,-95.802990,35.973716
49087,-95.802989,35.973726
49086,-95.802988,35.973731
49085,-95.802987,35.973736
49084,-95.802987,35.973741
49083,-95.802986,35.973746
49082,-95.802985,35.973751
57156,-95.802468,35.975005
57155,-95.802471,35.975029
57154,-95.802473,35.975054
57136,-95.802348,35.974394
57137,-95.802300,35.975015
57138,-95.802303,35.975039
57139,-95.802305,35.975064
57153,-95.802447,35.975615
57152,-95.802438,35.975639
57151,-95.802430,35.975663
57150,-95.802422,35.975686
57140,-95.802285,35.975579
57141,-95.802276,35.975603
57142,-95.802268,35.975627
57143,-95.802260,35.975650
57148,-95.802354,35.976218
57149,-95.802348,35.976193
57147,-95.802365,35.976267
57144,-95.802182,35.976217
57145,-95.802188,35.976242
57146,-95.802193,35.976266
54292,-95.801371,35.977295
54291,-95.801374,35.977462
54290,-95.801369,35.977587
54307,-95.801095,35.974634
54306,-95.801094,35.974715
54305,-95.801091,35.974797
54304,-95.801088,35.974879
54308,-95.800920,35.974873
54302,-95.801072,35.975089
54303,-95.800904,35.975073
54309,-95.800385,35.974903
54311,-95.800362,35.974902
54312,-95.800339,35.974901
54313,-95.799874,35.974892
54310,-95.799901,35.975030
54318,-95.799859,35.975030
54317,-95.799848,35.975164
54319,-95.799658,35.974891
54320,-95.799650,35.974891
54322,-95.799643,35.974891
54323,-95.799636,35.974891
54325,-95.799629,35.974891
54315,-95.799680,35.975166
54314,-95.799519,35.975029
54321,-95.799513,35.975029
54324,-95.799507,35.975029
54300,-95.801029,35.975390
54301,-95.800871,35.975307
54298,-95.801008,35.975541
54299,-95.800838,35.975542
54296,-95.800984,35.975988
54297,-95.800816,35.975785
54294,-95.801170,35.976608
54295,-95.801046,35.976282
54352,-95.800882,35.976316
54353,-95.800991,35.976603
54293,-95.801303,35.976936
54354,-95.801105,35.976885
54316,-95.799848,35.975174
54349,-95.799873,35.976123
54351,-95.799914,35.976132
54346,-95.799831,35.976114
54348,-95.799829,35.976255
54350,-95.799870,35.976264
54390,-95.800229,35.977144
54391,-95.800211,35.977135
54389,-95.800248,35.977154
54392,-95.800192,35.977126
54347,-95.799787,35.976246
54393,-95.799710,35.976922
54394,-95.799689,35.976916
54374,-95.799652,35.977052
54373,-95.799631,35.977046
54356,-95.801206,35.977462
54289,-95.801307,35.977819
54357,-95.801133,35.977806
54285,-95.801256,35.978095
54286,-95.801234,35.978083
54287,-95.801212,35.978071
54288,-95.801191,35.978059
54284,-95.801160,35.978209
54281,-95.801095,35.978173
54283,-95.801138,35.978197
54282,-95.801116,35.978185
54358,-95.800933,35.978100
54355,-95.800761,35.977301
54384,-95.800739,35.977301
54385,-95.800729,35.977300
54386,-95.800707,35.977297
54383,-95.800735,35.977439
54387,-95.800686,35.977294
54388,-95.800664,35.977291
54382,-95.800701,35.977436
54381,-95.800679,35.977433
54380,-95.800658,35.977430
54379,-95.800636,35.977427
54378,-95.800160,35.977270
54377,-95.800141,35.977260
54375,-95.800104,35.977242
54376,-95.800123,35.977251
54344,-95.798911,35.976066
54343,-95.798868,35.976067
54341,-95.798825,35.976067
54329,-95.798724,35.975580
54331,-95.798724,35.975622
54333,-95.798724,35.975663
54326,-95.798556,35.975497
54327,-95.798556,35.975539
54328,-95.798556,35.975580
54330,-95.798556,35.975622
54332,-95.798556,35.975663
54334,-95.798556,35.975704
54335,-95.798556,35.975746
54339,-95.798782,35.976068
54345,-95.798956,35.976204
54342,-95.798913,35.976204
54340,-95.798870,35.976205
54338,-95.798827,35.976205
54395,-95.799156,35.976891
54396,-95.799134,35.976891
54397,-95.799112,35.976891
54372,-95.799156,35.977029
54371,-95.799134,35.977029
54337,-95.798784,35.976206
54336,-95.798742,35.976207
54407,-95.797990,35.972494
54406,-95.797676,35.972657
54405,-95.797359,35.972735
54359,-95.800716,35.978363
54360,-95.800283,35.978154
54362,-95.799838,35.977919
54361,-95.800019,35.978012
54363,-95.799560,35.977788
54253,-95.799593,35.977956
48992,-95.799506,35.978621
48991,-95.799480,35.978654
48990,-95.799454,35.978687
48989,-95.799428,35.978720
54364,-95.799264,35.977724
54365,-95.798952,35.977711
54252,-95.799279,35.977867
54251,-95.798929,35.977849
54366,-95.798653,35.977711
54367,-95.798355,35.977711
54250,-95.798562,35.977849
48993,-95.799273,35.978663
48994,-95.798375,35.978528
48995,-95.798331,35.978527
48996,-95.798286,35.978526
49004,-95.798325,35.978665
49003,-95.798280,35.978664
54368,-95.798057,35.977711
54249,-95.798195,35.977849
54248,-95.797828,35.977849
54369,-95.797759,35.977711
54370,-95.797461,35.977711
54247,-95.797461,35.977849
54465,-95.797276,35.978224
48997,-95.798242,35.978525
48998,-95.798198,35.978524
48999,-95.798154,35.978523
49002,-95.798236,35.978663
49001,-95.798192,35.978662
49000,-95.798148,35.978661
54505,-95.797279,35.978845
54404,-95.797032,35.972809
54403,-95.796706,35.972862
49378,-95.794446,35.974716
49377,-95.794446,35.974757
49376,-95.794446,35.974798
49375,-95.794446,35.974838
49374,-95.794446,35.974879
54466,-95.796234,35.978275
54504,-95.796297,35.978413
49373,-95.794449,35.975735
49372,-95.794449,35.975775
49371,-95.794449,35.975816
49370,-95.794449,35.975857
49369,-95.794449,35.975898
49316,-95.794281,35.975735
49317,-95.794281,35.975775
49318,-95.794281,35.975816
49319,-95.794281,35.975857
49320,-95.794281,35.975898
49368,-95.794452,35.976712
49367,-95.794452,35.976753
49366,-95.794452,35.976794
49365,-95.794452,35.976835
49364,-95.794452,35.976875
49363,-95.794452,35.976916
49321,-95.794284,35.976753
49322,-95.794284,35.976794
49323,-95.794284,35.976835
49324,-95.794284,35.976875
49325,-95.794284,35.976916
54467,-95.795008,35.978280
54468,-95.794985,35.978417
54503,-95.795026,35.979036
54502,-95.795026,35.979170
54469,-95.794454,35.978278
49008,-95.798197,35.979351
49009,-95.798162,35.979351
49018,-95.797471,35.980161
48949,-95.797471,35.980299
54501,-95.795026,35.979304
54423,-95.797587,35.970465
54424,-95.797525,35.970458
54425,-95.797400,35.970443
54410,-95.798275,35.972204
54409,-95.798251,35.972230
54408,-95.798228,35.972256
54411,-95.798104,35.972160
54426,-95.796240,35.970455
54422,-95.796232,35.970600
54427,-95.796180,35.970470
54428,-95.796117,35.970488
54429,-95.796037,35.970516
54430,-95.795986,35.970547
54421,-95.796175,35.970616
54420,-95.796139,35.970626
54419,-95.796088,35.970657
54418,-95.796037,35.970688
54417,-95.795987,35.970719
54431,-95.795935,35.970578
54432,-95.795885,35.970609
54416,-95.795936,35.970750
54433,-95.795834,35.970640
54412,-95.796901,35.971927
54413,-95.796844,35.971926
54414,-95.796788,35.971924
54400,-95.796840,35.972064
54399,-95.796784,35.972062
54415,-95.796731,35.971923
54398,-95.796727,35.972061
54401,-95.796965,35.972680
54402,-95.796672,35.972728
54454,-95.796131,35.972527
54457,-95.796087,35.972510
54458,-95.796087,35.972510
54455,-95.795919,35.972506
54456,-95.795919,35.972506
54464,-95.796105,35.972664
54463,-95.795898,35.972658
54459,-95.795349,35.972512
54462,-95.795622,35.972654
54461,-95.795347,35.972650
54453,-95.794716,35.971479
54434,-95.794589,35.971385
54452,-95.794661,35.971511
54451,-95.794598,35.971545
54435,-95.794541,35.971413
54436,-95.794483,35.971441
54450,-95.794540,35.971573
54437,-95.794425,35.971469
54438,-95.794310,35.971526
54449,-95.794482,35.971601
54448,-95.794425,35.971629
54460,-95.795043,35.972608
49311,-95.794278,35.974716
49312,-95.794278,35.974757
49313,-95.794278,35.974798
49314,-95.794278,35.974838
49315,-95.794278,35.974879
49339,-95.793446,35.974739
49338,-95.793446,35.974780
49337,-95.793446,35.974821
49336,-95.793446,35.974862
49335,-95.793446,35.974903
49340,-95.793278,35.974739
49341,-95.793278,35.974780
49342,-95.793278,35.974821
49343,-95.793278,35.974862
49344,-95.793278,35.974903
49334,-95.793449,35.975761
49333,-95.793449,35.975802
49332,-95.793449,35.975843
54439,-95.793007,35.972061
54440,-95.792947,35.972076
54441,-95.792882,35.972090
54447,-95.793123,35.972174
54446,-95.793059,35.972191
54445,-95.792989,35.972208
54444,-95.792924,35.972222
54442,-95.792817,35.972104
54443,-95.792859,35.972236
54946,-95.793020,35.968653
54947,-95.792983,35.968659
54948,-95.792946,35.968665
54949,-95.792909,35.968671
54945,-95.793036,35.968790
54944,-95.792998,35.968796
54943,-95.792961,35.968802
54942,-95.792924,35.968808
54941,-95.792898,35.968851
54940,-95.792902,35.968868
54950,-95.792872,35.968678
54939,-95.792730,35.968869
54951,-95.792458,35.968792
54952,-95.792269,35.968926
54953,-95.792174,35.969099
54938,-95.792273,35.969350
54937,-95.792228,35.969532
54936,-95.792183,35.969714
54954,-95.792123,35.969265
54955,-95.791995,35.969697
54956,-95.791894,35.969682
54935,-95.792115,35.969995
54966,-95.791978,35.969847
54957,-95.791793,35.969667
54958,-95.791692,35.969653
54963,-95.791662,35.969789
54965,-95.791864,35.969818
54964,-95.791763,35.969803
54959,-95.791591,35.969638
54962,-95.791561,35.969774
54960,-95.791468,35.969635
54961,-95.791366,35.969641
54934,-95.792056,35.970242
54967,-95.791898,35.970188
54933,-95.791979,35.970482
54968,-95.791790,35.970515
54932,-95.791888,35.970723
54931,-95.791795,35.970959
54969,-95.791661,35.970846
55174,-95.789149,35.967824
54991,-95.790126,35.969216
54975,-95.790144,35.970814
54974,-95.790280,35.970896
55010,-95.790110,35.970965
54992,-95.790038,35.969100
54993,-95.789980,35.969129
54990,-95.790068,35.969245
54989,-95.790011,35.969274
54994,-95.789923,35.969158
54995,-95.789883,35.969171
54988,-95.789929,35.969303
54987,-95.789864,35.969318
54996,-95.789818,35.969186
54997,-95.789754,35.969202
54985,-95.789814,35.969340
54986,-95.789804,35.969326
54984,-95.789824,35.969355
54981,-95.789663,35.969403
54983,-95.789684,35.969432
54982,-95.789673,35.969417
54976,-95.790009,35.970732
54977,-95.789874,35.970650
55008,-95.789840,35.970801
55009,-95.789975,35.970883
54978,-95.789739,35.970568
55007,-95.789704,35.970719
55006,-95.789569,35.970637
54979,-95.789467,35.970404
55005,-95.789434,35.970555
55002,-95.789062,35.970158
55004,-95.789300,35.970473
55003,-95.789165,35.970391
54930,-95.791703,35.971195
54970,-95.791532,35.971176
54929,-95.791603,35.971435
54971,-95.791390,35.971498
54928,-95.791474,35.971700
54926,-95.791327,35.971975
54927,-95.791169,35.972238
49310,-95.792384,35.974791
49309,-95.792384,35.974834
49308,-95.792384,35.974876
49283,-95.792216,35.974810
49284,-95.792216,35.974853
49285,-95.792215,35.974895
49307,-95.792383,35.974918
49286,-95.792215,35.974937
57157,-95.791200,35.973820
49282,-95.791274,35.974405
49281,-95.791274,35.974429
49280,-95.791274,35.974453
49279,-95.791273,35.974477
49271,-95.791106,35.974415
49272,-95.791106,35.974439
49273,-95.791105,35.974463
49274,-95.791105,35.974487
49278,-95.791265,35.975064
49277,-95.791265,35.975076
54972,-95.791085,35.971390
55013,-95.790855,35.971430
54973,-95.790830,35.971240
55012,-95.790598,35.971266
55011,-95.790339,35.971104
54925,-95.790918,35.972486
55014,-95.790505,35.972495
55015,-95.790230,35.972528
54924,-95.790565,35.972625
54923,-95.790195,35.972668
55018,-95.789180,35.972011
55017,-95.789630,35.972545
54922,-95.789835,35.972686
55019,-95.789371,35.972282
55016,-95.789462,35.972551
55021,-95.789096,35.972131
54921,-95.789459,35.972707
54920,-95.789085,35.972741
49275,-95.791097,35.975062
49276,-95.791097,35.975086
49270,-95.790149,35.974396
49269,-95.790149,35.974419
49268,-95.790148,35.974443
49267,-95.790148,35.974466
49266,-95.790144,35.975043
49265,-95.790144,35.975055
49259,-95.789981,35.974408
49260,-95.789980,35.974431
49261,-95.789980,35.974455
49262,-95.789980,35.974478
49263,-95.789976,35.975043
49264,-95.789976,35.975067
55216,-95.788989,35.967539
55217,-95.788983,35.967564
55227,-95.787268,35.968499
55228,-95.787253,35.968465
55226,-95.787283,35.968559
55225,-95.787281,35.968595
55224,-95.787279,35.968632
55229,-95.787108,35.968543
55230,-95.787115,35.968551
55231,-95.787113,35.968587
55232,-95.787111,35.968624
55173,-95.787036,35.968773
55000,-95.788792,35.969994
54999,-95.788658,35.969913
54998,-95.788623,35.969860
55001,-95.788927,35.970076
54980,-95.788894,35.970227
55035,-95.787302,35.971043
55036,-95.787130,35.970862
55172,-95.786988,35.968772
55235,-95.785943,35.968642
55234,-95.785934,35.968670
55233,-95.785926,35.968698
55165,-95.785770,35.968636
55166,-95.785762,35.968664
55039,-95.786788,35.970494
55041,-95.786567,35.970259
55040,-95.786633,35.970328
55043,-95.786532,35.970447
55038,-95.786959,35.970678
55037,-95.786911,35.970852
55044,-95.786630,35.970574
55042,-95.786466,35.970378
55047,-95.786386,35.970725
55045,-95.786284,35.970615
55048,-95.786217,35.970890
55046,-95.786067,35.970826
55171,-95.785888,35.969119
55170,-95.785887,35.969138
55167,-95.785722,35.969077
55168,-95.785721,35.969096
55169,-95.785720,35.969115
55114,-95.785726,35.969479
55113,-95.785697,35.969486
55112,-95.785668,35.969493
55067,-95.784973,35.969604
55072,-95.784921,35.969526
55070,-95.784934,35.969551
55071,-95.784929,35.969545
55069,-95.784947,35.969568
55068,-95.784960,35.969586
55077,-95.784827,35.969674
55099,-95.784817,35.969706
55111,-95.784921,35.969814
55110,-95.784849,35.969859
55109,-95.784777,35.969904
55020,-95.788846,35.971856
55023,-95.788762,35.971976
55024,-95.788178,35.971545
55022,-95.788512,35.971701
55025,-95.788428,35.971821
55027,-95.788094,35.971665
54919,-95.788879,35.972623
54918,-95.788712,35.972776
54917,-95.788516,35.972651
54916,-95.788321,35.972784
54915,-95.788148,35.972637
55026,-95.787843,35.971390
55028,-95.787521,35.971227
55034,-95.787385,35.971347
55033,-95.787372,35.971357
55032,-95.787360,35.971368
55029,-95.787259,35.971255
55030,-95.787246,35.971265
55031,-95.787234,35.971276
55218,-95.789051,35.973894
55219,-95.789051,35.973894
55220,-95.789051,35.973894
55221,-95.788883,35.973890
55222,-95.788883,35.973890
55223,-95.788883,35.973890
49258,-95.789024,35.974789
49257,-95.789024,35.974832
49256,-95.789024,35.974875
49213,-95.788856,35.974810
49214,-95.788856,35.974853
49215,-95.788857,35.974896
49255,-95.789025,35.974917
49216,-95.788857,35.974939
55064,-95.787879,35.973688
49211,-95.787524,35.974462
49212,-95.787479,35.974441
49189,-95.787496,35.974802
49187,-95.787364,35.974717
49188,-95.787360,35.974722
55049,-95.786136,35.971111
55050,-95.786064,35.971352
55063,-95.786680,35.972363
55062,-95.786523,35.972474
55061,-95.786447,35.972317
55059,-95.786330,35.972295
55060,-95.786407,35.972451
55058,-95.786290,35.972429
55056,-95.786153,35.972215
55055,-95.786049,35.972323
55057,-95.786165,35.972383
55051,-95.785828,35.971562
55052,-95.785766,35.971821
55053,-95.785836,35.972088
55054,-95.785947,35.972246
55215,-95.788953,35.966536
55214,-95.788783,35.966474
55213,-95.787408,35.966042
55212,-95.787354,35.966016
55211,-95.787300,35.965989
55210,-95.787245,35.965962
55176,-95.786789,35.965389
55178,-95.786678,35.965277
55177,-95.786734,35.965335
55179,-95.786622,35.965219
55175,-95.786848,35.965445
55209,-95.786301,35.965107
55208,-95.786262,35.965067
55206,-95.786183,35.964986
55207,-95.786222,35.965026
55205,-95.784994,35.965397
55204,-95.784994,35.965427
55237,-95.785861,35.967935
55236,-95.785873,35.967962
55238,-95.785849,35.967908
55163,-95.785701,35.967981
55240,-95.785207,35.967418
55239,-95.785207,35.967430
55241,-95.785022,35.967438
55242,-95.784983,35.967436
55162,-95.785016,35.967576
55161,-95.784977,35.967574
55164,-95.785713,35.968008
55180,-95.784809,35.964540
55181,-95.784764,35.964539
55202,-95.784826,35.965397
55203,-95.784826,35.965427
55201,-95.782581,35.964767
55200,-95.782508,35.964786
55250,-95.782255,35.966789
55251,-95.782120,35.966689
55252,-95.782112,35.966706
55253,-95.782104,35.966722
55254,-95.782097,35.966739
55243,-95.784944,35.967435
55244,-95.784905,35.967434
55160,-95.784938,35.967573
55159,-95.784899,35.967572
55245,-95.784054,35.967406
55246,-95.784015,35.967405
55247,-95.783976,35.967404
55158,-95.784048,35.967544
55157,-95.783970,35.967542
55119,-95.784834,35.968266
55120,-95.784791,35.968263
55121,-95.784748,35.968261
55122,-95.784705,35.968259
55138,-95.784824,35.968404
55137,-95.784781,35.968401
55136,-95.784738,35.968399
55135,-95.784695,35.968397
55118,-95.784922,35.968958
55117,-95.784916,35.969006
55139,-95.784748,35.968990
55140,-95.784656,35.969011
55141,-95.784534,35.969011
55142,-95.784473,35.969011
55248,-95.783024,35.967100
55249,-95.782994,35.967086
55156,-95.782940,35.967220
55123,-95.783783,35.968209
55125,-95.783701,35.968189
55124,-95.783742,35.968199
55134,-95.783735,35.968341
55133,-95.783694,35.968331
55132,-95.783653,35.968321
55143,-95.783019,35.969009
55144,-95.782993,35.969008
55145,-95.782968,35.969008
55098,-95.784718,35.969149
55116,-95.784875,35.969419
55115,-95.784872,35.969411
55097,-95.784595,35.969149
55096,-95.784534,35.969149
55095,-95.784473,35.969149
55073,-95.784769,35.969591
55075,-95.784801,35.969638
55076,-95.784814,35.969656
55074,-95.784788,35.969621
55100,-95.784745,35.969751
55108,-95.784705,35.969949
55101,-95.784673,35.969796
55102,-95.784601,35.969841
55107,-95.784612,35.969993
55103,-95.784538,35.969869
55106,-95.784530,35.970026
55105,-95.784449,35.970058
55104,-95.784367,35.970091
55270,-95.783017,35.969147
55155,-95.782910,35.967206
55126,-95.782635,35.967850
55131,-95.782384,35.968946
55127,-95.782228,35.968813
55128,-95.782220,35.968854
55129,-95.782216,35.968905
55130,-95.782216,35.968946
55146,-95.782201,35.969000
55147,-95.782142,35.968999
55148,-95.782026,35.968997
55154,-95.781785,35.967742
55255,-95.781660,35.967645
55256,-95.781641,35.967671
55153,-95.781759,35.967773
55152,-95.781732,35.967804
55257,-95.781614,35.967703
55258,-95.781587,35.967734
55151,-95.781127,35.968477
55259,-95.781008,35.968377
55150,-95.781099,35.968507
55260,-95.780980,35.968407
55261,-95.780951,35.968437
55262,-95.780923,35.968467
55149,-95.781071,35.968537
55269,-95.782197,35.969138
55268,-95.781492,35.969095
55267,-95.781464,35.969089
55265,-95.781384,35.969053
55266,-95.781408,35.969068
55264,-95.781360,35.969038
55066,-95.785134,35.973247
55312,-95.785031,35.973363
55311,-95.785007,35.973356
55313,-95.785076,35.973377
55065,-95.785362,35.973726
55094,-95.783003,35.972733
55093,-95.783000,35.972764
55092,-95.782997,35.972795
55091,-95.782994,35.972826
55090,-95.782982,35.972949
55080,-95.782979,35.972980
55079,-95.782976,35.973011
55078,-95.782973,35.973042
55310,-95.784960,35.973353
55309,-95.784913,35.973350
55308,-95.783742,35.973271
55307,-95.783710,35.973269
55306,-95.783679,35.973267
55271,-95.782832,35.972754
55272,-95.782829,35.972785
55273,-95.782826,35.972816
55274,-95.782823,35.972846
55275,-95.782820,35.972877
55276,-95.782817,35.972908
55277,-95.782814,35.972939
55278,-95.782811,35.972970
55081,-95.782808,35.973001
55082,-95.782805,35.973032
55083,-95.782785,35.973075
55263,-95.780780,35.968532
55284,-95.780182,35.969737
55287,-95.780090,35.969853
55286,-95.780065,35.969839
55183,-95.781328,35.964912
55184,-95.781283,35.964889
55185,-95.781237,35.964866
55182,-95.781419,35.964958
55186,-95.781238,35.965028
55199,-95.781027,35.965637
55198,-95.781010,35.965660
55197,-95.780994,35.965684
55187,-95.780864,35.965590
55188,-95.780825,35.965619
55189,-95.780782,35.965598
55196,-95.780501,35.966325
55195,-95.780485,35.966347
55194,-95.780182,35.966765
55193,-95.780173,35.966777
55192,-95.780164,35.966790
55191,-95.779951,35.967089
55190,-95.779947,35.967095
55086,-95.781955,35.972968
55085,-95.781953,35.972985
55084,-95.781952,35.973003
55087,-95.781785,35.972975
55088,-95.781767,35.973005
55089,-95.781660,35.972997
55301,-95.781753,35.973141
55300,-95.781699,35.973137
55299,-95.781646,35.973133
55298,-95.781593,35.973129
55297,-95.781540,35.973125
55288,-95.780157,35.971098
55289,-95.780148,35.971156
55290,-95.780139,35.971215
55283,-95.780185,35.972327
55281,-95.780257,35.972539
55282,-95.780213,35.972445
55292,-95.780106,35.972601
55291,-95.780074,35.972548
55280,-95.780322,35.972645
55295,-95.780231,35.972768
55296,-95.780280,35.972813
55294,-95.780173,35.972708
55293,-95.780140,35.972655
55315,-95.779227,35.971116
55318,-95.774290,35.970411
55319,-95.774130,35.970358
55279,-95.774088,35.970411
53288,-95.773170,35.970480
53291,-95.773170,35.970480
53292,-95.773170,35.970480
55329,-95.773412,35.972302
57158,-95.774060,35.973128
57170,-95.773514,35.973186
55321,-95.772628,35.970314
55320,-95.772635,35.970327
55322,-95.772474,35.970370
55323,-95.771170,35.970560
55324,-95.771170,35.970560
55328,-95.771170,35.970560
55325,-95.771726,35.971621
55327,-95.772668,35.973053
55326,-95.771642,35.972263
49096,-95.786341,35.974355
49184,-95.785542,35.975087
49183,-95.785551,35.975111
49186,-95.785524,35.975041
49185,-95.785533,35.975064
49097,-95.785443,35.974403
49098,-95.785204,35.974403
49181,-95.785380,35.975129
49182,-95.785389,35.975153
49178,-95.785042,35.976587
49179,-95.785026,35.976586
49180,-95.785011,35.976585
49177,-95.785034,35.976725
49176,-95.785018,35.976724
49175,-95.785003,35.976723
49108,-95.783044,35.974596
49109,-95.783031,35.974616
49107,-95.783251,35.974876
49106,-95.783236,35.974884
49105,-95.783221,35.974893
49104,-95.783073,35.975028
49103,-95.783007,35.975114
55305,-95.782771,35.973211
55304,-95.782737,35.973208
55303,-95.782704,35.973206
55302,-95.782670,35.973204
49110,-95.782865,35.975040
49114,-95.782308,35.975056
49111,-95.782023,35.974869
49112,-95.781606,35.974760
49113,-95.781599,35.974787
49099,-95.784476,35.975472
49100,-95.784476,35.975510
49101,-95.784476,35.975549
49102,-95.784476,35.975588
49117,-95.784476,35.976491
49118,-95.784476,35.976524
49119,-95.784476,35.976557
49116,-95.782930,35.975326
49128,-95.783153,35.976027
49129,-95.783145,35.976021
49127,-95.783028,35.976269
49126,-95.782967,35.976269
49120,-95.784501,35.977313
49121,-95.784502,35.977339
49122,-95.784435,35.977365
49123,-95.784392,35.977369
49115,-95.782723,35.975217
49130,-95.782668,35.976051
49125,-95.782890,35.976259
49124,-95.782830,35.976249
49135,-95.783207,35.977610
49134,-95.782882,35.977509
49132,-95.782852,35.977498
49133,-95.782867,35.977504
49140,-95.782346,35.978413
49148,-95.782182,35.978479
49141,-95.781179,35.977952
49131,-95.781675,35.978785
49142,-95.781310,35.979299
49146,-95.781897,35.980257
49144,-95.782906,35.980530
49145,-95.782871,35.980522
49147,-95.781530,35.979852
49138,-95.785060,35.979190
49137,-95.784806,35.978743
49154,-95.784769,35.980509
49139,-95.783696,35.979523
49149,-95.783570,35.979615
55411,-95.783919,35.980378
55412,-95.783919,35.980378
49151,-95.783746,35.980370
49150,-95.783741,35.980342
49143,-95.783689,35.980455
49155,-95.783795,35.980567
49240,-95.789305,35.976911
49241,-95.789241,35.976911
49242,-95.789178,35.976911
49243,-95.789114,35.976911
49229,-95.789305,35.977049
49228,-95.789241,35.977049
49227,-95.789178,35.977049
49226,-95.789114,35.977049
49225,-95.789082,35.977049
49221,-95.788866,35.976808
49222,-95.788866,35.976837
49223,-95.788866,35.976867
49224,-95.788866,35.976897
49210,-95.787850,35.975387
49209,-95.787850,35.975455
49208,-95.787844,35.976240
49207,-95.787843,35.976284
49206,-95.787837,35.976319
49190,-95.787239,35.976207
49191,-95.787230,35.976204
49192,-95.787212,35.976200
49195,-95.787196,35.976339
49194,-95.787178,35.976334
49193,-95.787160,35.976330
49205,-95.787475,35.977877
49204,-95.787455,35.977947
49203,-95.787435,35.978016
49202,-95.787415,35.978086
49166,-95.787202,35.978138
49201,-95.787825,35.978735
49200,-95.787826,35.978761
49196,-95.787658,35.978792
49165,-95.787176,35.978274
49164,-95.787140,35.978269
49168,-95.786276,35.978129
49167,-95.786276,35.978144
49169,-95.786108,35.978125
49170,-95.786108,35.978140
49171,-95.786108,35.978156
49172,-95.786039,35.978177
49174,-95.784731,35.977630
49173,-95.784957,35.977926
49136,-95.784839,35.978026
49199,-95.787677,35.979463
49197,-95.787577,35.979339
49198,-95.787558,35.979361
49161,-95.787504,35.979589
49163,-95.786399,35.979489
49162,-95.786231,35.979483
49152,-95.785695,35.980492
49153,-95.785673,35.980519
49297,-95.791403,35.976156
49296,-95.791365,35.976157
49290,-95.791344,35.976019
49291,-95.791307,35.976019
49292,-95.791270,35.976020
49295,-95.791328,35.976157
49294,-95.791290,35.976157
49293,-95.791272,35.976158
49235,-95.790926,35.977054
49234,-95.790862,35.977054
49236,-95.790767,35.976915
49237,-95.790703,35.976915
49238,-95.790640,35.976915
49233,-95.790799,35.977054
49232,-95.790735,35.977053
49231,-95.790672,35.977053
49249,-95.789200,35.976021
49248,-95.789238,35.976159
49247,-95.789200,35.976159
49250,-95.789163,35.976021
49251,-95.789125,35.976021
49252,-95.789088,35.976021
49246,-95.789163,35.976159
49245,-95.789125,35.976159
49244,-95.789088,35.976159
49239,-95.789368,35.976911
49230,-95.789368,35.977049
49254,-95.789032,35.975858
49253,-95.789033,35.975901
49218,-95.788865,35.975922
49217,-95.788864,35.975879
49219,-95.788865,35.975965
49220,-95.788866,35.976008
49331,-95.793449,35.975884
49345,-95.793281,35.975761
49346,-95.793281,35.975802
49347,-95.793281,35.975843
49348,-95.793281,35.975884
49349,-95.793281,35.975925
49362,-95.793667,35.977095
49330,-95.793452,35.976783
49329,-95.793452,35.976824
49328,-95.793452,35.976865
49327,-95.793452,35.976906
49326,-95.793453,35.976947
49361,-95.793634,35.977095
49360,-95.793602,35.977095
49359,-95.793569,35.977096
49358,-95.793537,35.977096
49357,-95.793504,35.977096
49356,-95.793472,35.977097
49350,-95.793284,35.976742
49351,-95.793284,35.976783
49352,-95.793284,35.976824
49353,-95.793284,35.976865
49354,-95.793284,35.976906
49355,-95.793285,35.976947
54470,-95.793347,35.978276
49306,-95.792375,35.975849
49305,-95.792374,35.975892
49304,-95.792374,35.975934
49287,-95.792207,35.975869
49288,-95.792206,35.975911
49303,-95.792374,35.975976
49289,-95.792206,35.975953
49302,-95.792381,35.976799
49301,-95.792382,35.976829
49300,-95.792382,35.976860
49299,-95.792382,35.976890
49298,-95.792214,35.976877
54473,-95.792273,35.978412
54474,-95.792240,35.978274
54475,-95.792218,35.978274
54471,-95.793385,35.978414
54472,-95.793362,35.978414
54500,-95.794495,35.980225
54499,-95.793894,35.980221
54496,-95.793738,35.980220
54498,-95.793361,35.980081
54497,-95.793383,35.980219
54494,-95.792782,35.980220
54491,-95.792649,35.980221
54476,-95.791317,35.978410
54479,-95.791251,35.978410
54477,-95.791177,35.978272
54478,-95.790778,35.978271
54480,-95.790024,35.978274
54481,-95.790029,35.978412
54482,-95.789279,35.979047
54483,-95.789280,35.979176
54495,-95.792270,35.980222
54493,-95.792248,35.980222
54489,-95.792115,35.980222
54488,-95.791580,35.980223
54492,-95.791447,35.980086
54490,-95.791135,35.980087
54487,-95.790556,35.980088
54485,-95.790289,35.980227
54486,-95.790000,35.980089
54484,-95.789281,35.979289
49159,-95.787745,35.980584
49160,-95.787711,35.980571
49158,-95.787673,35.980708
49157,-95.787639,35.980695
49156,-95.786774,35.980647
55341,-95.769247,35.959251
55342,-95.768746,35.959241
55339,-95.768742,35.959379
55343,-95.767703,35.959234
55340,-95.767741,35.959372
55336,-95.766854,35.959366
55334,-95.767177,35.960547
55335,-95.767177,35.960562
55337,-95.767049,35.961942
55344,-95.762543,35.959205
81810,-95.761686,35.954834
81921,-95.761538,35.967137
81809,-95.761710,35.969810
81808,-95.761710,35.969863
81917,-95.761542,35.969542
81918,-95.761542,35.969569
81919,-95.761542,35.969676
81920,-95.761544,35.971012
81938,-95.761524,35.971965
81937,-95.761442,35.971968
81807,-95.761716,35.972172
81922,-95.761239,35.971978
81813,-95.761692,35.944495
81812,-95.761692,35.944566
81873,-95.761693,35.944637
81811,-95.761692,35.945061
81814,-95.761685,35.941803
81866,-95.761506,35.937718
81867,-95.761507,35.937988
81816,-95.761680,35.939748
81869,-95.761513,35.940350
81815,-95.761681,35.940386
81870,-95.761513,35.940384
81865,-95.761499,35.934999
81868,-95.761668,35.935306
81817,-95.761669,35.935785
81818,-95.761652,35.933178
