56660,-95.868093,36.009424
56659,-95.868087,36.009424
56661,-95.867955,36.009278
56519,-95.867780,36.008192
56662,-95.867769,36.008805
56663,-95.867744,36.008793
56664,-95.867719,36.008782
56665,-95.867625,36.008751
56666,-95.867388,36.008778
56667,-95.867365,36.008783
56658,-95.867745,36.009414
56657,-95.867724,36.009415
56656,-95.867704,36.009416
56655,-95.867207,36.009413
56654,-95.867187,36.009413
56668,-95.867063,36.009186
56669,-95.867055,36.009204
56670,-95.867041,36.009240
56647,-95.868064,36.010143
56648,-95.868051,36.010135
56649,-95.867628,36.010101
56650,-95.867612,36.010101
56651,-95.867595,36.010101
56684,-95.867628,36.010239
56683,-95.867612,36.010239
56682,-95.867595,36.010239
56652,-95.867216,36.010081
56653,-95.867200,36.010080
56681,-95.867196,36.010217
56680,-95.867180,36.010216
56674,-95.866950,36.010078
56676,-95.866967,36.010102
56675,-95.866958,36.010090
56671,-95.866925,36.010042
56672,-95.866934,36.010054
56673,-95.866942,36.010066
56527,-95.866388,36.006950
56526,-95.866379,36.006955
56523,-95.866480,36.007066
56524,-95.866471,36.007071
56525,-95.866461,36.007076
56522,-95.866317,36.007848
56521,-95.866320,36.007877
56547,-95.866149,36.007858
56548,-95.866152,36.007887
56549,-95.866154,36.007916
56528,-95.865583,36.006863
56529,-95.864887,36.006862
56530,-95.864846,36.006862
56546,-95.865054,36.007919
56532,-95.864865,36.007864
56533,-95.864880,36.007926
56531,-95.864805,36.006863
56565,-95.863943,36.006876
56566,-95.863820,36.006879
56567,-95.863779,36.006880
56568,-95.863779,36.006880
56569,-95.863779,36.006880
56574,-95.863783,36.007018
56575,-95.863783,36.007018
56598,-95.865826,36.008439
56571,-95.865764,36.008525
56572,-95.865764,36.008525
56543,-95.865110,36.008050
56542,-95.865215,36.008245
56540,-95.865176,36.008395
56545,-95.865070,36.007967
56544,-95.865084,36.008004
56535,-95.864910,36.008015
56534,-95.864895,36.007971
56536,-95.864934,36.008069
56539,-95.865056,36.008430
56537,-95.864894,36.008232
56538,-95.864890,36.008234
56541,-95.865645,36.008964
56597,-95.865641,36.008978
56596,-95.865638,36.008992
56595,-95.865634,36.009007
56594,-95.865562,36.009303
56593,-95.865531,36.009470
56550,-95.865061,36.009243
56551,-95.865048,36.009239
56554,-95.865004,36.009374
56553,-95.864991,36.009369
56552,-95.864978,36.009365
56592,-95.865300,36.009943
56679,-95.866701,36.010359
56678,-95.866686,36.010359
56677,-95.866671,36.010359
56591,-95.865152,36.010081
56555,-95.864596,36.010246
56556,-95.864581,36.010252
56590,-95.864659,36.010374
56557,-95.864266,36.010598
56589,-95.864270,36.010609
56558,-95.864240,36.010528
56559,-95.864240,36.010528
56560,-95.864240,36.010528
56561,-95.864240,36.010528
56562,-95.864240,36.010528
56564,-95.864240,36.010528
56588,-95.864310,36.010787
56587,-95.864309,36.010866
56576,-95.864142,36.010797
56577,-95.864143,36.010842
56520,-95.868161,36.006939
56646,-95.867907,36.012975
56645,-95.867910,36.013149
56644,-95.867911,36.013207
56643,-95.867914,36.013323
56642,-95.867916,36.013439
56641,-95.867919,36.013555
56640,-95.867921,36.013671
56639,-95.867924,36.013787
56685,-95.867734,36.012862
56686,-95.867737,36.012977
56687,-95.867739,36.013093
56688,-95.867741,36.013209
56689,-95.867744,36.013325
56690,-95.867746,36.013441
56691,-95.867749,36.013557
56692,-95.867357,36.013693
56693,-95.867342,36.013684
56695,-95.867255,36.013803
56694,-95.867240,36.013794
56638,-95.867559,36.014859
56637,-95.867520,36.014902
56636,-95.867481,36.014944
56635,-95.867433,36.014993
56696,-95.867323,36.014886
56697,-95.867288,36.014917
56634,-95.867387,36.015031
56617,-95.867340,36.015095
56698,-95.867243,36.014955
56701,-95.867171,36.014937
56699,-95.867192,36.014957
56700,-95.867182,36.014947
56705,-95.867078,36.015081
56704,-95.867054,36.015038
56703,-95.867044,36.015028
56702,-95.867033,36.015018
56615,-95.867433,36.015180
56616,-95.867386,36.015137
56619,-95.867262,36.015231
56618,-95.867214,36.015187
56632,-95.866462,36.015703
56633,-95.866459,36.015700
56706,-95.865858,36.015156
56631,-95.866330,36.015789
56630,-95.866327,36.015786
56710,-95.865751,36.015093
56707,-95.865831,36.015140
56708,-95.865804,36.015124
56709,-95.865777,36.015108
56713,-95.865731,36.015250
56711,-95.865677,36.015218
56712,-95.865704,36.015234
56716,-95.864845,36.015785
56586,-95.864250,36.012161
56585,-95.864246,36.012223
56584,-95.864244,36.012283
56578,-95.864082,36.012155
56579,-95.864074,36.012281
56583,-95.864243,36.012346
56582,-95.863491,36.013496
56580,-95.863362,36.013386
56581,-95.863418,36.013516
56717,-95.864822,36.015780
56718,-95.864799,36.015775
56771,-95.864776,36.015912
56719,-95.864365,36.015765
56720,-95.864106,36.015684
56758,-95.864014,36.015898
56757,-95.863979,36.015890
56756,-95.863965,36.015886
56755,-95.863951,36.015882
56754,-95.863937,36.015877
56721,-95.863569,36.015653
56722,-95.863555,36.015653
56723,-95.863359,36.015642
56724,-95.863323,36.015638
56740,-95.863361,36.015799
56725,-95.863288,36.015635
56726,-95.863252,36.015631
56727,-95.863217,36.015628
56728,-95.863182,36.015624
56770,-95.863266,36.015770
56769,-95.863229,36.015767
56768,-95.863193,36.015763
56753,-95.863175,36.015762
56729,-95.863146,36.015621
56730,-95.863111,36.015618
56714,-95.865356,36.016099
56715,-95.865317,36.016114
56767,-95.863157,36.015760
56752,-95.863139,36.015758
56751,-95.863084,36.015753
56610,-95.866748,36.016801
56609,-95.866714,36.016800
56626,-95.865896,36.016639
56623,-95.866012,36.016647
56624,-95.865962,36.016644
56625,-95.865929,36.016641
56608,-95.865979,36.016782
56607,-95.865946,36.016780
56606,-95.865913,36.016777
56605,-95.865880,36.016775
56629,-95.865426,36.016225
56628,-95.865380,36.016254
56627,-95.865394,36.016278
56601,-95.865228,36.016314
56603,-95.865257,36.016362
56602,-95.865242,36.016338
56604,-95.865271,36.016386
56600,-95.864884,36.016573
56772,-95.864826,36.016357
56773,-95.864720,36.016490
56774,-95.864461,36.016874
56599,-95.864708,36.017161
56775,-95.864474,36.017328
56518,-95.864477,36.017458
56741,-95.863337,36.016210
56742,-95.863182,36.016553
56517,-95.863769,36.017453
56750,-95.862411,36.015850
56759,-95.862382,36.015705
56731,-95.862366,36.015712
56760,-95.862351,36.015719
56732,-95.862335,36.015727
56761,-95.862320,36.015734
56749,-95.862392,36.015860
56766,-95.862378,36.015869
56733,-95.862293,36.015748
56762,-95.862279,36.015758
56748,-95.862364,36.015879
56765,-95.862350,36.015888
56747,-95.862336,36.015898
56764,-95.862322,36.015907
56746,-95.862308,36.015916
56734,-95.862251,36.015776
56735,-95.862224,36.015794
56736,-95.861784,36.016318
56737,-95.861766,36.016359
56745,-95.861929,36.016396
56744,-95.861923,36.016426
56763,-95.861920,36.016441
56743,-95.861944,36.016547
56738,-95.861760,36.016388
56739,-95.861754,36.016417
56614,-95.867824,36.016356
56613,-95.867801,36.016410
56612,-95.867778,36.016464
56611,-95.867748,36.016521
56620,-95.867643,36.016358
56621,-95.867619,36.016414
56622,-95.867595,36.016463
56826,-95.858754,36.016598
56842,-95.858762,36.016620
56827,-95.858737,36.016554
56841,-95.858745,36.016576
56825,-95.858771,36.016642
56824,-95.858925,36.017039
56777,-95.858755,36.017043
56843,-95.858933,36.017276
56776,-95.858763,36.017280
56840,-95.858377,36.015609
56838,-95.858343,36.015521
56829,-95.858351,36.015543
56830,-95.858335,36.015499
56839,-95.858360,36.015565
56828,-95.858368,36.015587
56819,-95.858181,36.015561
56781,-95.858189,36.015583
56820,-95.858198,36.015605
56821,-95.858215,36.015650
56779,-95.858224,36.015673
56780,-95.858207,36.015628
56782,-95.858172,36.015538
56837,-95.857268,36.015005
56831,-95.857240,36.015004
56836,-95.857212,36.015003
56832,-95.857184,36.015003
56835,-95.857017,36.014974
56785,-95.856955,36.015102
56833,-95.856892,36.014939
56834,-95.856780,36.014927
56787,-95.856868,36.015075
56786,-95.856644,36.015050
56783,-95.857264,36.015143
56784,-95.857206,36.015141
56817,-95.857318,36.015844
56818,-95.857309,36.015815
56570,-95.856995,36.015152
56822,-95.858591,36.016637
56823,-95.858609,36.016682
56778,-95.858673,36.016840
56804,-95.857711,36.016839
56803,-95.857671,36.016839
56816,-95.857601,36.016625
56815,-95.857604,36.016653
56805,-95.857631,36.016701
56802,-95.857631,36.016839
56814,-95.856658,36.016695
56806,-95.856641,36.016695
56801,-95.856673,36.016833
56788,-95.856656,36.016833
56813,-95.856624,36.016695
56807,-95.856608,36.016695
56800,-95.856639,36.016833
56789,-95.856622,36.016833
56799,-95.856606,36.016833
56798,-95.855878,36.016818
56808,-95.855866,36.016671
56812,-95.855850,36.016666
56809,-95.855834,36.016662
56810,-95.855838,36.016670
56811,-95.855818,36.016658
56790,-95.855862,36.016813
56797,-95.855846,36.016809
56791,-95.855830,36.016805
56796,-95.855814,36.016801
56792,-95.855798,36.016796
56795,-95.855782,36.016792
56793,-95.855766,36.016788
56794,-95.855716,36.016764
56573,-95.854781,36.017266
56516,-95.853606,36.017415
57063,-95.850871,36.013081
57064,-95.850869,36.013440
57065,-95.850866,36.014121
57066,-95.850874,36.017237
56881,-95.854864,36.009875
56856,-95.854935,36.010333
56882,-95.854841,36.010198
56855,-95.854610,36.010584
56865,-95.852435,36.007860
56866,-95.851994,36.007795
56869,-95.851966,36.007692
56868,-95.851966,36.007717
56867,-95.851966,36.007742
56870,-95.851796,36.007716
56871,-95.851796,36.007741
56872,-95.851796,36.007766
56874,-95.851778,36.007919
56873,-95.851675,36.007919
57050,-95.850874,36.007767
56860,-95.854356,36.008684
56880,-95.854251,36.008794
56862,-95.853599,36.008344
56861,-95.853977,36.008514
56879,-95.853842,36.008610
56878,-95.853434,36.008427
56863,-95.853220,36.008174
56864,-95.852842,36.008004
56877,-95.853025,36.008243
56876,-95.852626,36.008066
56886,-95.853074,36.009574
56885,-95.853128,36.009822
56890,-95.852794,36.009440
56891,-95.852661,36.009377
56889,-95.852955,36.009673
56888,-95.852927,36.009502
56887,-95.853053,36.009744
56883,-95.854544,36.010450
56884,-95.854178,36.010686
56854,-95.854271,36.010803
56853,-95.853946,36.011015
56851,-95.853619,36.011236
56850,-95.853286,36.011458
56852,-95.853024,36.011427
56849,-95.852709,36.011498
56848,-95.852876,36.011613
56875,-95.852196,36.007963
56892,-95.852528,36.009315
56893,-95.852395,36.009253
56894,-95.852080,36.009285
56895,-95.851914,36.009585
56896,-95.851834,36.009917
57051,-95.850875,36.008763
56897,-95.852003,36.010024
56898,-95.851832,36.010237
56899,-95.852001,36.010397
56900,-95.851830,36.010557
56901,-95.851999,36.010771
56902,-95.851828,36.010877
56846,-95.852361,36.011516
56847,-95.852438,36.011652
56903,-95.851997,36.011144
56904,-95.851826,36.011197
56905,-95.851825,36.011518
56845,-95.852014,36.011666
57059,-95.850875,36.010704
56844,-95.851063,36.011686
57060,-95.850875,36.011510
57061,-95.850875,36.011537
57062,-95.850875,36.011702
57058,-95.849520,36.009390
57057,-95.849484,36.009378
57056,-95.848655,36.009320
57055,-95.848617,36.009320
56859,-95.854720,36.008906
56858,-95.854909,36.009256
56857,-95.855049,36.009950
57052,-95.847740,36.008954
57054,-95.847377,36.009513
57053,-95.847375,36.009508
56913,-95.853048,36.005097
56912,-95.853052,36.005114
56911,-95.852803,36.005404
56910,-95.852799,36.005405
56909,-95.852572,36.005418
56906,-95.852555,36.005417
56917,-95.852449,36.004663
56916,-95.852429,36.004804
56915,-95.852479,36.005279
56908,-95.852539,36.005417
56914,-95.851727,36.005271
56907,-95.851726,36.005409
56918,-95.850440,36.004942
56919,-95.850423,36.004942
57049,-95.850419,36.005080
57048,-95.850385,36.005505
57047,-95.850384,36.005523
57046,-95.850383,36.005541
57037,-95.850217,36.005483
57038,-95.850217,36.005501
57039,-95.850216,36.005519
57040,-95.850215,36.005537
56920,-95.849852,36.004941
56921,-95.849836,36.004941
56922,-95.849820,36.004941
56923,-95.849479,36.004941
57036,-95.849471,36.005079
56924,-95.849268,36.004941
57035,-95.849445,36.005496
57034,-95.849445,36.005514
57033,-95.849445,36.005532
57024,-95.849276,36.005476
57025,-95.849275,36.005494
57026,-95.849275,36.005512
57027,-95.849275,36.005530
57045,-95.850368,36.005962
57044,-95.850367,36.005980
57043,-95.850367,36.005999
57041,-95.850199,36.005976
57042,-95.850199,36.005995
57032,-95.849333,36.005949
57031,-95.849328,36.005967
57030,-95.849324,36.005985
56944,-95.847701,36.003342
56945,-95.847683,36.003345
56943,-95.847729,36.003478
56942,-95.847711,36.003481
56941,-95.847692,36.003483
56946,-95.847664,36.003347
56947,-95.847646,36.003350
56940,-95.847674,36.003486
58081,-95.846811,36.002751
56948,-95.846795,36.003287
56949,-95.846763,36.003288
56950,-95.846731,36.003288
56951,-95.846700,36.003289
56952,-95.846534,36.003259
56987,-95.846685,36.003574
56986,-95.846681,36.003744
56985,-95.846679,36.003786
56984,-95.846678,36.003829
56953,-95.846515,36.003442
56925,-95.848982,36.004941
56926,-95.848696,36.004941
57028,-95.849164,36.005937
57029,-95.849160,36.005955
56936,-95.847707,36.004087
56937,-95.847686,36.004086
56935,-95.847699,36.004225
56938,-95.847665,36.004085
56939,-95.847626,36.004069
56988,-95.847459,36.004019
56989,-95.847458,36.004042
56990,-95.847458,36.004065
56933,-95.847657,36.004223
56934,-95.847678,36.004224
56932,-95.847510,36.004829
56931,-95.847505,36.004855
56927,-95.848411,36.004941
57023,-95.848445,36.005079
57022,-95.848411,36.005079
57012,-95.848196,36.005630
57021,-95.848362,36.005652
57020,-95.848357,36.005676
57019,-95.848352,36.005700
57013,-95.848191,36.005654
57014,-95.848186,36.005678
56928,-95.847574,36.004910
56929,-95.847546,36.004905
56930,-95.847500,36.004881
57011,-95.847536,36.005044
57010,-95.847508,36.005039
56991,-95.847350,36.004779
56992,-95.847344,36.004805
56993,-95.847339,36.004831
56994,-95.847334,36.004857
56960,-95.846450,36.004457
56983,-95.846559,36.004770
56982,-95.846550,36.004812
56981,-95.846542,36.004854
57009,-95.847285,36.005882
56995,-95.847135,36.005780
56996,-95.847127,36.005819
56997,-95.847119,36.005858
56980,-95.846534,36.004896
57018,-95.848305,36.006224
57017,-95.848305,36.006249
57015,-95.848135,36.006224
57016,-95.848135,36.006249
57008,-95.847276,36.005921
57007,-95.847268,36.005960
57006,-95.847260,36.006000
56998,-95.847110,36.005897
56999,-95.847102,36.005936
57000,-95.847094,36.005976
57005,-95.846474,36.006119
57004,-95.846434,36.006116
57003,-95.846405,36.006112
56954,-95.846049,36.003598
56955,-95.846029,36.003598
56959,-95.846051,36.003736
56958,-95.846031,36.003736
56956,-95.846010,36.003599
56957,-95.846012,36.003737
56961,-95.846323,36.005104
56962,-95.846317,36.005133
56963,-95.846311,36.005163
56964,-95.846306,36.005192
56979,-95.846361,36.005781
56978,-95.846352,36.005823
56977,-95.846344,36.005865
56965,-95.846185,36.005810
56966,-95.846179,36.005839
56967,-95.846173,36.005869
56976,-95.846336,36.005907
56975,-95.846328,36.005950
57002,-95.846375,36.006108
57001,-95.846346,36.006104
56968,-95.846167,36.005898
56969,-95.846162,36.005928
56974,-95.846252,36.006365
56973,-95.846248,36.006388
56970,-95.846088,36.006322
56971,-95.846086,36.006334
56972,-95.846084,36.006345
57883,-95.839813,36.007419
57886,-95.839787,36.007389
57887,-95.839779,36.007379
57885,-95.839796,36.007399
57884,-95.839805,36.007409
57880,-95.839848,36.007459
57882,-95.839831,36.007439
57881,-95.839839,36.007449
57894,-95.839693,36.007519
57893,-95.839684,36.007509
57895,-95.839701,36.007529
57896,-95.839710,36.007539
57889,-95.839649,36.007469
57890,-95.839658,36.007479
57888,-95.839641,36.007459
57892,-95.839675,36.007499
57891,-95.839667,36.007489
57905,-95.838537,36.007358
57904,-95.838536,36.007367
57903,-95.838535,36.007376
57902,-95.838534,36.007385
57901,-95.838533,36.007394
57900,-95.838532,36.007404
57935,-95.838367,36.007364
57936,-95.838366,36.007373
57937,-95.838365,36.007382
57938,-95.838364,36.007392
57867,-95.838473,36.007805
57866,-95.838435,36.007791
57865,-95.838397,36.007777
57872,-95.840521,36.008931
57874,-95.840486,36.008865
57873,-95.840495,36.008880
57877,-95.840161,36.008137
57876,-95.840180,36.008186
57879,-95.840084,36.007966
57878,-95.840090,36.007978
57875,-95.840187,36.008203
57871,-95.840033,36.008261
57897,-95.839289,36.008262
57898,-95.839275,36.008266
57899,-95.839261,36.008270
57870,-95.839339,36.008394
57869,-95.839325,36.008398
57868,-95.839311,36.008402
53762,-95.839779,36.009275
53763,-95.839765,36.009278
53764,-95.839752,36.009282
53761,-95.839857,36.009400
53760,-95.839843,36.009403
53759,-95.839829,36.009407
53758,-95.839815,36.009410
53757,-95.839802,36.009414
56563,-95.839228,36.008258
53775,-95.838372,36.008781
53776,-95.838323,36.008782
53777,-95.838274,36.008784
53778,-95.838225,36.008785
53774,-95.838329,36.008920
53773,-95.838280,36.008922
53772,-95.838231,36.008923
53765,-95.838275,36.009593
53766,-95.838250,36.009593
53756,-95.838246,36.009731
53755,-95.838222,36.009731
53730,-95.839679,36.010433
53729,-95.839678,36.010451
53728,-95.839672,36.010623
53727,-95.839669,36.010712
53641,-95.839378,36.011261
53642,-95.839372,36.011261
53643,-95.839366,36.011261
53644,-95.839359,36.011261
53647,-95.839378,36.011399
53646,-95.839372,36.011399
53645,-95.839359,36.011399
53740,-95.839175,36.011261
53628,-95.839188,36.011399
53627,-95.839181,36.011399
53626,-95.839175,36.011399
53625,-95.839169,36.011399
53624,-95.839029,36.011399
53623,-95.839022,36.011399
53622,-95.839016,36.011399
53621,-95.839010,36.011399
53620,-95.838863,36.011399
53619,-95.838857,36.011399
57906,-95.837686,36.006842
57907,-95.837667,36.006843
57908,-95.837648,36.006844
57909,-95.837630,36.006845
57910,-95.837611,36.006846
57911,-95.837592,36.006847
57912,-95.837573,36.006849
57913,-95.837555,36.006850
57914,-95.837536,36.006851
57915,-95.837517,36.006852
57916,-95.837498,36.006853
57917,-95.837479,36.006854
57918,-95.837461,36.006855
57919,-95.837442,36.006856
57934,-95.837567,36.006988
57933,-95.837548,36.006989
57932,-95.837529,36.006990
57931,-95.837510,36.006991
57930,-95.837491,36.006992
57929,-95.837473,36.006993
57864,-95.837273,36.007739
57863,-95.837224,36.007739
57862,-95.837174,36.007739
57861,-95.837125,36.007739
57860,-95.837075,36.007739
57859,-95.836851,36.007742
57928,-95.836495,36.007358
57927,-95.836495,36.007368
57926,-95.836495,36.007378
57920,-95.836325,36.007330
57921,-95.836325,36.007339
57922,-95.836325,36.007349
57923,-95.836325,36.007358
57924,-95.836325,36.007368
57925,-95.836325,36.007378
57858,-95.836037,36.007709
57857,-95.836009,36.007712
57964,-95.835535,36.007056
57963,-95.835533,36.007074
57962,-95.835531,36.007083
57961,-95.834476,36.006622
57960,-95.834416,36.006622
57959,-95.834385,36.006622
57958,-95.834355,36.006621
57957,-95.834294,36.006621
57956,-95.834264,36.006621
57955,-95.834203,36.006621
57954,-95.834143,36.006620
57950,-95.834485,36.007111
57949,-95.834574,36.007249
57948,-95.834529,36.007249
57951,-95.834258,36.007111
57947,-95.834195,36.007249
53779,-95.838176,36.008787
53780,-95.838128,36.008789
53771,-95.838182,36.008925
53770,-95.838134,36.008927
53781,-95.837965,36.009370
53782,-95.837965,36.009396
53783,-95.837965,36.009422
53784,-95.837965,36.009448
53767,-95.838201,36.009592
53768,-95.838177,36.009592
53769,-95.838153,36.009592
53785,-95.837965,36.009474
53754,-95.838197,36.009730
53753,-95.838173,36.009730
53752,-95.838149,36.009730
53751,-95.837275,36.009729
53750,-95.837236,36.009729
53749,-95.837198,36.009729
57848,-95.836505,36.008774
57849,-95.836485,36.008774
57850,-95.836466,36.008775
57851,-95.836447,36.008775
57842,-95.836489,36.008912
57841,-95.836470,36.008913
57840,-95.836451,36.008913
53748,-95.837159,36.009729
53747,-95.837121,36.009729
53786,-95.836805,36.009596
53746,-95.836811,36.009734
53787,-95.836590,36.009601
53745,-95.836590,36.009739
53788,-95.836371,36.009601
53744,-95.836371,36.009739
53731,-95.837806,36.010471
53732,-95.837701,36.010471
53640,-95.837911,36.010609
53639,-95.837806,36.010609
53638,-95.837701,36.010609
53733,-95.837596,36.010471
53637,-95.837596,36.010609
53636,-95.837541,36.010614
53734,-95.837453,36.010498
53635,-95.837522,36.010650
53735,-95.837362,36.010604
53736,-95.837344,36.010645
53737,-95.837309,36.010725
53634,-95.837370,36.010933
53738,-95.837269,36.010793
53739,-95.837220,36.010869
53629,-95.837743,36.011499
53631,-95.837766,36.011542
53632,-95.837778,36.011563
53630,-95.837755,36.011520
53582,-95.837405,36.011065
53583,-95.837380,36.011053
53584,-95.837355,36.011041
53585,-95.837330,36.011030
53633,-95.837321,36.011009
53581,-95.837320,36.011184
53580,-95.837295,36.011173
53579,-95.837270,36.011161
53578,-95.837246,36.011150
53608,-95.837290,36.011871
53609,-95.837264,36.011871
57847,-95.836335,36.010450
57846,-95.836334,36.010492
57845,-95.836333,36.010534
57844,-95.836332,36.010576
57843,-95.836331,36.010619
53743,-95.836329,36.010703
53742,-95.836328,36.010745
53741,-95.836327,36.010788
53610,-95.837066,36.011857
53611,-95.836745,36.011808
57856,-95.835955,36.008481
57855,-95.835955,36.008587
57854,-95.835955,36.008629
57853,-95.835955,36.008671
57852,-95.835955,36.008756
57839,-95.836014,36.008924
57838,-95.835995,36.008925
57837,-95.835976,36.008926
57830,-95.835785,36.008502
57831,-95.835785,36.008545
57832,-95.835785,36.008587
57833,-95.835785,36.008629
57834,-95.835785,36.008671
57835,-95.835785,36.008714
57836,-95.835785,36.008756
53789,-95.835998,36.009593
53790,-95.835982,36.009593
53791,-95.835974,36.009593
53793,-95.835976,36.009731
53792,-95.835968,36.009731
53831,-95.834919,36.008859
53830,-95.834920,36.008886
53829,-95.834920,36.008912
53828,-95.834921,36.008939
53840,-95.834753,36.008943
53838,-95.834752,36.008890
53839,-95.834752,36.008916
53832,-95.834466,36.008158
53833,-95.834452,36.008158
53834,-95.834438,36.008159
53835,-95.834184,36.008150
53827,-95.834922,36.008966
53841,-95.834754,36.008970
53826,-95.834949,36.009552
53825,-95.834951,36.009579
53824,-95.834954,36.009606
53823,-95.834957,36.009633
53842,-95.834783,36.009589
53843,-95.834786,36.009616
53844,-95.834789,36.009643
53794,-95.836159,36.010701
53795,-95.836158,36.010743
53796,-95.836157,36.010786
53612,-95.835811,36.011781
53613,-95.835783,36.011794
53614,-95.835755,36.011807
53615,-95.835727,36.011820
53802,-95.834849,36.010494
53803,-95.834817,36.010489
53804,-95.834785,36.010484
53805,-95.834735,36.010481
53806,-95.834703,36.010481
53801,-95.834760,36.010619
53800,-95.834745,36.010619
53799,-95.834713,36.010619
57116,-95.834393,36.011348
53797,-95.834307,36.011357
57952,-95.834069,36.007111
57953,-95.833994,36.007111
57941,-95.833857,36.007035
57946,-95.834069,36.007249
57945,-95.833943,36.007249
57939,-95.833855,36.006989
57940,-95.833856,36.007012
57944,-95.833707,36.007268
57943,-95.833583,36.007287
57942,-95.833486,36.007283
53836,-95.834065,36.008143
53837,-95.833947,36.008137
53852,-95.833770,36.008954
53851,-95.833939,36.008991
53850,-95.833938,36.009024
53849,-95.833937,36.009057
53848,-95.833937,36.009090
53853,-95.833769,36.008987
53854,-95.833767,36.009053
53855,-95.833767,36.009086
53847,-95.833917,36.009607
53846,-95.833916,36.009623
53845,-95.833916,36.009639
53822,-95.834104,36.009789
53821,-95.834069,36.009789
53820,-95.834035,36.009789
53819,-95.834000,36.009789
53818,-95.833965,36.009789
53817,-95.833931,36.009789
53814,-95.833749,36.009603
53815,-95.833748,36.009619
53816,-95.833748,36.009635
53807,-95.833956,36.010488
53808,-95.833738,36.010491
53798,-95.833942,36.010627
53809,-95.833373,36.010491
53607,-95.836975,36.012116
53718,-95.841615,36.011154
53717,-95.841615,36.011185
53716,-95.841615,36.011216
53715,-95.841615,36.011247
53714,-95.841600,36.011512
53713,-95.841586,36.011706
53712,-95.841565,36.011920
53722,-95.840793,36.010599
53719,-95.840735,36.010461
53721,-95.840764,36.010599
53720,-95.840735,36.010599
53723,-95.840735,36.011261
53724,-95.840701,36.011261
53725,-95.840633,36.011261
53726,-95.840600,36.011261
53654,-95.840735,36.011399
53653,-95.840667,36.011399
53652,-95.840633,36.011399
53651,-95.840600,36.011399
53650,-95.839823,36.011399
53649,-95.839789,36.011399
53648,-95.839755,36.011399
53616,-95.835178,36.011971
53617,-95.835160,36.011973
53618,-95.834732,36.011882
53597,-95.834678,36.012012
53813,-95.834209,36.011469
57117,-95.834211,36.011484
53812,-95.834171,36.011447
53811,-95.834133,36.011425
53857,-95.833176,36.010478
53810,-95.834095,36.011403
57118,-95.834077,36.011699
53856,-95.833006,36.010476
53858,-95.833006,36.010803
53859,-95.833007,36.010972
53711,-95.841476,36.012100
53710,-95.841363,36.013094
53655,-95.840750,36.012081
53656,-95.840726,36.012081
53657,-95.840702,36.012081
53658,-95.840678,36.012081
53703,-95.840750,36.012219
53702,-95.840726,36.012219
53701,-95.840702,36.012219
53700,-95.840678,36.012219
53704,-95.841192,36.013129
53705,-95.841189,36.013172
53682,-95.840672,36.013271
53683,-95.840651,36.013271
53684,-95.840630,36.013271
53685,-95.840608,36.013271
53681,-95.840693,36.013409
53680,-95.840672,36.013409
53679,-95.840651,36.013409
53678,-95.840630,36.013409
53677,-95.840608,36.013409
53659,-95.840123,36.012081
53660,-95.839908,36.012081
53695,-95.839908,36.012219
53661,-95.839856,36.012081
53694,-95.839855,36.012219
53699,-95.840095,36.013173
53698,-95.840095,36.013215
53676,-95.840121,36.013409
53696,-95.839925,36.013173
53697,-95.839925,36.013215
53686,-95.839908,36.013271
53687,-95.839871,36.013271
53675,-95.839908,36.013409
53674,-95.839871,36.013409
53662,-95.838983,36.012081
53663,-95.838932,36.012081
53664,-95.838881,36.012081
53693,-95.838960,36.012219
53692,-95.838907,36.012219
53665,-95.838615,36.012095
53666,-95.838636,36.013021
53688,-95.839075,36.013271
53689,-95.839042,36.013271
53673,-95.839075,36.013409
53672,-95.839042,36.013409
53671,-95.839009,36.013409
53691,-95.838801,36.013113
53690,-95.838799,36.013155
53667,-95.838633,36.013109
53668,-95.838631,36.013151
53669,-95.838630,36.013193
53670,-95.838628,36.013235
57115,-95.839493,36.014101
57120,-95.838287,36.014239
57119,-95.838245,36.014239
53606,-95.836841,36.012276
53605,-95.836813,36.012301
53604,-95.835864,36.012440
53603,-95.835823,36.012431
53602,-95.835766,36.012415
53601,-95.835729,36.012399
53599,-95.835140,36.012155
53600,-95.835158,36.012162
53586,-95.835651,36.013200
53577,-95.835874,36.013356
53576,-95.835743,36.013346
53587,-95.835527,36.013162
53588,-95.835404,36.013125
53574,-95.835467,36.013290
53575,-95.835591,36.013328
53573,-95.835344,36.013253
53598,-95.835122,36.012148
53590,-95.834854,36.012894
53589,-95.834877,36.012902
53591,-95.834837,36.012887
53592,-95.834820,36.012881
53572,-95.834784,36.013018
53571,-95.834767,36.013011
53570,-95.834750,36.013005
53593,-95.834392,36.012796
53594,-95.834373,36.012795
53595,-95.834354,36.012794
53596,-95.834336,36.012794
53568,-95.834344,36.012932
53567,-95.834326,36.012932
53566,-95.834307,36.012946
53569,-95.835126,36.013807
53556,-95.834077,36.012285
53557,-95.834068,36.012284
53559,-95.834049,36.012421
53558,-95.834040,36.012420
53560,-95.833941,36.013207
53561,-95.833934,36.013207
53562,-95.833928,36.013208
53565,-95.833947,36.013345
53564,-95.833940,36.013345
53563,-95.833934,36.013346
57100,-95.842662,36.015498
57099,-95.842662,36.015524
57098,-95.842662,36.015550
57097,-95.842663,36.015576
57101,-95.842491,36.015474
57102,-95.842492,36.015500
57103,-95.842492,36.015526
57104,-95.842492,36.015552
57105,-95.842493,36.015578
57096,-95.842656,36.015879
57095,-95.842657,36.016140
57106,-95.842487,36.016175
57107,-95.842489,36.016307
53709,-95.841360,36.013137
53708,-95.841357,36.013180
53707,-95.841354,36.013223
53706,-95.841339,36.013282
57114,-95.841679,36.014501
57121,-95.840455,36.015051
57122,-95.840455,36.015760
57123,-95.840455,36.015792
57113,-95.839619,36.016024
57124,-95.839537,36.015887
57125,-95.839498,36.015888
57126,-95.838808,36.015891
57127,-95.838786,36.015891
57128,-95.838763,36.015891
57130,-95.838786,36.016029
57129,-95.838763,36.016029
57111,-95.840953,36.016721
57112,-95.840880,36.016721
56515,-95.840148,36.017439
57135,-95.838781,36.016839
57134,-95.838757,36.016839
57133,-95.838733,36.016839
57132,-95.838215,36.016839
57131,-95.838191,36.016839
57072,-95.844157,36.015906
57084,-95.843749,36.015485
57083,-95.843748,36.015511
57082,-95.843748,36.015536
57081,-95.843747,36.015562
57080,-95.843747,36.015588
57085,-95.843578,36.015509
57086,-95.843578,36.015534
57087,-95.843577,36.015560
57088,-95.843577,36.015586
57079,-95.843736,36.016520
57078,-95.843735,36.016556
57077,-95.843735,36.016592
57076,-95.843735,36.016628
57089,-95.843566,36.016483
57090,-95.843566,36.016518
57091,-95.843565,36.016554
57092,-95.843565,36.016590
57075,-95.843048,36.016786
57074,-95.843026,36.016786
57073,-95.843003,36.016786
57094,-95.842659,36.016338
57093,-95.842661,36.016536
57108,-95.842490,36.016439
57109,-95.842492,36.016571
57110,-95.842805,36.016802
57067,-95.832998,36.017311
57068,-95.832998,36.017311
57069,-95.832998,36.017311
57070,-95.832998,36.017311
57071,-95.832998,36.017311
57967,-95.833205,36.002104
57966,-95.833205,36.002257
57965,-95.833205,36.002768
57829,-95.828298,36.002781
58083,-95.827079,36.002781
58082,-95.827066,36.002781
58092,-95.826798,36.002781
57828,-95.826798,36.002919
57823,-95.824991,36.002788
57827,-95.825148,36.002925
58087,-95.822076,35.999964
58088,-95.822077,36.000257
58086,-95.822077,36.000483
58089,-95.821907,36.000483
58085,-95.822080,36.001431
58084,-95.822080,36.001477
58090,-95.821910,36.001612
58091,-95.822083,36.002741
57824,-95.821898,36.002801
58099,-95.820429,35.998331
58097,-95.820602,35.999831
58096,-95.820603,36.000526
58095,-95.820604,36.001354
58094,-95.820610,36.001667
58100,-95.820434,36.001309
58093,-95.820632,36.002697
58101,-95.820464,36.002789
57825,-95.819943,36.002801
58102,-95.819935,36.002801
57826,-95.819958,36.002939
57821,-95.819806,36.002939
57822,-95.819803,36.002939
57820,-95.819786,36.002939
58104,-95.818980,36.000975
58103,-95.818977,36.001633
58110,-95.818169,36.000600
58109,-95.818173,36.000652
58125,-95.818001,36.000614
58126,-95.818005,36.000648
58108,-95.818109,36.001680
58107,-95.818104,36.001723
58127,-95.817936,36.001713
58106,-95.818094,36.002744
58105,-95.818095,36.002787
58128,-95.817924,36.002746
58129,-95.817925,36.002789
58098,-95.820597,35.997166
58118,-95.818558,35.997084
58117,-95.818554,35.997108
58116,-95.818550,35.997132
58119,-95.818381,35.997120
58115,-95.818272,35.997671
58114,-95.818151,35.997858
58120,-95.818029,35.997752
58113,-95.818095,35.997948
58121,-95.817975,35.997837
58122,-95.817918,35.997932
58112,-95.817952,35.999541
58111,-95.817960,35.999584
58124,-95.817794,35.999606
58123,-95.817786,35.999563
54179,-95.818786,36.006816
54180,-95.818770,36.006816
54181,-95.818755,36.006816
54178,-95.819335,36.007289
54177,-95.819335,36.007308
54176,-95.819335,36.007328
54175,-95.819335,36.007502
54174,-95.819335,36.007564
54173,-95.819335,36.007627
54172,-95.819335,36.007690
54171,-95.819335,36.007753
54170,-95.819335,36.007816
54169,-95.819335,36.007879
54154,-95.819165,36.007308
54155,-95.819165,36.007328
54156,-95.819165,36.007502
54157,-95.819165,36.007562
54158,-95.819165,36.007623
54159,-95.819165,36.007683
54160,-95.819165,36.007744
54161,-95.819165,36.007804
54162,-95.819165,36.007865
54163,-95.819165,36.007925
54182,-95.818740,36.006816
54183,-95.818422,36.006812
54184,-95.818055,36.006811
54185,-95.817731,36.006811
54168,-95.819335,36.007942
54167,-95.819335,36.009336
54166,-95.819335,36.009400
54164,-95.819165,36.009016
54165,-95.819165,36.009076
54153,-95.818417,36.008191
54152,-95.818417,36.008270
54151,-95.818418,36.008350
54150,-95.818419,36.008429
54186,-95.818247,36.008272
54187,-95.818248,36.008352
54188,-95.818249,36.008431
54149,-95.818420,36.008509
54148,-95.818420,36.008588
54147,-95.818421,36.008667
54189,-95.818250,36.008511
54190,-95.818250,36.008590
54191,-95.818251,36.008669
54146,-95.818422,36.008747
54145,-95.818423,36.008826
54144,-95.818424,36.008906
54192,-95.818252,36.008749
54193,-95.818253,36.008828
54133,-95.818509,36.009804
54134,-95.818428,36.009665
54135,-95.818396,36.009665
54136,-95.818364,36.009665
54132,-95.818443,36.009803
54131,-95.818411,36.009803
54130,-95.818378,36.009803
54129,-95.818345,36.009803
53961,-95.819432,36.010491
53962,-95.819333,36.010491
53925,-95.819319,36.010985
53963,-95.819128,36.010491
53964,-95.818844,36.010491
53926,-95.819149,36.010987
53924,-95.819320,36.011010
53923,-95.819320,36.011036
53922,-95.819320,36.011061
53927,-95.819150,36.011012
53965,-95.818560,36.010491
53966,-95.818276,36.010491
53967,-95.817972,36.010538
53960,-95.817781,36.010753
53959,-95.817736,36.010782
53921,-95.818083,36.011800
53920,-95.818082,36.011868
53919,-95.818081,36.011937
53918,-95.818080,36.012005
53928,-95.817913,36.011798
53929,-95.817912,36.011866
53930,-95.817911,36.011935
53931,-95.817910,36.012003
54207,-95.816935,36.007903
54208,-95.816765,36.007903
54194,-95.817688,36.008921
54195,-95.817661,36.008921
54196,-95.817634,36.008921
54197,-95.817418,36.008921
54202,-95.816984,36.008142
54203,-95.816971,36.008142
54201,-95.816980,36.008280
54200,-95.816967,36.008280
54206,-95.816935,36.008003
54205,-95.816935,36.008053
54204,-95.816959,36.008142
54209,-95.816765,36.007953
54210,-95.816765,36.008003
54211,-95.816765,36.008053
54212,-95.816765,36.008103
54199,-95.816955,36.008280
54213,-95.816767,36.008293
54198,-95.816971,36.008921
54214,-95.816772,36.008498
54215,-95.816777,36.008703
54216,-95.816782,36.008908
54143,-95.817707,36.009059
54142,-95.817678,36.009059
54141,-95.817649,36.009059
54140,-95.817621,36.009059
54219,-95.817328,36.009059
54137,-95.817692,36.009661
54138,-95.817660,36.009661
54139,-95.817628,36.009661
54128,-95.817691,36.009799
54127,-95.817659,36.009799
54126,-95.817626,36.009799
54220,-95.817407,36.009662
54221,-95.817355,36.009662
54125,-95.817409,36.009800
54124,-95.817359,36.009800
54123,-95.817309,36.009801
54218,-95.817149,36.009059
54217,-95.816971,36.009059
54235,-95.816028,36.007983
54234,-95.816028,36.008029
54233,-95.816028,36.008076
54232,-95.816029,36.008122
54231,-95.816029,36.008168
54230,-95.816029,36.008214
54229,-95.816029,36.008260
54228,-95.816029,36.008306
54227,-95.816030,36.008352
54236,-95.815860,36.008477
54237,-95.815861,36.008558
54238,-95.815861,36.008639
54239,-95.815861,36.008720
54240,-95.815862,36.008801
54241,-95.815862,36.008882
54122,-95.816270,36.009814
54121,-95.816220,36.009815
54226,-95.816033,36.009183
54225,-95.816037,36.009370
54224,-95.816039,36.009419
54242,-95.815863,36.009044
54243,-95.815863,36.009125
54244,-95.815864,36.009207
54222,-95.816172,36.009677
54223,-95.816121,36.009678
54120,-95.816171,36.009815
54119,-95.816121,36.009816
54118,-95.816072,36.009817
54116,-95.815879,36.009620
54117,-95.815880,36.009632
53968,-95.817692,36.010636
53958,-95.817684,36.010820
53957,-95.817632,36.010858
53956,-95.817581,36.010896
53970,-95.817425,36.010783
53971,-95.817413,36.010773
53969,-95.817438,36.010793
53972,-95.817401,36.010763
53974,-95.817305,36.010879
53973,-95.817293,36.010869
53975,-95.817318,36.010889
53917,-95.818079,36.012073
53865,-95.822140,36.015457
53867,-95.822018,36.015361
53868,-95.821351,36.016114
53894,-95.819129,36.012919
53895,-95.819091,36.012929
53896,-95.819073,36.012936
53897,-95.819055,36.012944
53892,-95.819308,36.014050
53893,-95.819149,36.013058
53916,-95.818078,36.012142
53915,-95.818076,36.012279
53932,-95.817909,36.012071
53933,-95.817908,36.012140
53934,-95.817907,36.012208
53935,-95.817906,36.012277
53898,-95.818686,36.013174
54000,-95.818519,36.013469
53899,-95.818334,36.013395
53999,-95.818223,36.013564
53900,-95.817883,36.013443
53998,-95.817902,36.013583
53891,-95.819314,36.014101
53890,-95.819314,36.014142
53889,-95.819314,36.014183
53888,-95.819314,36.014224
53887,-95.819311,36.015088
54001,-95.819144,36.014183
54002,-95.819144,36.014224
54003,-95.819141,36.015088
53886,-95.819311,36.015129
53885,-95.819311,36.015170
53866,-95.819311,36.015211
53884,-95.819311,36.015211
53883,-95.819311,36.015252
53882,-95.819308,36.016115
54004,-95.819141,36.015129
54005,-95.819141,36.015170
54006,-95.819141,36.015211
54007,-95.819141,36.015252
54008,-95.819138,36.016115
54031,-95.818198,36.014481
54032,-95.818139,36.014517
54038,-95.818108,36.014365
54037,-95.818077,36.014380
54036,-95.818031,36.014409
54035,-95.818007,36.014430
54033,-95.818073,36.014576
54042,-95.817983,36.014452
54041,-95.817959,36.014473
54040,-95.817935,36.014495
54039,-95.817911,36.014516
54046,-95.817887,36.014538
54045,-95.817863,36.014559
54044,-95.817839,36.014581
54034,-95.818007,36.014635
54027,-95.817941,36.014695
54030,-95.817956,36.014734
54026,-95.817967,36.014743
54025,-95.817961,36.014738
54029,-95.817950,36.014729
54028,-95.817940,36.014721
54043,-95.817815,36.014603
54112,-95.817843,36.014835
54114,-95.817835,36.014829
54115,-95.817831,36.014826
54113,-95.817839,36.014832
54024,-95.818164,36.015694
54023,-95.818165,36.015739
54022,-95.818166,36.015784
54021,-95.818167,36.015829
54020,-95.818168,36.015874
54019,-95.818168,36.015918
54018,-95.818169,36.015963
54017,-95.818170,36.016008
53863,-95.821497,36.016257
53869,-95.821329,36.016249
53870,-95.821325,36.016309
53864,-95.821320,36.016370
53862,-95.821479,36.016499
53871,-95.820844,36.016726
53872,-95.820823,36.016726
53873,-95.820382,36.016731
53881,-95.819308,36.016156
53880,-95.819308,36.016239
53879,-95.819308,36.016280
54009,-95.819138,36.016156
54010,-95.819138,36.016198
54011,-95.819138,36.016239
54012,-95.819138,36.016280
53904,-95.817662,36.013045
53936,-95.817495,36.012986
53937,-95.817459,36.013017
53938,-95.817423,36.013047
53903,-95.817624,36.013077
53902,-95.817586,36.013109
53901,-95.817548,36.013141
53997,-95.817594,36.013468
53939,-95.817387,36.013077
53996,-95.817377,36.013305
53995,-95.817337,36.013304
53940,-95.817227,36.013200
53994,-95.817118,36.013432
53941,-95.816995,36.013325
53993,-95.816871,36.013501
54050,-95.817300,36.014332
54049,-95.817287,36.014326
54048,-95.817274,36.014320
54047,-95.817261,36.014314
54054,-95.817037,36.014274
54053,-95.816972,36.014264
54102,-95.817203,36.014443
54109,-95.817033,36.014441
54108,-95.817032,36.014452
54107,-95.817032,36.014464
54106,-95.817032,36.014476
54111,-95.817032,36.014500
54103,-95.817200,36.014604
54104,-95.817198,36.014766
53955,-95.817075,36.012226
53954,-95.817046,36.012334
53953,-95.816992,36.012431
53952,-95.816909,36.012529
53976,-95.816799,36.012425
53977,-95.816712,36.012487
53951,-95.816822,36.012591
53950,-95.816717,36.012655
53942,-95.816729,36.013382
53978,-95.816635,36.012535
53949,-95.816585,36.012694
53979,-95.816553,36.012560
53980,-95.816452,36.012572
53948,-95.816460,36.012710
53981,-95.816337,36.012577
53947,-95.816345,36.012715
53982,-95.816222,36.012582
53946,-95.816230,36.012720
53983,-95.816107,36.012587
53945,-95.816115,36.012725
53992,-95.816615,36.013525
53991,-95.816370,36.013535
53944,-95.816102,36.013369
53943,-95.816117,36.013407
53990,-95.816125,36.013545
53986,-95.815932,36.013317
53987,-95.815932,36.013344
53988,-95.815932,36.013371
53989,-95.815933,36.013398
54110,-95.817031,36.014523
54052,-95.816893,36.014261
54051,-95.816829,36.014261
54058,-95.816764,36.014261
54105,-95.817196,36.014928
54057,-95.816700,36.014261
54056,-95.816635,36.014261
54055,-95.816571,36.014261
54101,-95.816557,36.014411
54100,-95.816559,36.014500
54099,-95.816561,36.014589
54086,-95.816387,36.014413
54087,-95.816387,36.014431
54088,-95.816387,36.014450
54089,-95.816388,36.014469
54090,-95.816388,36.014488
54091,-95.816389,36.014507
54092,-95.816389,36.014526
54093,-95.816390,36.014545
54098,-95.816563,36.014678
54094,-95.816565,36.014768
54095,-95.816567,36.014857
54096,-95.816569,36.014946
54097,-95.816572,36.015036
54062,-95.815988,36.014267
54061,-95.815978,36.014268
54060,-95.815968,36.014268
54059,-95.815958,36.014268
54065,-95.815948,36.014268
54064,-95.815928,36.014268
54063,-95.815919,36.014269
54069,-95.815719,36.014271
54081,-95.815905,36.014422
54080,-95.815905,36.014512
54070,-95.815735,36.014422
54071,-95.815735,36.014512
54079,-95.815905,36.014603
54078,-95.815905,36.014694
54085,-95.815905,36.014784
54072,-95.815735,36.014603
50476,-95.815365,36.012365
50475,-95.815365,36.012405
53984,-95.815403,36.012582
53985,-95.815382,36.012582
54068,-95.815611,36.014271
54067,-95.815521,36.014265
54066,-95.815416,36.014248
54073,-95.815735,36.014694
54074,-95.815735,36.014784
54084,-95.815905,36.014875
54083,-95.815905,36.014966
54082,-95.815905,36.015057
54075,-95.815735,36.014875
54076,-95.815735,36.014966
54077,-95.815735,36.015057
53860,-95.823669,36.017147
53878,-95.819305,36.017143
53877,-95.819305,36.017184
53876,-95.819305,36.017225
54013,-95.819135,36.017184
58078,-95.846636,35.988417
58077,-95.846470,35.988416
58076,-95.845173,35.988410
58069,-95.841978,35.988399
58075,-95.841995,35.989665
58070,-95.841995,35.989858
58071,-95.841995,35.990982
58068,-95.839681,35.988399
58067,-95.839414,35.988399
58074,-95.842065,35.993024
58072,-95.841895,35.992959
58073,-95.841895,35.993252
57976,-95.836740,35.992069
57975,-95.835871,35.992071
55955,-95.832717,35.988269
57973,-95.833869,35.992076
57972,-95.833851,35.992076
57974,-95.833833,35.992076
57971,-95.833209,35.993672
55949,-95.850868,35.986272
55953,-95.848723,35.985743
55951,-95.848927,35.986875
55954,-95.848929,35.986921
55952,-95.848296,35.984651
55950,-95.848203,35.984651
58079,-95.849583,35.988419
55948,-95.851010,35.983442
55947,-95.851014,35.983840
55946,-95.851019,35.984238
55956,-95.831475,35.988267
57970,-95.833207,35.994326
57969,-95.833207,35.994490
57968,-95.833205,35.996943
55957,-95.822053,35.987985
56512,-95.815171,35.985379
56513,-95.815174,35.986448
56514,-95.815334,35.988207
56507,-95.815161,35.982115
56506,-95.815162,35.982318
56508,-95.815163,35.982433
56510,-95.815167,35.983357
56511,-95.815167,35.983588
56509,-95.815153,35.980875
57983,-95.833141,35.980043
57982,-95.833137,35.980122
57984,-95.832980,35.979870
57980,-95.833151,35.982723
57979,-95.833151,35.982789
57981,-95.832976,35.981337
57977,-95.832995,35.984547
57978,-95.833037,35.986222
56136,-95.840358,35.977718
56137,-95.840359,35.977983
56139,-95.840361,35.978249
56141,-95.840362,35.978514
56124,-95.839060,35.975672
56121,-95.839230,35.975859
56122,-95.839062,35.975859
56119,-95.839230,35.976014
56120,-95.839063,35.976045
56117,-95.839232,35.976201
56118,-95.839064,35.976201
56135,-95.840190,35.977762
56138,-95.840191,35.978027
56114,-95.839247,35.977556
56113,-95.839250,35.977781
56110,-95.839253,35.978051
56140,-95.840193,35.978293
56142,-95.840194,35.978514
56144,-95.840195,35.978779
56143,-95.840222,35.979100
56106,-95.839870,35.979098
56108,-95.839256,35.978276
56107,-95.839259,35.978501
56116,-95.839076,35.977288
56115,-95.839079,35.977558
56112,-95.839082,35.977828
56111,-95.839085,35.978053
56109,-95.839089,35.978323
56105,-95.839091,35.978548
56104,-95.839095,35.978892
55980,-95.838742,35.978803
56103,-95.838662,35.978949
58028,-95.836955,35.974794
58027,-95.836958,35.974864
58026,-95.836960,35.974934
58025,-95.836964,35.975142
58029,-95.836787,35.974779
58030,-95.836789,35.974846
58031,-95.836791,35.974913
58032,-95.836636,35.975126
58033,-95.836535,35.975125
58036,-95.835767,35.974714
58035,-95.835769,35.974819
58034,-95.835771,35.974924
58037,-95.835600,35.974737
58038,-95.835601,35.974821
58039,-95.835603,35.974947
58040,-95.835482,35.975119
58041,-95.835303,35.974982
58042,-95.835305,35.975120
58043,-95.835126,35.974983
58044,-95.835128,35.975121
58045,-95.834948,35.974984
55961,-95.838094,35.975660
55960,-95.837926,35.975662
55963,-95.838096,35.975844
55964,-95.838100,35.976121
55967,-95.838101,35.976182
55962,-95.837928,35.975846
55965,-95.837931,35.976030
55966,-95.837933,35.976215
55968,-95.838104,35.977031
55969,-95.838104,35.977099
55970,-95.837936,35.977099
55971,-95.837759,35.977185
58024,-95.836964,35.975807
58021,-95.836964,35.975888
58020,-95.836964,35.976102
58023,-95.836796,35.975790
58022,-95.836796,35.975872
58057,-95.836419,35.976089
58058,-95.836359,35.975951
58018,-95.836943,35.976800
58017,-95.836934,35.976851
58019,-95.836772,35.976806
58059,-95.836606,35.976934
58060,-95.836453,35.976921
58016,-95.836608,35.977074
58015,-95.836481,35.977059
58014,-95.836424,35.977059
58061,-95.836311,35.976921
58062,-95.836169,35.976921
58013,-95.836197,35.977059
55972,-95.837718,35.977324
55973,-95.838115,35.978227
55974,-95.837946,35.978170
55975,-95.838116,35.978347
55977,-95.838118,35.978467
55976,-95.837949,35.978379
55978,-95.837951,35.978558
55979,-95.837952,35.978708
57993,-95.836335,35.978311
57994,-95.836292,35.978311
57992,-95.836356,35.978449
57991,-95.836313,35.978449
57995,-95.836206,35.978311
57990,-95.836206,35.978449
58055,-95.836061,35.975951
58056,-95.836120,35.976089
58053,-95.835822,35.976089
58054,-95.835762,35.975951
58052,-95.835463,35.975951
58051,-95.835165,35.975951
58050,-95.835224,35.976089
58063,-95.836055,35.976921
58064,-95.835914,35.976921
58012,-95.836084,35.977059
58011,-95.835942,35.977059
58010,-95.835800,35.977059
58049,-95.834926,35.976089
58006,-95.834866,35.975951
58065,-95.834949,35.976921
57989,-95.835907,35.978449
57996,-95.835287,35.978311
57997,-95.835137,35.978311
57988,-95.835137,35.978449
57998,-95.834217,35.978311
57987,-95.834217,35.978449
58047,-95.833637,35.974991
58048,-95.833584,35.974991
58005,-95.833666,35.975661
58046,-95.833834,35.975790
58004,-95.833666,35.975790
58007,-95.833666,35.975937
58008,-95.833680,35.976743
58009,-95.833681,35.976809
58066,-95.833625,35.976921
58001,-95.833615,35.977059
58003,-95.832960,35.976297
58002,-95.832962,35.976548
57986,-95.834067,35.978449
58000,-95.832995,35.978022
57999,-95.833003,35.978299
57985,-95.833006,35.978975
56097,-95.839866,35.980375
56098,-95.839805,35.980292
55991,-95.839635,35.980611
55990,-95.839605,35.980749
55989,-95.839439,35.980612
55988,-95.839408,35.980751
55987,-95.839275,35.980613
55986,-95.839244,35.980751
56100,-95.838996,35.979741
56102,-95.838873,35.979744
56099,-95.839107,35.979908
56101,-95.839010,35.979880
55982,-95.837956,35.979608
55981,-95.837956,35.979687
55983,-95.837957,35.979873
55984,-95.837970,35.980461
55985,-95.837951,35.980753
56024,-95.844505,35.977758
56015,-95.844387,35.978114
56074,-95.843931,35.977151
56077,-95.842849,35.976681
56076,-95.842847,35.976703
56075,-95.842844,35.976726
56081,-95.842831,35.976904
56078,-95.842679,35.976691
56079,-95.842676,35.976714
56080,-95.842517,35.976890
56023,-95.844347,35.977861
56082,-95.843034,35.978100
56083,-95.842866,35.978249
56085,-95.843034,35.978498
56084,-95.842866,35.978498
56086,-95.842866,35.978746
56087,-95.843033,35.978800
56089,-95.842980,35.979113
56088,-95.842844,35.979017
56166,-95.841462,35.975719
56167,-95.841294,35.975681
56165,-95.841296,35.975918
56164,-95.841465,35.975995
56163,-95.841468,35.976272
56162,-95.841301,35.976353
56161,-95.841470,35.976509
56160,-95.841303,35.976590
56126,-95.840344,35.975656
56127,-95.840346,35.975844
56129,-95.840349,35.976032
56132,-95.840351,35.976189
56134,-95.840354,35.976727
56158,-95.841478,35.977510
56159,-95.841310,35.977564
56157,-95.841480,35.977890
56155,-95.841483,35.978217
56156,-95.841314,35.978162
56154,-95.841316,35.978434
56152,-95.841488,35.978924
56153,-95.841319,35.978761
56150,-95.841490,35.979250
56151,-95.841321,35.979033
56125,-95.840176,35.975690
56128,-95.840179,35.975878
56130,-95.840181,35.976034
56131,-95.840185,35.976348
56133,-95.840186,35.976737
56123,-95.839228,35.975672
56016,-95.845374,35.979418
56011,-95.845374,35.979518
56014,-95.845206,35.979408
56013,-95.845206,35.979467
56010,-95.845347,35.979632
56008,-95.845325,35.979709
56012,-95.845203,35.979528
56009,-95.845149,35.979719
56007,-95.845302,35.979777
56006,-95.845262,35.979846
56004,-95.844770,35.980176
56005,-95.844710,35.980048
56003,-95.844527,35.980249
56002,-95.844346,35.980158
55999,-95.843926,35.980211
55998,-95.843473,35.980227
56001,-95.844262,35.980315
56000,-95.844069,35.980335
55997,-95.843367,35.980374
56090,-95.842882,35.979305
56092,-95.842629,35.979561
56091,-95.842507,35.979467
56093,-95.842887,35.980321
55996,-95.842925,35.980455
55994,-95.843638,35.982043
56148,-95.841323,35.979359
56149,-95.841195,35.979725
56147,-95.840972,35.979720
56145,-95.840786,35.979574
56146,-95.840799,35.979712
56094,-95.840927,35.980608
55995,-95.840935,35.980746
56095,-95.840675,35.980611
56096,-95.840632,35.980611
55993,-95.840341,35.980749
55992,-95.840290,35.980749
56169,-95.841286,35.974194
56168,-95.841454,35.974486
56170,-95.841286,35.974544
56171,-95.840852,35.974661
56172,-95.840125,35.974662
56173,-95.839783,35.974668
56174,-95.838942,35.974681
56175,-95.838808,35.974681
55958,-95.837913,35.974533
55959,-95.837914,35.974608
55943,-95.841204,35.973781
55942,-95.840990,35.973919
55939,-95.840841,35.973919
56032,-95.848466,35.976699
56067,-95.848214,35.976555
56030,-95.848254,35.976696
56029,-95.847990,35.976672
56063,-95.846966,35.975837
56064,-95.846966,35.975992
56065,-95.846966,35.976146
56066,-95.846954,35.976284
56028,-95.846701,35.976527
56027,-95.846401,35.976519
56068,-95.846093,35.976384
56026,-95.846034,35.976523
56069,-95.845788,35.976387
56070,-95.845543,35.976390
56025,-95.845606,35.976527
56071,-95.845296,35.976396
56072,-95.845174,35.976400
56073,-95.845041,35.976419
56019,-95.846106,35.977851
56020,-95.845936,35.977851
56018,-95.846106,35.977989
56017,-95.845936,35.977989
56021,-95.845800,35.977851
56022,-95.845626,35.977854
56050,-95.849538,35.974721
56051,-95.849389,35.974721
56052,-95.849389,35.974859
56053,-95.849090,35.974722
56054,-95.849090,35.974860
56055,-95.848841,35.974723
56056,-95.848841,35.974861
56057,-95.848593,35.974724
56058,-95.848593,35.974862
56059,-95.848344,35.974863
56060,-95.847134,35.974618
56061,-95.846966,35.974585
56062,-95.846966,35.974667
56049,-95.849777,35.975589
56048,-95.849778,35.975760
56047,-95.849779,35.975931
56045,-95.849780,35.976068
56046,-95.849612,35.976000
56040,-95.850438,35.976699
56039,-95.850368,35.976699
56043,-95.849781,35.976239
56042,-95.849782,35.976410
56044,-95.849613,35.976239
56041,-95.849614,35.976410
56038,-95.849444,35.976699
56037,-95.849238,35.976699
56036,-95.848981,35.976699
56035,-95.848929,35.976561
56034,-95.848723,35.976699
56033,-95.848672,35.976561
56031,-95.848414,35.976561
55944,-95.850932,35.975618
56502,-95.815256,35.975613
56504,-95.815255,35.976021
56505,-95.815273,35.977381
56503,-95.815276,35.977563
57631,-95.824529,35.975705
57639,-95.830398,35.975357
57642,-95.828565,35.974892
57625,-95.828409,35.975147
57638,-95.828877,35.975212
57641,-95.828580,35.975195
57636,-95.828601,35.975349
57626,-95.828412,35.975360
57637,-95.828390,35.975552
57635,-95.828420,35.975688
57628,-95.828249,35.975712
57627,-95.827785,35.975729
57634,-95.827744,35.975729
57633,-95.827236,35.975729
57629,-95.827196,35.975729
57630,-95.826629,35.975729
57632,-95.826543,35.975729
57640,-95.830573,35.975357
56188,-95.845920,35.973729
55941,-95.839988,35.973781
55940,-95.839946,35.973781
55937,-95.839071,35.973919
55938,-95.838879,35.973781
56500,-95.832926,35.973777
57652,-95.833965,35.973791
57651,-95.834570,35.973791
57650,-95.835568,35.973791
57649,-95.836371,35.973786
57648,-95.836229,35.973787
57647,-95.837226,35.973781
56176,-95.837873,35.973781
56177,-95.837524,35.973648
57644,-95.832093,35.973929
57653,-95.831458,35.973791
57646,-95.831422,35.973929
57645,-95.830308,35.973924
57654,-95.830135,35.973785
57643,-95.828570,35.973919
57624,-95.827051,35.973915
57623,-95.826698,35.973914
57622,-95.826221,35.973913
57621,-95.826138,35.973913
57620,-95.825641,35.973912
57619,-95.825143,35.973910
57618,-95.825019,35.973910
57613,-95.819069,35.973929
57612,-95.818007,35.974527
57610,-95.817803,35.974754
57609,-95.817863,35.975119
57611,-95.817861,35.975144
56456,-95.841036,35.964352
56455,-95.841211,35.964565
56454,-95.841259,35.964705
56457,-95.840548,35.964029
56453,-95.841264,35.964955
56443,-95.841226,35.965264
56442,-95.841200,35.965518
56444,-95.840755,35.965016
56452,-95.840747,35.965154
56451,-95.840624,35.965149
56445,-95.840453,35.964996
56450,-95.840497,35.965137
56441,-95.840812,35.966072
56439,-95.840693,35.966095
56440,-95.840397,35.965974
56437,-95.840496,35.966110
56435,-95.840401,35.966112
56460,-95.839821,35.963837
56461,-95.839441,35.963748
56464,-95.839361,35.963872
56458,-95.839859,35.963991
56459,-95.839771,35.963969
56446,-95.839852,35.964914
56462,-95.839579,35.963923
56447,-95.839556,35.964869
56448,-95.839258,35.964808
56465,-95.838982,35.963640
56463,-95.839212,35.963694
56466,-95.839186,35.963831
56449,-95.840186,35.965104
56438,-95.839924,35.965985
56436,-95.839458,35.965981
56434,-95.838626,35.965899
56433,-95.838429,35.965866
56363,-95.839030,35.966962
56432,-95.838327,35.965988
56431,-95.838324,35.965987
56380,-95.839716,35.968249
56381,-95.839517,35.968200
56383,-95.839375,35.968069
56382,-95.839415,35.968137
56364,-95.839248,35.968166
56467,-95.837989,35.963635
56468,-95.837858,35.963821
56426,-95.837772,35.963959
56427,-95.837898,35.964520
56428,-95.837898,35.964820
56469,-95.836291,35.963800
56430,-95.838054,35.965648
56429,-95.837895,35.965698
56399,-95.838190,35.965963
56424,-95.836666,35.965067
56425,-95.836665,35.965094
56393,-95.836500,35.965011
56423,-95.836645,35.965213
56394,-95.836427,35.965208
56422,-95.836161,35.965108
56384,-95.836612,35.966791
56392,-95.835987,35.963852
56470,-95.835756,35.963646
56391,-95.835726,35.963782
56471,-95.835522,35.963616
56417,-95.835026,35.964794
56416,-95.835000,35.964790
56420,-95.834922,35.964917
56421,-95.834896,35.964914
56419,-95.834870,35.964912
56395,-95.836145,35.965976
56397,-95.836058,35.966050
56396,-95.835928,35.965961
56398,-95.835914,35.965973
56400,-95.835662,35.966043
56346,-95.836064,35.966937
56403,-95.835617,35.966050
56418,-95.834994,35.964928
56401,-95.834634,35.966173
56404,-95.834617,35.966035
56406,-95.834596,35.966035
56402,-95.834613,35.966173
56405,-95.834592,35.966173
56408,-95.834572,35.966172
56362,-95.838063,35.967539
56361,-95.838058,35.967686
56360,-95.838058,35.967703
56359,-95.838057,35.967719
56355,-95.837894,35.967551
56356,-95.837889,35.967715
56357,-95.837889,35.967732
56358,-95.837888,35.967748
56354,-95.836940,35.967707
56353,-95.836939,35.967724
56352,-95.836937,35.967742
56351,-95.836935,35.967760
56347,-95.836776,35.967525
56348,-95.836771,35.967714
56349,-95.836766,35.967767
56350,-95.836764,35.967785
56345,-95.835802,35.967694
56344,-95.835787,35.967780
56342,-95.835786,35.967807
56343,-95.835784,35.967794
56385,-95.835300,35.967127
56341,-95.835616,35.967804
56386,-95.834434,35.967159
56387,-95.834400,35.967158
56388,-95.834367,35.967158
56415,-95.833728,35.965948
56413,-95.833727,35.965969
56407,-95.833726,35.965989
56414,-95.833559,35.965965
56412,-95.833558,35.965985
56411,-95.833558,35.966006
56340,-95.834704,35.967781
56339,-95.834704,35.967804
56335,-95.834536,35.967781
56336,-95.834536,35.967804
56489,-95.832796,35.963582
56490,-95.832796,35.963677
56492,-95.832211,35.964691
56409,-95.833527,35.966159
56410,-95.833494,35.966159
56496,-95.832812,35.965742
56497,-95.832813,35.965795
56498,-95.832815,35.966007
56493,-95.831660,35.964829
56491,-95.831058,35.964829
56334,-95.833680,35.967786
56333,-95.833681,35.967811
56332,-95.833681,35.967835
56389,-95.833457,35.967152
56390,-95.833438,35.967152
56330,-95.833512,35.967788
56331,-95.833513,35.967837
56329,-95.833015,35.968172
56495,-95.828853,35.964829
56494,-95.828076,35.964691
56366,-95.839594,35.968372
56365,-95.839514,35.968349
56379,-95.839947,35.969114
56378,-95.839944,35.969231
56368,-95.839775,35.969276
56377,-95.839942,35.969325
56376,-95.839939,35.969442
56369,-95.839770,35.969463
56375,-95.839757,35.969716
56374,-95.839745,35.969716
56370,-95.839663,35.969586
56371,-95.839619,35.969589
56373,-95.839690,35.969721
56372,-95.839646,35.969725
56264,-95.839567,35.972150
56181,-95.839609,35.972288
56180,-95.839379,35.972289
56310,-95.837836,35.968782
56311,-95.837793,35.968782
56312,-95.837771,35.968783
56313,-95.837750,35.968783
56309,-95.837795,35.968920
56308,-95.837773,35.968921
56307,-95.837752,35.968921
56314,-95.837017,35.968789
56316,-95.836949,35.968789
56315,-95.836949,35.968927
56317,-95.836882,35.968789
56319,-95.836815,35.968789
56320,-95.836815,35.968927
56318,-95.836781,35.968927
56304,-95.837302,35.969564
56303,-95.837296,35.969591
56306,-95.837136,35.969512
56305,-95.837136,35.969542
56302,-95.836983,35.969808
56300,-95.836920,35.969670
56301,-95.836918,35.969808
56299,-95.836886,35.969808
56321,-95.835269,35.968785
56322,-95.835269,35.968923
56323,-95.835202,35.968784
56324,-95.835202,35.968922
56338,-95.834704,35.967828
56337,-95.834704,35.967840
56325,-95.835135,35.968784
56326,-95.835000,35.968922
56296,-95.835303,35.969659
56294,-95.835238,35.969659
56292,-95.835173,35.969658
56298,-95.835333,35.969798
56297,-95.835301,35.969797
56295,-95.835204,35.969797
56293,-95.835042,35.969796
56282,-95.835118,35.970748
56281,-95.835076,35.970747
56283,-95.834950,35.970609
56280,-95.834909,35.970747
56284,-95.834867,35.970608
56285,-95.834658,35.970607
56279,-95.834700,35.970746
56278,-95.834533,35.970745
56286,-95.834491,35.970607
56287,-95.834324,35.970606
56277,-95.834366,35.970744
56288,-95.834198,35.970605
56276,-95.834240,35.970744
56327,-95.833554,35.968781
56328,-95.833532,35.968781
56290,-95.833554,35.968919
56291,-95.833615,35.969521
56289,-95.833045,35.970151
56499,-95.832878,35.970269
56266,-95.838146,35.972157
56265,-95.838042,35.972157
56268,-95.837252,35.972297
56267,-95.836804,35.972157
56179,-95.837524,35.973262
56178,-95.837356,35.973232
56271,-95.835972,35.972291
56269,-95.835844,35.972153
56270,-95.835737,35.972152
56272,-95.835139,35.972150
56273,-95.835011,35.972149
56274,-95.834051,35.972145
56275,-95.833923,35.972144
56221,-95.843971,35.970953
56222,-95.843945,35.970933
56223,-95.843818,35.971026
56255,-95.841847,35.968835
56367,-95.840745,35.968399
56254,-95.841851,35.969231
56256,-95.841688,35.969670
56257,-95.841688,35.969708
56258,-95.841689,35.969782
56259,-95.841690,35.969857
56260,-95.841692,35.970043
56253,-95.841867,35.970642
56252,-95.841868,35.970766
56251,-95.841871,35.971013
56261,-95.841693,35.970117
56235,-95.843805,35.972294
56224,-95.843613,35.972259
56225,-95.843634,35.972312
56226,-95.843656,35.972364
56227,-95.843678,35.972417
56250,-95.841875,35.971384
56249,-95.841881,35.971879
56248,-95.841886,35.972410
56247,-95.841893,35.973008
56262,-95.841572,35.972141
56184,-95.841726,35.973100
56183,-95.840549,35.972284
56263,-95.840507,35.972146
56182,-95.840444,35.972284
56185,-95.841728,35.973249
56186,-95.841729,35.973399
56187,-95.841731,35.973548
56476,-95.850911,35.969481
56475,-95.850742,35.969339
56209,-95.850611,35.970795
56210,-95.850578,35.970793
56474,-95.849633,35.966700
56211,-95.849208,35.970781
56208,-95.848998,35.970919
56212,-95.848788,35.970781
56207,-95.848579,35.970919
56213,-95.848369,35.970781
56214,-95.847925,35.970840
56215,-95.847537,35.970988
56477,-95.850916,35.972040
56201,-95.849787,35.971383
56202,-95.849786,35.971418
56203,-95.849784,35.971454
56204,-95.849787,35.971479
56205,-95.849560,35.971821
56200,-95.849560,35.971959
56206,-95.849461,35.971821
56199,-95.849362,35.971959
56198,-95.849264,35.971959
56197,-95.847633,35.971102
56243,-95.846638,35.971978
56244,-95.846620,35.972006
56245,-95.846602,35.972035
56194,-95.847174,35.972371
56193,-95.847221,35.972421
56195,-95.847142,35.972345
56196,-95.847110,35.972318
56192,-95.847065,35.972473
56191,-95.847054,35.972467
56190,-95.847022,35.972441
56189,-95.846653,35.972245
56472,-95.845279,35.966523
56217,-95.846033,35.970514
56216,-95.846165,35.970804
56218,-95.845999,35.970776
56236,-95.845274,35.970914
56219,-95.845065,35.970773
56220,-95.844344,35.970824
56242,-95.845543,35.971290
56241,-95.845534,35.971323
56237,-95.845379,35.971258
56240,-95.845524,35.971357
56246,-95.846396,35.972334
56233,-95.845433,35.972842
56232,-95.845506,35.972968
56231,-95.845418,35.972982
56238,-95.845370,35.971291
56239,-95.845360,35.971325
56234,-95.845358,35.972850
56230,-95.845343,35.972991
56229,-95.845258,35.972999
56228,-95.845183,35.973000
56478,-95.850902,35.968002
56473,-95.850447,35.966708
57743,-95.828028,35.970649
57744,-95.827895,35.970734
57761,-95.826977,35.970439
57762,-95.826082,35.970591
57759,-95.826051,35.970729
57758,-95.826020,35.970729
57763,-95.825346,35.970589
57757,-95.825328,35.970727
57756,-95.825297,35.970727
57755,-95.825266,35.970727
57754,-95.825234,35.970726
57764,-95.824483,35.970581
57765,-95.824452,35.970581
57753,-95.824512,35.970719
57752,-95.824481,35.970719
57544,-95.823605,35.969623
57692,-95.823604,35.969666
57691,-95.823604,35.969694
57543,-95.823604,35.969709
57690,-95.823604,35.969723
57689,-95.823604,35.969738
57769,-95.823604,35.969738
57766,-95.823573,35.970578
57767,-95.823543,35.970575
57768,-95.823513,35.970573
57664,-95.829179,35.971718
57663,-95.829180,35.971764
57662,-95.829181,35.971810
57665,-95.829012,35.971766
57666,-95.829013,35.971812
57661,-95.829182,35.971856
57667,-95.829014,35.971858
57668,-95.828043,35.971995
57670,-95.828002,35.972009
57669,-95.828108,35.972123
57721,-95.828064,35.973028
57720,-95.828064,35.973068
57719,-95.828064,35.973108
57660,-95.829199,35.973409
57659,-95.829199,35.973481
57658,-95.829200,35.973552
57657,-95.829201,35.973623
57722,-95.829031,35.973411
57723,-95.829031,35.973483
57724,-95.829032,35.973554
57725,-95.829033,35.973625
57656,-95.829202,35.973694
57655,-95.829203,35.973766
57726,-95.829034,35.973696
57727,-95.829035,35.973768
57718,-95.828064,35.973148
57742,-95.827731,35.971343
57671,-95.827795,35.972074
57760,-95.826975,35.971301
57713,-95.827896,35.973008
57714,-95.827896,35.973048
57715,-95.827896,35.973088
57712,-95.826951,35.973068
57711,-95.826952,35.973096
57672,-95.826939,35.972315
57716,-95.827896,35.973128
57717,-95.827896,35.973168
57710,-95.826952,35.973124
57709,-95.826952,35.973152
57741,-95.825728,35.971589
57740,-95.825641,35.971589
57739,-95.825597,35.971589
57738,-95.825553,35.971589
57745,-95.825387,35.971451
57746,-95.825355,35.971451
57747,-95.825308,35.971451
57748,-95.825277,35.971451
57749,-95.825245,35.971451
57673,-95.825091,35.972331
57674,-95.825001,35.972331
57676,-95.824911,35.972331
57675,-95.825001,35.972469
57677,-95.824911,35.972469
57750,-95.824492,35.971451
57751,-95.824461,35.971451
57679,-95.824821,35.972331
57681,-95.824731,35.972331
57683,-95.824641,35.972331
57678,-95.824821,35.972469
57680,-95.824731,35.972469
57682,-95.824641,35.972469
57685,-95.824551,35.972331
57684,-95.824551,35.972469
57693,-95.824371,35.972677
57694,-95.824372,35.972686
57695,-95.824372,35.972695
57696,-95.824372,35.972704
57708,-95.825109,35.973311
57707,-95.825019,35.973172
57705,-95.824929,35.973172
57706,-95.825019,35.973310
57704,-95.824929,35.973310
57703,-95.824840,35.973172
57702,-95.824840,35.973310
57701,-95.824750,35.973171
57699,-95.824660,35.973171
57700,-95.824750,35.973309
57698,-95.824660,35.973309
57697,-95.824571,35.973309
57735,-95.824383,35.973139
57736,-95.824383,35.973148
57737,-95.824384,35.973158
57779,-95.823305,35.971591
57686,-95.823552,35.972321
57687,-95.823517,35.972321
57688,-95.823482,35.972321
57780,-95.822779,35.971443
57781,-95.822266,35.971468
57782,-95.822244,35.971470
57731,-95.822334,35.972351
57732,-95.822294,35.972351
57733,-95.822267,35.972351
57734,-95.822241,35.972351
57730,-95.822334,35.972489
57729,-95.822294,35.972489
57728,-95.822267,35.972489
57783,-95.822052,35.972164
57784,-95.822053,35.972222
57785,-95.822053,35.972251
57786,-95.822054,35.972294
57787,-95.822054,35.972323
57788,-95.822055,35.972501
57789,-95.822047,35.973054
57790,-95.822047,35.973081
57617,-95.823482,35.973766
57614,-95.823314,35.973768
57615,-95.823314,35.973768
57797,-95.822839,35.973329
57796,-95.822807,35.973329
57795,-95.822786,35.973329
57794,-95.822764,35.973329
57793,-95.822252,35.973329
57791,-95.822046,35.973122
57792,-95.822046,35.973149
57567,-95.822881,35.967369
57552,-95.823614,35.968540
57551,-95.823614,35.968840
57550,-95.823614,35.968854
57549,-95.823614,35.968868
57548,-95.823614,35.968882
57547,-95.823614,35.968897
57568,-95.822702,35.967231
57569,-95.822623,35.967231
57566,-95.822810,35.967369
57565,-95.822739,35.967369
57564,-95.822669,35.967369
57563,-95.822598,35.967369
57570,-95.822544,35.967231
57571,-95.822465,35.967231
57572,-95.822386,35.967231
57562,-95.822527,35.967369
57561,-95.822456,35.967369
57560,-95.822385,35.967369
57573,-95.822307,35.967231
57574,-95.822228,35.967231
57575,-95.822149,35.967231
57559,-95.822314,35.967369
57576,-95.822070,35.967231
57577,-95.821828,35.967231
57553,-95.822544,35.968041
57554,-95.822487,35.968041
57555,-95.822373,35.968041
57542,-95.822425,35.968179
57541,-95.822365,35.968179
57400,-95.822513,35.968906
57401,-95.822464,35.968906
57402,-95.822365,35.968906
57556,-95.822316,35.968041
57557,-95.822259,35.968041
57540,-95.822304,35.968179
57539,-95.822243,35.968179
57558,-95.822202,35.968041
57538,-95.822182,35.968179
57537,-95.822122,35.968179
57536,-95.822061,35.968179
57535,-95.821828,35.968179
57403,-95.822315,35.968905
57404,-95.822266,35.968905
57405,-95.822216,35.968905
57546,-95.823606,35.969565
57545,-95.823605,35.969594
57770,-95.822850,35.969746
57399,-95.822513,35.969044
57398,-95.822464,35.969044
57397,-95.822365,35.969044
57771,-95.822751,35.969745
57772,-95.822722,35.969745
57778,-95.822805,35.969884
57777,-95.822777,35.969883
57776,-95.822749,35.969883
57396,-95.822315,35.969043
57395,-95.822266,35.969043
57394,-95.822216,35.969043
57773,-95.822068,35.969741
57774,-95.822040,35.969741
57775,-95.822012,35.969741
57578,-95.821815,35.967231
57579,-95.821803,35.967231
57580,-95.821316,35.967921
57581,-95.821316,35.967948
57582,-95.821316,35.967974
57534,-95.821501,35.968179
57583,-95.821316,35.968000
57584,-95.821316,35.968027
57533,-95.821013,35.968179
57532,-95.821001,35.968179
57406,-95.821178,35.968901
57407,-95.821129,35.968901
57408,-95.821079,35.968901
57409,-95.821030,35.968901
57410,-95.820981,35.968901
57411,-95.820808,35.968825
57412,-95.820805,35.968853
57589,-95.820374,35.967923
57588,-95.820374,35.967949
57587,-95.820374,35.967975
57586,-95.820374,35.968001
57585,-95.820374,35.968027
57531,-95.820408,35.968179
57530,-95.820391,35.968179
57529,-95.820177,35.968180
57393,-95.821178,35.969039
57392,-95.821129,35.969039
57391,-95.821079,35.969039
57390,-95.821030,35.969039
57389,-95.820981,35.969039
57388,-95.820984,35.969952
57387,-95.820984,35.969977
57386,-95.820984,35.970002
57385,-95.820984,35.970027
57376,-95.821566,35.970555
57377,-95.821550,35.970555
57378,-95.821535,35.970555
57375,-95.821544,35.970693
57374,-95.821529,35.970693
57379,-95.821215,35.970545
57380,-95.821199,35.970545
57381,-95.821184,35.970544
57382,-95.821169,35.970544
57383,-95.821154,35.970544
57384,-95.821102,35.970499
57413,-95.820934,35.970517
57414,-95.820938,35.970531
57415,-95.820943,35.970545
57373,-95.821193,35.970683
57372,-95.821178,35.970682
57371,-95.821163,35.970682
57370,-95.821164,35.970840
57369,-95.821164,35.970848
57368,-95.821159,35.971041
57493,-95.819788,35.969146
57344,-95.820055,35.971006
57416,-95.820021,35.970869
57417,-95.819966,35.970869
57418,-95.819911,35.970870
57343,-95.819999,35.971007
57342,-95.819943,35.971007
57419,-95.819857,35.970870
57341,-95.819887,35.971008
57340,-95.819832,35.971009
57590,-95.819233,35.967231
57591,-95.819190,35.967231
57592,-95.819148,35.967231
57515,-95.819240,35.967369
57514,-95.819198,35.967369
57513,-95.819155,35.967369
57528,-95.819582,35.968190
57527,-95.819556,35.968190
57526,-95.819530,35.968190
57516,-95.819253,35.968057
57517,-95.819233,35.968057
57518,-95.819214,35.968058
57525,-95.819012,35.968203
57524,-95.818948,35.968212
57519,-95.818812,35.968091
57520,-95.818793,35.968094
57521,-95.818773,35.968096
57522,-95.818754,35.968099
57497,-95.818914,35.968822
57498,-95.818891,35.968813
57499,-95.818882,35.968810
57486,-95.818840,35.968946
57485,-95.818817,35.968937
57484,-95.818784,35.968922
57593,-95.818337,35.967375
57594,-95.818299,35.967390
57512,-95.818388,35.967507
57511,-95.818350,35.967523
57510,-95.818312,35.967538
57509,-95.818275,35.967553
57595,-95.818185,35.967437
57596,-95.818109,35.967468
57508,-95.818237,35.967569
57507,-95.818199,35.967584
57523,-95.818695,35.968117
57501,-95.818429,35.968504
57502,-95.818411,35.968491
57500,-95.818448,35.968517
57483,-95.818338,35.968621
57482,-95.818319,35.968608
57481,-95.818301,35.968595
57494,-95.819740,35.969130
57495,-95.819691,35.969115
57491,-95.819726,35.969274
57490,-95.819678,35.969258
57496,-95.819643,35.969100
57489,-95.819629,35.969243
57487,-95.819533,35.969213
57488,-95.819581,35.969228
57492,-95.819774,35.969289
57459,-95.819611,35.969968
57460,-95.819407,35.969890
57458,-95.819403,35.970040
57461,-95.819339,35.969865
57462,-95.819271,35.969839
57457,-95.819335,35.970014
57456,-95.819267,35.969989
57464,-95.819135,35.969787
57465,-95.819067,35.969762
57463,-95.819203,35.969813
57455,-95.819199,35.969963
57453,-95.819063,35.969911
57454,-95.819131,35.969937
57452,-95.818995,35.969886
57420,-95.819641,35.970861
57421,-95.819321,35.970804
57339,-95.819467,35.970980
57338,-95.819155,35.970892
57422,-95.818999,35.970678
57337,-95.818879,35.970784
57466,-95.818137,35.969346
57467,-95.818107,35.969326
57468,-95.818076,35.969306
57451,-95.818103,35.969496
57450,-95.818062,35.969474
57449,-95.818031,35.969454
57448,-95.818001,35.969434
57447,-95.817970,35.969414
57336,-95.818503,35.970853
57335,-95.818499,35.970861
57331,-95.818347,35.970801
57332,-95.818343,35.970809
57334,-95.818496,35.970869
57333,-95.818340,35.970817
57425,-95.817884,35.970170
57423,-95.817940,35.970197
57424,-95.817912,35.970183
57427,-95.817829,35.970143
57426,-95.817856,35.970156
57597,-95.817539,35.967699
57598,-95.817501,35.967715
57504,-95.817648,35.967986
57506,-95.817595,35.967829
57505,-95.817558,35.967845
57599,-95.817301,35.967793
57477,-95.817243,35.967968
57600,-95.817075,35.967882
57601,-95.816843,35.967979
57503,-95.817675,35.968010
57480,-95.817576,35.968127
57479,-95.817549,35.968102
57478,-95.817522,35.968078
57469,-95.817374,35.968848
57470,-95.817343,35.968828
57471,-95.817313,35.968808
57446,-95.817298,35.968976
57445,-95.817268,35.968956
57444,-95.817237,35.968936
57476,-95.816980,35.968072
57475,-95.816742,35.968196
57474,-95.816753,35.968379
57472,-95.816806,35.968426
57473,-95.816779,35.968403
57443,-95.817207,35.968916
57602,-95.816633,35.968091
57441,-95.816655,35.968497
57440,-95.816629,35.968473
57439,-95.816465,35.968355
57603,-95.816357,35.968249
57438,-95.816247,35.968500
57442,-95.816682,35.968520
57604,-95.816175,35.968370
57605,-95.815993,35.968491
57437,-95.816005,35.968647
57435,-95.816029,35.968950
57436,-95.815997,35.968918
57606,-95.815805,35.968573
57291,-95.815748,35.968848
57292,-95.815767,35.968886
57290,-95.815729,35.968810
57289,-95.815710,35.968772
57293,-95.815801,35.968940
57430,-95.816857,35.969531
57431,-95.816818,35.969505
57432,-95.816778,35.969479
57433,-95.816738,35.969454
57428,-95.816937,35.969582
57429,-95.816897,35.969556
57298,-95.816753,35.969639
57297,-95.816714,35.969613
57299,-95.816793,35.969664
57300,-95.817266,35.970779
57301,-95.817266,35.970811
57302,-95.817266,35.970842
57303,-95.817266,35.970873
57304,-95.817266,35.970905
57305,-95.817266,35.970936
57434,-95.816698,35.969428
57296,-95.816674,35.969587
57295,-95.816634,35.969562
57294,-95.816594,35.969536
57607,-95.815184,35.968677
57367,-95.821157,35.971096
57366,-95.821155,35.971150
57345,-95.820987,35.971146
57365,-95.821036,35.972276
57364,-95.821039,35.972331
57346,-95.820868,35.972282
57347,-95.820871,35.972337
57363,-95.821043,35.972385
57362,-95.821046,35.972440
57361,-95.821050,35.972495
57348,-95.820875,35.972391
57349,-95.820878,35.972446
57350,-95.820882,35.972501
57321,-95.819884,35.972489
57360,-95.821054,35.973549
57359,-95.821054,35.973594
57351,-95.820886,35.973594
57358,-95.821054,35.973640
57357,-95.821054,35.973685
57356,-95.821054,35.973731
57352,-95.820886,35.973640
57353,-95.820886,35.973685
57354,-95.820886,35.973731
57355,-95.820886,35.973777
57320,-95.819884,35.973186
57319,-95.819884,35.973257
57322,-95.818790,35.971676
57316,-95.819716,35.972461
57317,-95.819716,35.973163
57318,-95.819716,35.973186
57330,-95.817434,35.971293
57329,-95.817434,35.971353
57328,-95.817434,35.971414
57327,-95.817434,35.971475
57326,-95.817434,35.971536
57323,-95.817519,35.971671
57324,-95.817473,35.971671
57325,-95.817434,35.971597
57306,-95.817266,35.971658
57307,-95.817264,35.971840
57308,-95.817264,35.971878
57309,-95.817260,35.972747
57310,-95.817260,35.972785
57311,-95.817260,35.972822
57312,-95.817256,35.973653
57313,-95.817256,35.973691
57314,-95.817256,35.973729
57315,-95.817256,35.973767
57608,-95.816254,35.973775
56501,-95.815274,35.973922
55945,-95.850974,35.980614
56483,-95.837335,35.944806
56484,-95.834226,35.944817
56485,-95.832808,35.944832
56486,-95.832964,35.944989
56487,-95.832796,35.947692
56482,-95.838391,35.944802
56488,-95.832786,35.953416
56481,-95.850876,35.952104
56480,-95.850709,35.953506
56479,-95.850711,35.954965
