86843,-95.756555,36.118915
86875,-95.752480,36.115938
86874,-95.752479,36.116039
86873,-95.752479,36.116140
86872,-95.752478,36.116241
86871,-95.752477,36.116363
86870,-95.752477,36.116423
86876,-95.752309,36.116059
86877,-95.752309,36.116160
86878,-95.752308,36.116241
86879,-95.752307,36.116363
86880,-95.752307,36.116444
86869,-95.752476,36.116525
86868,-95.752476,36.116626
86867,-95.752475,36.116727
86866,-95.752474,36.116828
86865,-95.752474,36.116929
86881,-95.752306,36.116545
86882,-95.752306,36.116646
86883,-95.752305,36.116747
86884,-95.752304,36.116848
86885,-95.752304,36.116950
86864,-95.752473,36.117071
86863,-95.752473,36.117132
86862,-95.752471,36.117334
86886,-95.752303,36.117051
86887,-95.752302,36.117152
86888,-95.752301,36.117354
86861,-95.752470,36.117577
86860,-95.752468,36.117779
86859,-95.752467,36.117982
86889,-95.752300,36.117597
86890,-95.752298,36.117799
86891,-95.752297,36.118002
86858,-95.752466,36.118184
86857,-95.752465,36.118285
86892,-95.752296,36.118123
86909,-95.751458,36.115798
86908,-95.751457,36.115862
86907,-95.751457,36.115925
86906,-95.751456,36.115989
86905,-95.751450,36.116246
86904,-95.751447,36.116381
87059,-95.751171,36.116039
87076,-95.751171,36.116177
87058,-95.751161,36.115389
87057,-95.750966,36.115389
87056,-95.750771,36.115389
87055,-95.750577,36.115389
87054,-95.750479,36.115389
87053,-95.750382,36.115389
87060,-95.750979,36.116038
87075,-95.750979,36.116176
87061,-95.750786,36.116037
87074,-95.750786,36.116175
87062,-95.750593,36.116036
87073,-95.750593,36.116174
87063,-95.750497,36.116036
87064,-95.750401,36.116035
87072,-95.750497,36.116174
87071,-95.750401,36.116173
86903,-95.751444,36.116515
86902,-95.751441,36.116649
86901,-95.751438,36.116784
86900,-95.751436,36.117054
86899,-95.751438,36.117189
86898,-95.751439,36.117350
86897,-95.751442,36.117592
86896,-95.751447,36.117894
86895,-95.751448,36.118013
86894,-95.751449,36.118133
86893,-95.751451,36.118252
86848,-95.751279,36.118135
86849,-95.751281,36.118254
86850,-95.751282,36.118338
87077,-95.751095,36.116851
87097,-95.751095,36.116989
87078,-95.750903,36.116851
87096,-95.750903,36.116989
87079,-95.750711,36.116851
87095,-95.750711,36.116989
87080,-95.750519,36.116851
87081,-95.750423,36.116851
87094,-95.750519,36.116989
87093,-95.750423,36.116989
87082,-95.750327,36.116851
87092,-95.750327,36.116989
86847,-95.751111,36.117799
87098,-95.750901,36.117661
87099,-95.750692,36.117661
86846,-95.750901,36.117799
86845,-95.750692,36.117799
87100,-95.750482,36.117661
87101,-95.750377,36.117661
86844,-95.750377,36.117799
87065,-95.750054,36.116034
87070,-95.750054,36.116172
87066,-95.749861,36.116033
87069,-95.749861,36.116171
87067,-95.749572,36.116032
87068,-95.749572,36.116170
87049,-95.749172,36.116206
87083,-95.750116,36.116851
87091,-95.750116,36.116989
87084,-95.749924,36.116851
87090,-95.749924,36.116989
87085,-95.749540,36.116851
87089,-95.749540,36.116989
87122,-95.749931,36.117794
87102,-95.749779,36.117652
87121,-95.749773,36.117790
87103,-95.749542,36.117647
87120,-95.749536,36.117785
87104,-95.749306,36.117641
87119,-95.749300,36.117779
87118,-95.749177,36.117760
87088,-95.749094,36.116939
87105,-95.749059,36.117599
86853,-95.751865,36.118553
86852,-95.751700,36.118552
86851,-95.751535,36.118550
86920,-95.748401,36.112143
86921,-95.748326,36.112144
86954,-95.748343,36.112282
86953,-95.748268,36.112282
86922,-95.748100,36.112145
86952,-95.748193,36.112283
86951,-95.748117,36.112283
86980,-95.749151,36.114341
86919,-95.749055,36.112519
86918,-95.749055,36.112586
86917,-95.749055,36.112719
86916,-95.749055,36.112786
86915,-95.749055,36.112853
86914,-95.749055,36.112920
86913,-95.749052,36.113164
86912,-95.749050,36.113292
86942,-95.748301,36.112961
86943,-95.748226,36.112961
86941,-95.748301,36.113099
86940,-95.748226,36.113099
86944,-95.748151,36.112961
86939,-95.748151,36.113099
86911,-95.749048,36.113548
86955,-95.749077,36.113741
86956,-95.749070,36.113741
86957,-95.749063,36.113741
86910,-95.749046,36.113676
86979,-95.749085,36.113879
86978,-95.749078,36.113879
86977,-95.749071,36.113879
86976,-95.749065,36.113879
86958,-95.748798,36.113739
86975,-95.748826,36.113877
86959,-95.748494,36.113737
86974,-95.748523,36.113875
87052,-95.750071,36.115389
87051,-95.749876,36.115389
86981,-95.749155,36.114605
86982,-95.749158,36.114868
87050,-95.749584,36.115389
86983,-95.749160,36.115000
86984,-95.749161,36.115132
86985,-95.749166,36.115403
87045,-95.749167,36.115542
87046,-95.749169,36.115682
87047,-95.749170,36.115822
87048,-95.749172,36.115962
86989,-95.748366,36.114706
86988,-95.748367,36.114764
86987,-95.748368,36.114882
86990,-95.748196,36.114708
86991,-95.748197,36.114766
86992,-95.748197,36.114825
86993,-95.748198,36.114884
86986,-95.748370,36.114999
87044,-95.748500,36.115396
87043,-95.748422,36.115396
86994,-95.748200,36.115001
87042,-95.748156,36.115400
87035,-95.748282,36.116628
87036,-95.748242,36.116619
87037,-95.748202,36.116610
86923,-95.747950,36.112146
86950,-95.747967,36.112284
86949,-95.747517,36.112287
86924,-95.747425,36.112149
86945,-95.748077,36.112961
86938,-95.748077,36.113099
86946,-95.747928,36.112961
86937,-95.747928,36.113099
86947,-95.747704,36.112961
86936,-95.747704,36.113099
86925,-95.747199,36.112579
86928,-95.747201,36.112776
86929,-95.747201,36.112842
86926,-95.747199,36.112645
86927,-95.747200,36.112711
86948,-95.747480,36.112961
86935,-95.747480,36.113099
86930,-95.747202,36.112908
86931,-95.747198,36.113262
86932,-95.747195,36.113388
86960,-95.748039,36.113735
86973,-95.748067,36.113873
86972,-95.747612,36.113870
86961,-95.747584,36.113732
86933,-95.747192,36.113514
86934,-95.747188,36.113640
86962,-95.747186,36.113918
86963,-95.747190,36.114094
87005,-95.745999,36.113551
87006,-95.745968,36.113551
87007,-95.745813,36.113551
87004,-95.745978,36.113689
87008,-95.745761,36.113551
87002,-95.745955,36.114335
87003,-95.745802,36.114332
87009,-95.745339,36.113553
87041,-95.747996,36.115401
87040,-95.747835,36.115403
86971,-95.747376,36.114938
86964,-95.747197,36.114447
86965,-95.747200,36.114623
86966,-95.747203,36.114764
86967,-95.747206,36.114940
86968,-95.747210,36.115116
86969,-95.747208,36.115417
86970,-95.747372,36.115467
87039,-95.747347,36.115608
87038,-95.747319,36.115685
86995,-95.747109,36.115723
86997,-95.746327,36.115420
86999,-95.746117,36.115194
86998,-95.746222,36.115307
87011,-95.746107,36.115412
86996,-95.746432,36.115533
87013,-95.746317,36.115638
87012,-95.746212,36.115525
87001,-95.745963,36.114473
87000,-95.745811,36.114471
87010,-95.745174,36.113555
87111,-95.745721,36.116091
87025,-95.748754,36.116729
87026,-95.748718,36.116722
87087,-95.748862,36.116893
87086,-95.748724,36.116865
87030,-95.748647,36.116914
87029,-95.748630,36.116976
87031,-95.748481,36.116884
87024,-95.748406,36.116798
87023,-95.748366,36.116789
87032,-95.748464,36.116946
87015,-95.748126,36.116735
87022,-95.748326,36.116780
87020,-95.748262,36.116766
87021,-95.748286,36.116771
87019,-95.748246,36.116762
87018,-95.748222,36.116757
87017,-95.748206,36.116753
87016,-95.748166,36.116744
87028,-95.748596,36.117101
87027,-95.748579,36.117163
87033,-95.748430,36.117071
87034,-95.748413,36.117133
87107,-95.748523,36.117495
87108,-95.748278,36.117450
87109,-95.748126,36.117423
87117,-95.748636,36.117659
87106,-95.748584,36.117507
87116,-95.748483,36.117629
87115,-95.748273,36.117590
87136,-95.748223,36.118431
87135,-95.748223,36.118569
87014,-95.747697,36.116653
87110,-95.747974,36.117396
87114,-95.747665,36.117481
87113,-95.747513,36.117454
87112,-95.747209,36.117399
87137,-95.747933,36.118431
87138,-95.747836,36.118431
87139,-95.747740,36.118431
87140,-95.747442,36.118431
87141,-95.747316,36.118431
87142,-95.747063,36.118431
87143,-95.746937,36.118431
87134,-95.747933,36.118569
87133,-95.747836,36.118569
87132,-95.747189,36.118569
87131,-95.746432,36.118569
87127,-95.745612,36.117741
87128,-95.745041,36.118431
87126,-95.744725,36.117586
87125,-95.744725,36.117663
87124,-95.744725,36.117971
87123,-95.744725,36.118125
87129,-95.744768,36.118431
87130,-95.744847,36.119121
87613,-95.743764,36.110949
87612,-95.743857,36.111088
87614,-95.743762,36.111087
87615,-95.743689,36.110948
87616,-95.743632,36.110948
87617,-95.743630,36.111086
87618,-95.743556,36.110947
87619,-95.743424,36.110946
87622,-95.743368,36.110946
87620,-95.743460,36.111084
87621,-95.743385,36.111084
87624,-95.743292,36.110945
87625,-95.743235,36.110945
87623,-95.743309,36.111083
87626,-95.743252,36.111083
87628,-95.743160,36.110944
87627,-95.743196,36.111082
87629,-95.743103,36.110944
87630,-95.743045,36.111081
87611,-95.743857,36.111698
87610,-95.743800,36.111697
87609,-95.743724,36.111697
87608,-95.743629,36.111696
87607,-95.743535,36.111696
87606,-95.743459,36.111696
87605,-95.743327,36.111695
87604,-95.743194,36.111694
87603,-95.743137,36.111694
87475,-95.743831,36.113289
87476,-95.743793,36.113289
87473,-95.743774,36.113289
87471,-95.743698,36.113288
87470,-95.743641,36.113288
87469,-95.743565,36.113287
87479,-95.743508,36.113287
87468,-95.743432,36.113286
87481,-95.743394,36.113286
87464,-95.743299,36.113285
87484,-95.743299,36.113285
87486,-95.743261,36.113285
87463,-95.743242,36.113285
87462,-95.743166,36.113284
87460,-95.743109,36.113284
87474,-95.743867,36.113428
87472,-95.743733,36.113426
87477,-95.743733,36.113426
87478,-95.743619,36.113426
87480,-95.743504,36.113425
87450,-95.743831,36.114088
87451,-95.743793,36.114088
87449,-95.743810,36.114226
87452,-95.743660,36.114086
87453,-95.743584,36.114085
87446,-95.743527,36.114084
87448,-95.743677,36.114224
87447,-95.743601,36.114223
87445,-95.743544,36.114222
87467,-95.743485,36.113425
87466,-95.743428,36.113424
87482,-95.743409,36.113424
87483,-95.743351,36.113424
87465,-95.743275,36.113423
87485,-95.743275,36.113423
87487,-95.743218,36.113423
87461,-95.743199,36.113422
87459,-95.743180,36.113422
87488,-95.743161,36.113422
87454,-95.743432,36.114083
87455,-95.743375,36.114082
87444,-95.743335,36.114220
87443,-95.743278,36.114219
87442,-95.743202,36.114218
87489,-95.740084,36.112416
87492,-95.739913,36.112399
87491,-95.739914,36.112418
87490,-95.739908,36.112980
87458,-95.739905,36.113246
87457,-95.739905,36.113900
87456,-95.740075,36.114027
87440,-95.740077,36.114392
87422,-95.743831,36.114929
87424,-95.743774,36.114929
87425,-95.743717,36.114929
87427,-95.743679,36.114929
87428,-95.743566,36.114928
87421,-95.743848,36.115067
87423,-95.743810,36.115067
87426,-95.743658,36.115066
87429,-95.743526,36.115066
87431,-95.743376,36.114927
87432,-95.743301,36.114927
87434,-95.743244,36.114926
87435,-95.743187,36.114926
87436,-95.743111,36.114926
87438,-95.743073,36.114925
87430,-95.743450,36.115065
87433,-95.743318,36.115065
87437,-95.743128,36.115064
87149,-95.743458,36.116387
87148,-95.743457,36.116445
87150,-95.743288,36.116404
87151,-95.743287,36.116463
87160,-95.742468,36.116394
87159,-95.742467,36.116451
87161,-95.742298,36.116411
87162,-95.742297,36.116468
87420,-95.743836,36.116889
87147,-95.743457,36.116504
87146,-95.743456,36.116562
87145,-95.743456,36.116621
87144,-95.743455,36.116679
87152,-95.743287,36.116521
87153,-95.743286,36.116580
87154,-95.743285,36.116638
87155,-95.743285,36.116697
87419,-95.743235,36.116889
87418,-95.743187,36.116889
87417,-95.743139,36.116889
87394,-95.743842,36.117569
87395,-95.743805,36.117569
87396,-95.743769,36.117568
87393,-95.743858,36.117707
87392,-95.743822,36.117707
87397,-95.743732,36.117568
87158,-95.742466,36.116566
87157,-95.742466,36.116623
87156,-95.742465,36.116680
87163,-95.742296,36.116583
87164,-95.742295,36.116640
87416,-95.742247,36.116889
87415,-95.742200,36.116889
87414,-95.742154,36.116889
87398,-95.742762,36.117558
87399,-95.742729,36.117558
87400,-95.742696,36.117558
87401,-95.742663,36.117558
87391,-95.742951,36.118299
87390,-95.742950,36.118351
87389,-95.742948,36.118454
87388,-95.742947,36.118489
87383,-95.742781,36.118297
87384,-95.742780,36.118349
87385,-95.742779,36.118400
87386,-95.742777,36.118469
87382,-95.741961,36.118294
87381,-95.741961,36.118346
87380,-95.741962,36.118398
87379,-95.741962,36.118451
87378,-95.741963,36.118486
87169,-95.741492,36.116388
87168,-95.741494,36.116446
87170,-95.741323,36.116410
87171,-95.741324,36.116468
87441,-95.739908,36.114495
87439,-95.739910,36.114646
87183,-95.739911,36.114696
87184,-95.739912,36.114797
87180,-95.740567,36.115793
87179,-95.740580,36.115931
87178,-95.740547,36.115931
87181,-95.740534,36.115793
87182,-95.740500,36.115794
87185,-95.739923,36.115714
87186,-95.739923,36.115758
87167,-95.741495,36.116504
87166,-95.741497,36.116562
87165,-95.741498,36.116620
87172,-95.741327,36.116583
87173,-95.741329,36.116641
87174,-95.741330,36.116699
87413,-95.741268,36.116887
87412,-95.741194,36.116887
87175,-95.741099,36.116748
87411,-95.741121,36.116886
87176,-95.741025,36.116747
87177,-95.740952,36.116747
87410,-95.741048,36.116885
87409,-95.740975,36.116885
87402,-95.741752,36.117548
87403,-95.741719,36.117548
87371,-95.741767,36.117687
87370,-95.741732,36.117686
87369,-95.741698,36.117686
87404,-95.741686,36.117548
87405,-95.741653,36.117547
87406,-95.741620,36.117547
87407,-95.741587,36.117547
87368,-95.741663,36.117685
87367,-95.741629,36.117685
87408,-95.741554,36.117546
87372,-95.741791,36.118296
87373,-95.741791,36.118348
87374,-95.741792,36.118400
87375,-95.741793,36.118470
87187,-95.739931,36.116529
87188,-95.739932,36.116588
87189,-95.739933,36.116668
87347,-95.739937,36.117031
87348,-95.739939,36.117170
87349,-95.739941,36.117379
87350,-95.739943,36.117518
87387,-95.742776,36.118538
87377,-95.741963,36.118538
87376,-95.741793,36.118540
87599,-95.739120,36.112736
87597,-95.739123,36.112861
87598,-95.738953,36.112890
87596,-95.738955,36.112960
87595,-95.738958,36.113099
87600,-95.738929,36.113249
87593,-95.738907,36.113387
87594,-95.739135,36.113842
87588,-95.739135,36.113893
87587,-95.739135,36.113961
87586,-95.739135,36.114012
87574,-95.738905,36.114108
87573,-95.739136,36.114261
87572,-95.739136,36.114290
87575,-95.738751,36.114106
87576,-95.738685,36.114105
87585,-95.738837,36.114245
87584,-95.738727,36.114244
87583,-95.738661,36.114243
87571,-95.739143,36.114906
87570,-95.738958,36.114918
87569,-95.738954,36.114918
87567,-95.738950,36.114918
87561,-95.738945,36.114918
87196,-95.739145,36.115436
87568,-95.738952,36.115056
87566,-95.738951,36.115056
87565,-95.738940,36.115056
87195,-95.739145,36.115540
87194,-95.739145,36.115644
87197,-95.738924,36.115711
87198,-95.738891,36.115711
87199,-95.738857,36.115711
87200,-95.738824,36.115711
87193,-95.739145,36.116544
87192,-95.739145,36.116590
87191,-95.739145,36.116635
87190,-95.739145,36.116727
87346,-95.739145,36.116964
87286,-95.738975,36.116549
87287,-95.738975,36.116593
87288,-95.738975,36.116638
87289,-95.738975,36.116682
87290,-95.738975,36.116727
87291,-95.738891,36.116739
87299,-95.738975,36.116972
87345,-95.739145,36.117109
87292,-95.738868,36.116739
87293,-95.738846,36.116739
87294,-95.738823,36.116738
89445,-95.739935,36.108441
89446,-95.739935,36.108453
89444,-95.739919,36.109152
89443,-95.739917,36.109266
89447,-95.739915,36.109480
89448,-95.739918,36.109718
89449,-95.739921,36.109908
89450,-95.739924,36.110098
87511,-95.738917,36.108462
87510,-95.739115,36.109067
87509,-95.739115,36.109275
87507,-95.739115,36.109307
87508,-95.738945,36.109307
87505,-95.739115,36.109339
87504,-95.739114,36.109512
87506,-95.738945,36.109331
87531,-95.738927,36.109498
87503,-95.739111,36.109765
87500,-95.739110,36.109892
87502,-95.739110,36.109956
87501,-95.738937,36.110209
87513,-95.738863,36.108451
87515,-95.738760,36.108441
87512,-95.738836,36.108588
87514,-95.738795,36.108580
87516,-95.738774,36.108579
87532,-95.738841,36.109359
87530,-95.738727,36.109496
87529,-95.738702,36.109496
87519,-95.737495,36.109347
87528,-95.737742,36.109939
87526,-95.737573,36.109947
89442,-95.739917,36.110760
89440,-95.739917,36.110809
89441,-95.740086,36.110859
89439,-95.740086,36.110908
89438,-95.739916,36.110873
89437,-95.739912,36.111131
89436,-95.739908,36.111374
87498,-95.739106,36.110400
87499,-95.738935,36.110463
87497,-95.739111,36.111308
87496,-95.739112,36.111379
87495,-95.739112,36.111414
87494,-95.739113,36.111485
87493,-95.738944,36.111558
87601,-95.739115,36.112332
87602,-95.738945,36.112261
87524,-95.738856,36.110462
87525,-95.738810,36.110442
87523,-95.738879,36.110472
87520,-95.738765,36.110577
87522,-95.738879,36.110627
87521,-95.738810,36.110597
87538,-95.738716,36.111532
87539,-95.738698,36.111523
87540,-95.738671,36.111512
87537,-95.738644,36.111501
87536,-95.738841,36.111686
87535,-95.738781,36.111679
87534,-95.738720,36.111672
87548,-95.737976,36.112673
87547,-95.737975,36.112710
87527,-95.737621,36.110689
87533,-95.737583,36.110785
87541,-95.737512,36.110896
87552,-95.736594,36.112096
87543,-95.736760,36.112302
87542,-95.736592,36.112198
87553,-95.736590,36.112300
87545,-95.737806,36.112671
87546,-95.737805,36.112708
87549,-95.737737,36.113239
87592,-95.737756,36.113377
87589,-95.737695,36.113239
87550,-95.737654,36.113238
87544,-95.737693,36.113377
87551,-95.737446,36.113237
87554,-95.736588,36.112453
87517,-95.737378,36.108402
87518,-95.737378,36.108405
87591,-95.737610,36.113376
87590,-95.737548,36.113375
87577,-95.737783,36.114094
87578,-95.737717,36.114093
87579,-95.737673,36.114093
87580,-95.737585,36.114092
87582,-95.737363,36.114227
87581,-95.737253,36.114226
87555,-95.736750,36.112964
87556,-95.736747,36.113117
87557,-95.736582,36.113980
87558,-95.736583,36.114032
87559,-95.736584,36.114068
87560,-95.736588,36.114448
87562,-95.736593,36.114878
87362,-95.740985,36.118443
87363,-95.740945,36.118444
87364,-95.740904,36.118445
87365,-95.740864,36.118445
87366,-95.740824,36.118446
87351,-95.739920,36.118335
87352,-95.739919,36.118372
87353,-95.739918,36.118408
87354,-95.739917,36.118445
87361,-95.741009,36.118581
87360,-95.740969,36.118582
87359,-95.740928,36.118582
87358,-95.740888,36.118583
87357,-95.740848,36.118584
87355,-95.739911,36.118670
87356,-95.739908,36.118847
87201,-95.737891,36.115711
87563,-95.737965,36.115946
87564,-95.737965,36.115949
87280,-95.737868,36.115849
87285,-95.738145,36.116096
87284,-95.738146,36.116102
87244,-95.738148,36.116134
87281,-95.737975,36.116102
87282,-95.737976,36.116107
87283,-95.737976,36.116113
87245,-95.737978,36.116139
87246,-95.737978,36.116145
87298,-95.738889,36.116877
87344,-95.739145,36.117254
87343,-95.739145,36.117399
87300,-95.738975,36.117133
87301,-95.738975,36.117294
87302,-95.738975,36.117455
87342,-95.739145,36.117544
87243,-95.738959,36.117770
87242,-95.738926,36.117770
87241,-95.738893,36.117770
87341,-95.739145,36.118312
87340,-95.739145,36.118343
87339,-95.739145,36.118374
87338,-95.739145,36.118405
87337,-95.739145,36.118437
87303,-95.738936,36.118448
87304,-95.738891,36.118448
87297,-95.738866,36.116877
87296,-95.738844,36.116877
87295,-95.738821,36.116876
87240,-95.738861,36.117770
87305,-95.738845,36.118447
87306,-95.738800,36.118447
87307,-95.738755,36.118446
87308,-95.738709,36.118446
87309,-95.738664,36.118445
87310,-95.738619,36.118444
87311,-95.738574,36.118444
87239,-95.737955,36.117776
87238,-95.737906,36.117774
87237,-95.737858,36.117772
87202,-95.737845,36.115711
87203,-95.737798,36.115711
87204,-95.737752,36.115711
87205,-95.737705,36.115711
87279,-95.737821,36.115849
87278,-95.737775,36.115849
87277,-95.737729,36.115849
87276,-95.736599,36.115849
87206,-95.736560,36.115711
87207,-95.736450,36.115712
87275,-95.736562,36.115849
87274,-95.736525,36.115849
87273,-95.736489,36.115850
87272,-95.736452,36.115850
87262,-95.737238,36.116649
87263,-95.737206,36.116511
87264,-95.737143,36.116511
87261,-95.737174,36.116649
87260,-95.737111,36.116649
87265,-95.737080,36.116511
87266,-95.737017,36.116511
87259,-95.737048,36.116649
87258,-95.736985,36.116649
87267,-95.736953,36.116511
87268,-95.736890,36.116511
87257,-95.736922,36.116649
87247,-95.737721,36.117628
87248,-95.737697,36.117627
87249,-95.737648,36.117625
87236,-95.737809,36.117770
87235,-95.737761,36.117768
87234,-95.737713,36.117766
87233,-95.737664,36.117764
87232,-95.737616,36.117762
87250,-95.737600,36.117623
87252,-95.737557,36.117615
87251,-95.737552,36.117621
87253,-95.737518,36.117592
87254,-95.737479,36.117568
87230,-95.737477,36.117737
87229,-95.737438,36.117713
87228,-95.737399,36.117690
87231,-95.737568,36.117760
87269,-95.736827,36.116511
87270,-95.736764,36.116511
87271,-95.736732,36.116511
87256,-95.736796,36.116649
87255,-95.736732,36.116649
87315,-95.736655,36.118343
87314,-95.736655,36.118359
87313,-95.736655,36.118375
87312,-95.736655,36.118383
87316,-95.736485,36.118343
87317,-95.736485,36.118359
87318,-95.736485,36.118375
87319,-95.736485,36.118391
87208,-95.735515,36.115697
87209,-95.735515,36.115703
87210,-95.735506,36.116430
87211,-95.735506,36.116463
87212,-95.735506,36.116496
87213,-95.735505,36.116717
87214,-95.735505,36.116829
87215,-95.735505,36.116941
87216,-95.735505,36.117053
87217,-95.735505,36.117165
87227,-95.735675,36.118231
87226,-95.735675,36.118275
87225,-95.735675,36.118319
87224,-95.735675,36.118363
87218,-95.735505,36.118165
87219,-95.735505,36.118209
87220,-95.735505,36.118253
87221,-95.735505,36.118297
87222,-95.735505,36.118341
87336,-95.739145,36.118662
87335,-95.738957,36.118587
87334,-95.738911,36.118586
87333,-95.738865,36.118585
87332,-95.738819,36.118585
87331,-95.738774,36.118584
87330,-95.738728,36.118584
87329,-95.738682,36.118583
87328,-95.738636,36.118583
87327,-95.738591,36.118582
87326,-95.738545,36.118582
87325,-95.738499,36.118581
87324,-95.736670,36.118560
87323,-95.736451,36.118559
87322,-95.736419,36.118559
87321,-95.736387,36.118559
87320,-95.736354,36.118559
87223,-95.735505,36.118572
86856,-95.752465,36.118386
86855,-95.752194,36.118556
86854,-95.752029,36.118554
87890,-95.737891,36.106189
87889,-95.737528,36.106189
87888,-95.737351,36.106189
87798,-95.736882,36.105247
87797,-95.736880,36.105412
87796,-95.736879,36.105576
87887,-95.737174,36.106189
87795,-95.736877,36.105741
87886,-95.736997,36.106189
87809,-95.736598,36.105069
87808,-95.736499,36.105069
87807,-95.736350,36.105069
87811,-95.736712,36.105285
87812,-95.736710,36.105456
87885,-95.736523,36.106184
87813,-95.736405,36.106044
87814,-95.736201,36.106040
87884,-95.736319,36.106180
87883,-95.736116,36.106177
87815,-95.735896,36.106035
87882,-95.735912,36.106173
87928,-95.738135,36.106514
87927,-95.738135,36.106644
87926,-95.738135,36.106774
87925,-95.738136,36.107043
87924,-95.738138,36.107173
87923,-95.738139,36.107303
87922,-95.738140,36.107433
87921,-95.738142,36.107563
87920,-95.737940,36.107769
87891,-95.737834,36.106841
87907,-95.737834,36.106979
87892,-95.737721,36.106841
87906,-95.737721,36.106979
87893,-95.737494,36.106841
87905,-95.737494,36.106979
87894,-95.737267,36.106841
87904,-95.737267,36.106979
87895,-95.737040,36.106841
87903,-95.737040,36.106979
87908,-95.737837,36.107631
87919,-95.737854,36.107769
87918,-95.737767,36.107769
87909,-95.737664,36.107631
87910,-95.737491,36.107631
87917,-95.737595,36.107769
87916,-95.737422,36.107769
87911,-95.737318,36.107631
87912,-95.737232,36.107631
87915,-95.737249,36.107769
87913,-95.737145,36.107631
87914,-95.737162,36.107769
87902,-95.736722,36.106979
87896,-95.736586,36.106841
87901,-95.736495,36.106979
87897,-95.736359,36.106841
87900,-95.736268,36.106979
87898,-95.736018,36.106841
87818,-95.735370,36.105579
87817,-95.735646,36.105730
87816,-95.735693,36.106032
87881,-95.735709,36.106170
87868,-95.735490,36.105782
87869,-95.735491,36.105871
87870,-95.735506,36.106183
87819,-95.735197,36.105576
87820,-95.735025,36.105573
87867,-95.735021,36.105711
87825,-95.734575,36.105148
87826,-95.734407,36.105158
87824,-95.734581,36.105221
87823,-95.734584,36.105262
87822,-95.734591,36.105344
87821,-95.734592,36.105435
87827,-95.734413,36.105240
87828,-95.734417,36.105281
87829,-95.734424,36.105396
87830,-95.734419,36.105478
87831,-95.734315,36.105724
87866,-95.734404,36.105888
87832,-95.734221,36.105877
87833,-95.734158,36.105980
87865,-95.734248,36.106144
87834,-95.734064,36.106133
87835,-95.734002,36.106235
87871,-95.735507,36.106336
87872,-95.735509,36.106490
87873,-95.735511,36.106643
87899,-95.735791,36.106841
87880,-95.735676,36.107086
87874,-95.735512,36.106797
87875,-95.735506,36.107082
87876,-95.735500,36.107237
87879,-95.735641,36.107417
87877,-95.735485,36.107363
87878,-95.735536,36.107570
87851,-95.735275,36.107720
87850,-95.735142,36.107760
87849,-95.735023,36.107775
87852,-95.734854,36.107658
87848,-95.734904,36.107791
87860,-95.734407,36.106568
87861,-95.734379,36.106567
87862,-95.734334,36.106565
87859,-95.734431,36.106983
87858,-95.734384,36.106987
87863,-95.734244,36.106562
87864,-95.734194,36.106561
87836,-95.733945,36.106548
87857,-95.734234,36.106989
87856,-95.734187,36.106989
87837,-95.733945,36.106774
87838,-95.733943,36.107001
87839,-95.733941,36.107143
87853,-95.734631,36.107665
87854,-95.734390,36.107655
87847,-95.734647,36.107804
87846,-95.734406,36.107794
87845,-95.734285,36.107789
87855,-95.734269,36.107650
87840,-95.733939,36.107285
87841,-95.733938,36.107427
87842,-95.733936,36.107569
87844,-95.734213,36.107786
87843,-95.734141,36.107783
87980,-95.739699,36.106190
87979,-95.739431,36.106193
87772,-95.738911,36.105235
87771,-95.738909,36.105327
87770,-95.738906,36.105512
87769,-95.738904,36.105604
87768,-95.738902,36.105697
87764,-95.739391,36.106055
87978,-95.739368,36.106194
87765,-95.739264,36.106057
87767,-95.738900,36.105789
87766,-95.738948,36.106061
87787,-95.737883,36.105207
87773,-95.738739,36.105325
87774,-95.738738,36.105399
87775,-95.738736,36.105510
87776,-95.738734,36.105602
87777,-95.738732,36.105695
87778,-95.738730,36.105787
87779,-95.738729,36.105879
87786,-95.737882,36.105297
87785,-95.737881,36.105387
87784,-95.737880,36.105478
87783,-95.737879,36.105568
87782,-95.737878,36.105658
87781,-95.737877,36.105749
87780,-95.737877,36.105839
87801,-95.736891,36.104649
87800,-95.736889,36.104745
87799,-95.736884,36.105083
87788,-95.737712,36.105295
87789,-95.737711,36.105385
87790,-95.737710,36.105476
87791,-95.737709,36.105566
87792,-95.737708,36.105656
87793,-95.737707,36.105747
87794,-95.737707,36.105837
87802,-95.736688,36.104931
87803,-95.736588,36.104931
87810,-95.736698,36.105069
87804,-95.736489,36.104931
87805,-95.736439,36.104931
87806,-95.736340,36.104931
87976,-95.739812,36.106863
87962,-95.739812,36.107001
87977,-95.739481,36.106862
87961,-95.739502,36.107000
87931,-95.738965,36.106291
87932,-95.738965,36.106423
87933,-95.738965,36.106555
87934,-95.738965,36.106688
87935,-95.738965,36.106820
87936,-95.738962,36.107087
87937,-95.738960,36.107216
87960,-95.739509,36.107642
87942,-95.739509,36.107780
87938,-95.738959,36.107344
87939,-95.738957,36.107472
87940,-95.738956,36.107600
87941,-95.739202,36.107779
87930,-95.738135,36.106254
87929,-95.738135,36.106384
87735,-95.741159,36.106051
87736,-95.741063,36.106051
87743,-95.740855,36.104878
87744,-95.740685,36.104878
87742,-95.740855,36.105053
87745,-95.740685,36.105053
87741,-95.740855,36.105404
87746,-95.740685,36.105404
87740,-95.740855,36.105580
87747,-95.740685,36.105580
87739,-95.740855,36.105756
87738,-95.740855,36.105931
87748,-95.740685,36.105756
87749,-95.740685,36.105931
87737,-95.740919,36.106051
87986,-95.740919,36.106189
87985,-95.740668,36.106189
87984,-95.740567,36.106189
87750,-95.740486,36.106051
87751,-95.740163,36.106051
87983,-95.740244,36.106189
87982,-95.740163,36.106189
87981,-95.740062,36.106189
87752,-95.739981,36.106051
87725,-95.743720,36.106574
88011,-95.743735,36.106712
87726,-95.743583,36.106546
87727,-95.743282,36.106475
88010,-95.743477,36.106663
87728,-95.743131,36.106440
88009,-95.743176,36.106593
87729,-95.742811,36.106397
88008,-95.742882,36.106542
87730,-95.742486,36.106391
88007,-95.742345,36.106633
87995,-95.742175,36.106701
88006,-95.742345,36.106860
88005,-95.742345,36.106974
88004,-95.742345,36.107088
88003,-95.742345,36.107201
87996,-95.742175,36.106928
87997,-95.742175,36.107042
87998,-95.742175,36.107156
88002,-95.742345,36.107429
87999,-95.742175,36.107270
88000,-95.742175,36.107497
88001,-95.742175,36.107611
88053,-95.743808,36.108472
88051,-95.743771,36.108473
88054,-95.743850,36.108610
88049,-95.743640,36.108476
88048,-95.743509,36.108478
88050,-95.743718,36.108612
88052,-95.743662,36.108613
88047,-95.743531,36.108616
88046,-95.743434,36.108480
88045,-95.743378,36.108481
88043,-95.743303,36.108482
88041,-95.743247,36.108484
88044,-95.743400,36.108619
88042,-95.743251,36.108622
88039,-95.743134,36.108486
88036,-95.743116,36.108486
88034,-95.743041,36.108488
88040,-95.743213,36.108622
88038,-95.743176,36.108623
88037,-95.743138,36.108624
88035,-95.743063,36.108625
89461,-95.743379,36.109331
89458,-95.743303,36.109330
89459,-95.743318,36.109468
89456,-95.743262,36.109468
89457,-95.743228,36.109329
89454,-95.743172,36.109328
89452,-95.743115,36.109327
89455,-95.743186,36.109466
89453,-95.743130,36.109466
89451,-95.743040,36.109326
87731,-95.741704,36.106384
87732,-95.741492,36.106382
87734,-95.741385,36.106257
87733,-95.741385,36.106312
87994,-95.741385,36.106601
87993,-95.741385,36.106833
87992,-95.741378,36.107078
87991,-95.741375,36.107168
87990,-95.741372,36.107259
87969,-95.740991,36.107007
87989,-95.741365,36.107440
87988,-95.741362,36.107530
87987,-95.741358,36.107620
87952,-95.741127,36.107649
87951,-95.741127,36.107787
87950,-95.741024,36.107787
87970,-95.740887,36.106868
87968,-95.740887,36.107006
87971,-95.740681,36.106867
87967,-95.740681,36.107005
87972,-95.740577,36.106867
87966,-95.740577,36.107005
87973,-95.740474,36.106866
87965,-95.740474,36.107004
87974,-95.740370,36.106866
87964,-95.740370,36.107004
87975,-95.740122,36.106865
87963,-95.740122,36.107003
87953,-95.740922,36.107648
87954,-95.740819,36.107648
87955,-95.740615,36.107647
87949,-95.740922,36.107786
87948,-95.740819,36.107786
87947,-95.740615,36.107785
87956,-95.740410,36.107646
87957,-95.740205,36.107645
87958,-95.740123,36.107645
87946,-95.740410,36.107784
87945,-95.740205,36.107783
87944,-95.740123,36.107783
87758,-95.739885,36.105269
87757,-95.739885,36.105361
87759,-95.739715,36.105361
87756,-95.739885,36.105543
87755,-95.739885,36.105635
87754,-95.739885,36.105726
87760,-95.739715,36.105543
87761,-95.739715,36.105635
87762,-95.739715,36.105726
87753,-95.739885,36.105817
87763,-95.739715,36.105817
87959,-95.739816,36.107644
87943,-95.739816,36.107782
89470,-95.743831,36.109338
89468,-95.743774,36.109337
89471,-95.743846,36.109477
89469,-95.743789,36.109476
89467,-95.743699,36.109336
89466,-95.743642,36.109335
89463,-95.743511,36.109333
89465,-95.743544,36.109472
89464,-95.743525,36.109472
88013,-95.743811,36.110121
88012,-95.743830,36.110259
88014,-95.743679,36.110121
88016,-95.743623,36.110121
88015,-95.743698,36.110259
88017,-95.743661,36.110259
88018,-95.743492,36.110121
88019,-95.743567,36.110259
88020,-95.743510,36.110259
89462,-95.743450,36.109470
89460,-95.743394,36.109470
88021,-95.743416,36.110121
88023,-95.743360,36.110121
88025,-95.743285,36.110121
88022,-95.743341,36.110259
88024,-95.743304,36.110259
88026,-95.743285,36.110259
88027,-95.743247,36.110259
88028,-95.743229,36.110121
88030,-95.743153,36.110121
88029,-95.743191,36.110259
88031,-95.743116,36.110259
88033,-95.743022,36.110121
88032,-95.743041,36.110259
87724,-95.752049,36.105693
87631,-95.751880,36.105461
87632,-95.751880,36.105513
87633,-95.751880,36.105564
87634,-95.751879,36.105615
87635,-95.751879,36.105667
87636,-95.751879,36.105718
87723,-95.752049,36.105744
87722,-95.752049,36.105795
87637,-95.751879,36.105770
87638,-95.751879,36.105821
89402,-95.751121,36.105128
89401,-95.751121,36.105142
89422,-95.750952,36.105119
89423,-95.750951,36.105133
89403,-95.750882,36.104921
89400,-95.751115,36.105419
89399,-95.751115,36.105433
89424,-95.750945,36.105417
89425,-95.750945,36.105431
89426,-95.750945,36.105445
89427,-95.750944,36.105466
89355,-95.751108,36.105807
89348,-95.751101,36.106154
89347,-95.751100,36.106168
89410,-95.750135,36.105123
89409,-95.750135,36.105136
89404,-95.749965,36.105104
89405,-95.749965,36.105116
89406,-95.749965,36.105129
89408,-95.750135,36.105392
89407,-95.750135,36.105405
89411,-95.749889,36.105721
89412,-95.749830,36.105721
89413,-95.749742,36.105721
89414,-95.749713,36.105721
89415,-95.749654,36.105721
89421,-95.749948,36.105859
89420,-95.749889,36.105859
89419,-95.749830,36.105859
89418,-95.749772,36.105859
89417,-95.749713,36.105859
89416,-95.749654,36.105859
87639,-95.751875,36.106746
87640,-95.751875,36.106798
87641,-95.751875,36.106849
87642,-95.751880,36.106924
89428,-95.750835,36.106491
89429,-95.750785,36.106491
89398,-95.750835,36.106629
89357,-95.750817,36.107261
89358,-95.750765,36.107256
89359,-95.750714,36.107252
89356,-95.750869,36.107265
89430,-95.749645,36.106496
89431,-95.749596,36.106496
89432,-95.749546,36.106496
89397,-95.749546,36.106634
89433,-95.749447,36.106496
89434,-95.749397,36.106497
89396,-95.749447,36.106634
89395,-95.749397,36.106635
89435,-95.749348,36.106497
89394,-95.749348,36.106635
89393,-95.749298,36.106635
89275,-95.748309,36.105720
89276,-95.748296,36.105719
89277,-95.748272,36.105719
89278,-95.748260,36.105719
89279,-95.748235,36.105719
89280,-95.748223,36.105719
89298,-95.748307,36.105858
89297,-95.748294,36.105857
89296,-95.748270,36.105857
89295,-95.748258,36.105857
89294,-95.748233,36.105857
89293,-95.748209,36.105857
89360,-95.749563,36.107260
89361,-95.749512,36.107260
89362,-95.749460,36.107260
89363,-95.749408,36.107261
89364,-95.749356,36.107261
89365,-95.749304,36.107262
89366,-95.749252,36.107262
89373,-95.749565,36.107398
89372,-95.749514,36.107398
89371,-95.749462,36.107398
89370,-95.749410,36.107399
89369,-95.749358,36.107399
89368,-95.749306,36.107400
89367,-95.749254,36.107400
89299,-95.748229,36.106500
89320,-95.748227,36.106638
89300,-95.748217,36.106499
89301,-95.748183,36.106499
89302,-95.748172,36.106499
89319,-95.748215,36.106637
89318,-95.748193,36.106637
89317,-95.748181,36.106637
89322,-95.748098,36.107271
89321,-95.748100,36.107409
89281,-95.747699,36.105715
89282,-95.747687,36.105715
89283,-95.747662,36.105715
89284,-95.747650,36.105715
89285,-95.747614,36.105714
89286,-95.747589,36.105714
89292,-95.747697,36.105853
89291,-95.747685,36.105853
89290,-95.747660,36.105853
89289,-95.747648,36.105853
89288,-95.747624,36.105852
89287,-95.747612,36.105852
89303,-95.747664,36.106495
89304,-95.747653,36.106495
89305,-95.747631,36.106495
89306,-95.747619,36.106495
89307,-95.747585,36.106494
89316,-95.747662,36.106633
89315,-95.747651,36.106633
89314,-95.747629,36.106633
89313,-95.747617,36.106633
89312,-95.747595,36.106632
89308,-95.747574,36.106494
89309,-95.747552,36.106494
89310,-95.747540,36.106494
89311,-95.747583,36.106632
89324,-95.748088,36.107271
89327,-95.748060,36.107271
89328,-95.748050,36.107271
89323,-95.748090,36.107409
89325,-95.748071,36.107409
89326,-95.748062,36.107409
89329,-95.747624,36.107275
89330,-95.747615,36.107275
89375,-95.749564,36.108033
89376,-95.749519,36.108033
89383,-95.749606,36.108172
89382,-95.749562,36.108171
89381,-95.749517,36.108171
89377,-95.749453,36.108032
89378,-95.749408,36.108032
89380,-95.749473,36.108171
89379,-95.749428,36.108170
89390,-95.749692,36.108815
89391,-95.749660,36.108816
89343,-95.749694,36.108953
89342,-95.749662,36.108954
89392,-95.749628,36.108816
89341,-95.749630,36.108954
89340,-95.749599,36.108954
89332,-95.748753,36.109039
89331,-95.748752,36.109027
88109,-95.748669,36.108821
88110,-95.748652,36.108821
88108,-95.748718,36.108959
88107,-95.748701,36.108959
88106,-95.748669,36.108959
88105,-95.748652,36.108959
89333,-95.748756,36.109064
89334,-95.748758,36.109076
88111,-95.748604,36.108821
88104,-95.748604,36.108959
89339,-95.748944,36.109762
89338,-95.748943,36.109777
89337,-95.748941,36.109792
89335,-95.748777,36.109744
89336,-95.748776,36.109752
88099,-95.747706,36.108044
88100,-95.747681,36.108044
88098,-95.747663,36.108183
88101,-95.747536,36.108049
88102,-95.747511,36.108050
88103,-95.747463,36.108051
88097,-95.747542,36.108187
88096,-95.747517,36.108188
88124,-95.747906,36.109032
88095,-95.747907,36.109045
88094,-95.747907,36.109069
88093,-95.747907,36.109082
88112,-95.747719,36.108821
88123,-95.747719,36.108959
88125,-95.747736,36.109022
88126,-95.747736,36.109034
88122,-95.747694,36.108959
88121,-95.747646,36.108959
88120,-95.747622,36.108959
88127,-95.747737,36.109059
88128,-95.747737,36.109071
88113,-95.747549,36.108821
88119,-95.747573,36.108959
88118,-95.747549,36.108959
88117,-95.747501,36.108959
88116,-95.747476,36.108959
88115,-95.747404,36.108959
88092,-95.747914,36.109589
88091,-95.747914,36.109602
88090,-95.747915,36.109626
88089,-95.747915,36.109639
88131,-95.747745,36.109628
88129,-95.747744,36.109591
88130,-95.747744,36.109604
88132,-95.747745,36.109641
89387,-95.750432,36.108811
89346,-95.750497,36.108942
89345,-95.750418,36.108949
89388,-95.750400,36.108811
89389,-95.750369,36.108811
89344,-95.750387,36.108949
88070,-95.750276,36.109591
88071,-95.750261,36.109591
88072,-95.750247,36.109591
88073,-95.750232,36.109591
88069,-95.750268,36.109729
88068,-95.750254,36.109729
88067,-95.750239,36.109729
88074,-95.749738,36.109591
88075,-95.749706,36.109591
88076,-95.749675,36.109591
88077,-95.749755,36.109742
88078,-95.749755,36.109790
88066,-95.749925,36.109887
88065,-95.749925,36.109936
88079,-95.749755,36.109839
88080,-95.749755,36.109887
88138,-95.748643,36.110314
88137,-95.748628,36.110316
88081,-95.749653,36.110981
88064,-95.749653,36.111119
88082,-95.749625,36.110981
88083,-95.749596,36.110981
88084,-95.749568,36.110981
88063,-95.749625,36.111119
88062,-95.749596,36.111119
88061,-95.749568,36.111119
88085,-95.748996,36.110981
88086,-95.748967,36.110981
88087,-95.748939,36.110981
88088,-95.748896,36.110981
88060,-95.748996,36.111119
88059,-95.748967,36.111119
88058,-95.748939,36.111119
88136,-95.748310,36.110341
88135,-95.748287,36.110342
88134,-95.748271,36.110342
88133,-95.748256,36.110342
88057,-95.748252,36.111119
88055,-95.747395,36.110362
88056,-95.747395,36.110386
83895,-95.755296,36.104978
83894,-95.755296,36.104998
83893,-95.755296,36.105018
83515,-95.755081,36.104392
83853,-95.754813,36.105041
83854,-95.754801,36.105041
83855,-95.754790,36.105041
83856,-95.754778,36.105041
83857,-95.754766,36.105041
83858,-95.754755,36.105041
83892,-95.755308,36.106297
83891,-95.755309,36.106395
83890,-95.755309,36.106427
83889,-95.755310,36.106493
83888,-95.755311,36.106558
83887,-95.755312,36.106623
83886,-95.755312,36.106688
83877,-95.755137,36.106267
83878,-95.755138,36.106332
83879,-95.755139,36.106397
83880,-95.755140,36.106462
83881,-95.755140,36.106527
83882,-95.755141,36.106592
83883,-95.755142,36.106657
83884,-95.755143,36.106722
83885,-95.755144,36.106788
83936,-95.755127,36.106938
83935,-95.754958,36.106936
83934,-95.754789,36.106934
83933,-95.754621,36.106933
83932,-95.754452,36.106931
83931,-95.754284,36.106929
83972,-95.754716,36.107641
83973,-95.754692,36.107641
83974,-95.754669,36.107641
83975,-95.754646,36.107641
83976,-95.754622,36.107641
83977,-95.754599,36.107641
83990,-95.754704,36.107779
83989,-95.754681,36.107779
83988,-95.754657,36.107779
83987,-95.754634,36.107779
83986,-95.754611,36.107779
83985,-95.754587,36.107779
84228,-95.755061,36.108459
84196,-95.755063,36.108597
84229,-95.755005,36.108459
84230,-95.754948,36.108459
84195,-95.754978,36.108597
84194,-95.754950,36.108597
84193,-95.754719,36.108599
83930,-95.754000,36.106931
83928,-95.753827,36.106796
83929,-95.753818,36.106796
83876,-95.753568,36.107188
83875,-95.753568,36.107201
83874,-95.753567,36.107215
83873,-95.753567,36.107228
83872,-95.753567,36.107241
83871,-95.753566,36.107254
83859,-95.753398,36.107193
83860,-95.753397,36.107206
83861,-95.753397,36.107219
83862,-95.753397,36.107232
83863,-95.753396,36.107245
83864,-95.753396,36.107258
83984,-95.754143,36.107779
83870,-95.753566,36.107267
83869,-95.753566,36.107280
83868,-95.753565,36.107293
83867,-95.753396,36.107272
83866,-95.753395,36.107285
83865,-95.753395,36.107291
83978,-95.753395,36.107298
83979,-95.753388,36.107573
83980,-95.753388,36.107586
83981,-95.753387,36.107599
83982,-95.753387,36.107612
83983,-95.753387,36.107626
87716,-95.752605,36.107650
87715,-95.752605,36.107701
89351,-95.752379,36.107761
89352,-95.752323,36.107761
89353,-95.752268,36.107761
89354,-95.752213,36.107761
87714,-95.752529,36.107975
87713,-95.752515,36.108078
87712,-95.752515,36.108191
89350,-95.752323,36.107899
89349,-95.752268,36.107899
83991,-95.754151,36.108465
83992,-95.754125,36.108465
83993,-95.754100,36.108465
83994,-95.754075,36.108465
83995,-95.754050,36.108466
83996,-95.754025,36.108466
83997,-95.754000,36.108466
84192,-95.754153,36.108603
84191,-95.754127,36.108603
84190,-95.754102,36.108603
84189,-95.754077,36.108603
84188,-95.754052,36.108604
83998,-95.753375,36.109083
83999,-95.753375,36.109109
84000,-95.753375,36.109136
84001,-95.753375,36.109162
84002,-95.753375,36.109188
84003,-95.753375,36.109215
87711,-95.752515,36.108304
87710,-95.752515,36.108418
87709,-95.752515,36.108531
87647,-95.752276,36.108601
87648,-95.752250,36.108601
87656,-95.752250,36.108739
87707,-95.752515,36.108847
87706,-95.752515,36.108911
87704,-95.752515,36.109150
87708,-95.752515,36.109293
87705,-95.752515,36.109389
87698,-95.752515,36.109421
87717,-95.752113,36.106931
87718,-95.752088,36.106931
87721,-95.752045,36.106849
87720,-95.752040,36.106878
87719,-95.752030,36.106909
87646,-95.752145,36.107069
87645,-95.752082,36.107069
87644,-95.751987,36.107044
87643,-95.751901,36.106972
87655,-95.752055,36.108739
87649,-95.751912,36.108601
87654,-95.751925,36.108739
87650,-95.751782,36.108601
87651,-95.751743,36.108601
87653,-95.751795,36.108739
87652,-95.751717,36.108739
84028,-95.753791,36.110111
84092,-95.753731,36.110249
84029,-95.753728,36.110111
84030,-95.753665,36.110111
84031,-95.753602,36.110111
84091,-95.753699,36.110249
84090,-95.753635,36.110249
84032,-95.753571,36.110111
84089,-95.753571,36.110249
84033,-95.752987,36.110105
84034,-95.752969,36.110105
87703,-95.752517,36.109600
87701,-95.752520,36.109697
87702,-95.752523,36.109794
84183,-95.752329,36.109450
84184,-95.752329,36.109450
84185,-95.752329,36.109450
84186,-95.752329,36.109450
84187,-95.752329,36.109450
87657,-95.752320,36.109449
87658,-95.752278,36.109449
84004,-95.752327,36.109588
84005,-95.752327,36.109588
84006,-95.752327,36.109588
84007,-95.752327,36.109588
84008,-95.752327,36.109588
84009,-95.752327,36.109588
84010,-95.752327,36.109588
87668,-95.752318,36.109587
87666,-95.752293,36.109587
87669,-95.752284,36.110221
87670,-95.752220,36.110221
89374,-95.750718,36.108041
89386,-95.750673,36.108179
89385,-95.750629,36.108179
89384,-95.750584,36.108179
87659,-95.752109,36.109447
87660,-95.752024,36.109446
87661,-95.751940,36.109445
87667,-95.752191,36.109586
87665,-95.752022,36.109584
87664,-95.751938,36.109583
87662,-95.751813,36.109444
87663,-95.751760,36.109581
87671,-95.752092,36.110221
87672,-95.751964,36.110221
87674,-95.751695,36.110221
87673,-95.751656,36.110221
87675,-95.751631,36.110221
84035,-95.753375,36.110796
84036,-95.753375,36.110822
84039,-95.753409,36.110929
84038,-95.753393,36.110905
84037,-95.753375,36.110848
87700,-95.752535,36.110622
87699,-95.752535,36.110742
87680,-95.752296,36.110359
87682,-95.752284,36.110359
87681,-95.752220,36.110359
87697,-95.752535,36.110921
87683,-95.752240,36.110971
87696,-95.752240,36.111109
87679,-95.751964,36.110359
87678,-95.751836,36.110359
87684,-95.752087,36.110971
87695,-95.752087,36.111109
87685,-95.751934,36.110971
87686,-95.751781,36.110971
87694,-95.751934,36.111109
87677,-95.751631,36.110359
87676,-95.751567,36.110359
87687,-95.751627,36.110971
87688,-95.751551,36.110971
87693,-95.751627,36.111109
87689,-95.751397,36.110971
87690,-95.751244,36.110971
87691,-95.751183,36.110971
87692,-95.751091,36.111109
84019,-95.756489,36.110111
84020,-95.756452,36.110111
84175,-95.756452,36.110111
84018,-95.756452,36.110249
84021,-95.756415,36.110111
84176,-95.756415,36.110111
84022,-95.756378,36.110111
84177,-95.756378,36.110111
84178,-95.756341,36.110111
84017,-95.756415,36.110249
84016,-95.756378,36.110249
84015,-95.756341,36.110249
84023,-95.755366,36.110111
84179,-95.755335,36.110111
84024,-95.755303,36.110111
84014,-95.755333,36.110249
84096,-95.755301,36.110249
84025,-95.755240,36.110111
84180,-95.755240,36.110111
84026,-95.755177,36.110111
84181,-95.755177,36.110111
84013,-95.755237,36.110249
84095,-95.755237,36.110249
84012,-95.755173,36.110249
84094,-95.755173,36.110249
84027,-95.755114,36.110111
84182,-95.755114,36.110111
84011,-95.755109,36.110249
84093,-95.755109,36.110249
84055,-95.756525,36.110863
84056,-95.756525,36.110891
84057,-95.756525,36.110919
84058,-95.756525,36.110947
84059,-95.756521,36.111131
84060,-95.756520,36.111152
84054,-95.755613,36.110775
84053,-95.755614,36.110803
84052,-95.755604,36.110854
84051,-95.755593,36.110880
84050,-95.755577,36.110919
84081,-95.755273,36.110961
84082,-95.755268,36.110960
84049,-95.755363,36.111082
84048,-95.755329,36.111091
84047,-95.755266,36.111098
84083,-95.755233,36.110960
84084,-95.755198,36.110960
84046,-95.755231,36.111098
84045,-95.755196,36.111098
84085,-95.754432,36.110955
84086,-95.754398,36.110955
84044,-95.754430,36.111093
84043,-95.754396,36.111093
84087,-95.754363,36.110955
84088,-95.754311,36.110955
84042,-95.754361,36.111093
84041,-95.754309,36.111093
84040,-95.754274,36.111092
84208,-95.759851,36.108430
84209,-95.759812,36.108433
84210,-95.759773,36.108436
84211,-95.759734,36.108439
84212,-95.759695,36.108441
84121,-95.760082,36.109312
84120,-95.760080,36.109369
84119,-95.760079,36.109426
84118,-95.760077,36.109482
84117,-95.760076,36.109539
84122,-95.759909,36.109424
84123,-95.759907,36.109480
84124,-95.759906,36.109537
84116,-95.760074,36.109598
84115,-95.760072,36.109655
84114,-95.760069,36.109712
84125,-95.759904,36.109592
84126,-95.759902,36.109649
84127,-95.759899,36.109706
84113,-95.760060,36.109905
84112,-95.760046,36.110128
84213,-95.758907,36.108500
84214,-95.758687,36.108525
84215,-95.758646,36.108530
84216,-95.758605,36.108535
84207,-95.758629,36.108671
84206,-95.758609,36.108673
84217,-95.758565,36.108539
84218,-95.758524,36.108544
84205,-95.758568,36.108678
84133,-95.758892,36.109322
84132,-95.758892,36.109368
84131,-95.758891,36.109413
84130,-95.758890,36.109459
84129,-95.758890,36.109504
84128,-95.758889,36.109550
84134,-95.758722,36.109320
84135,-95.758722,36.109366
84136,-95.758721,36.109411
84137,-95.758720,36.109457
84138,-95.758720,36.109502
84139,-95.758719,36.109548
84140,-95.758718,36.109593
84219,-95.757714,36.108552
84204,-95.757712,36.108690
84220,-95.757673,36.108551
84221,-95.757632,36.108551
84222,-95.757600,36.108548
84203,-95.757671,36.108689
84202,-95.757630,36.108689
84201,-95.757580,36.108684
84223,-95.757559,36.108544
84157,-95.757769,36.110187
84168,-95.757769,36.110187
84158,-95.757726,36.110181
84169,-95.757726,36.110181
84100,-95.757741,36.110323
84167,-95.757741,36.110323
84099,-95.757698,36.110317
84166,-95.757698,36.110317
84159,-95.757682,36.110175
84170,-95.757682,36.110175
84160,-95.757639,36.110170
84171,-95.757639,36.110170
84172,-95.757596,36.110164
84098,-95.757654,36.110311
84165,-95.757654,36.110311
84097,-95.757611,36.110306
84164,-95.757611,36.110306
84173,-95.757553,36.110158
84174,-95.757510,36.110152
84163,-95.757568,36.110300
84162,-95.757525,36.110294
84161,-95.757482,36.110288
84224,-95.756450,36.108451
84200,-95.756452,36.108589
84199,-95.756395,36.108589
84198,-95.756338,36.108589
84197,-95.756282,36.108590
84111,-95.760035,36.110402
84110,-95.760035,36.110552
84067,-95.760035,36.111284
84066,-95.760035,36.111306
84065,-95.760035,36.111328
84147,-95.759828,36.110639
84148,-95.759784,36.110639
84146,-95.759848,36.110778
84109,-95.759826,36.110777
84145,-95.759804,36.110777
84108,-95.759782,36.110777
84144,-95.759760,36.110776
84149,-95.759740,36.110638
84150,-95.759696,36.110637
84151,-95.759675,36.110637
84107,-95.759738,36.110776
84143,-95.759716,36.110776
84106,-95.759694,36.110775
84142,-95.759673,36.110775
84105,-95.759651,36.110775
84069,-95.759770,36.111400
84068,-95.759761,36.111408
84070,-95.759738,36.111399
84071,-95.759706,36.111399
84072,-95.759674,36.111398
84152,-95.758774,36.110554
84153,-95.758733,36.110542
84154,-95.758692,36.110530
84155,-95.758650,36.110518
84156,-95.758609,36.110506
84104,-95.758718,36.110684
84141,-95.758718,36.110684
84103,-95.758677,36.110672
84102,-95.758594,36.110648
84101,-95.758553,36.110636
84073,-95.758997,36.111387
84074,-95.758965,36.111386
84075,-95.758933,36.111386
84076,-95.758900,36.111385
84077,-95.758868,36.111385
84078,-95.758209,36.111278
84079,-95.758179,36.111268
84080,-95.758149,36.111259
84064,-95.758177,36.111415
84063,-95.758147,36.111406
84062,-95.758117,36.111396
84061,-95.758087,36.111387
84259,-95.759127,36.106124
83911,-95.758937,36.106017
83910,-95.758907,36.106016
83909,-95.758878,36.106016
83908,-95.758863,36.106016
84258,-95.759129,36.106311
84257,-95.759131,36.106498
84256,-95.759133,36.106686
83912,-95.758909,36.106703
83953,-95.758950,36.106841
83952,-95.758876,36.106842
83913,-95.758836,36.106705
83914,-95.758763,36.106706
83915,-95.758690,36.106708
83916,-95.758580,36.106710
83917,-95.758538,36.106712
83918,-95.758465,36.106718
83919,-95.758392,36.106724
83951,-95.758803,36.106843
83950,-95.758730,36.106845
83949,-95.758657,36.106846
83948,-95.758584,36.106848
83947,-95.758517,36.106851
83946,-95.758444,36.106857
83945,-95.758372,36.106863
84255,-95.759142,36.107427
84254,-95.759143,36.107456
84253,-95.759143,36.107486
84252,-95.759144,36.107516
84251,-95.759144,36.107545
84250,-95.759144,36.107575
83954,-95.758973,36.107473
83955,-95.758973,36.107503
84249,-95.758935,36.107769
84248,-95.758854,36.107769
84247,-95.758773,36.107769
83956,-95.758651,36.107631
84246,-95.758692,36.107769
84245,-95.758611,36.107769
83957,-95.758571,36.107631
83958,-95.758490,36.107632
84244,-95.758530,36.107770
83959,-95.758409,36.107632
84243,-95.758449,36.107770
84242,-95.758368,36.107770
83920,-95.758319,36.106730
83921,-95.758246,36.106736
83922,-95.758173,36.106742
83944,-95.758299,36.106869
83943,-95.758226,36.106875
83960,-95.758328,36.107632
83961,-95.758247,36.107632
84241,-95.758287,36.107770
83962,-95.758166,36.107632
83963,-95.758085,36.107633
84240,-95.758207,36.107770
84239,-95.758126,36.107771
83964,-95.758004,36.107633
84238,-95.758045,36.107771
83923,-95.757087,36.106799
83942,-95.757125,36.106936
83924,-95.757013,36.106800
83925,-95.756941,36.106801
83941,-95.757052,36.106937
83940,-95.756979,36.106938
83926,-95.756868,36.106801
83939,-95.756905,36.106939
83938,-95.756831,36.106939
83927,-95.756795,36.106801
83937,-95.756758,36.106939
83965,-95.756872,36.107636
84237,-95.756912,36.107774
84236,-95.756831,36.107774
83966,-95.756791,36.107636
83967,-95.756710,36.107636
84235,-95.756751,36.107774
83968,-95.756629,36.107636
83969,-95.756548,36.107636
84234,-95.756670,36.107774
84233,-95.756589,36.107774
83970,-95.756467,36.107637
84232,-95.756508,36.107775
84231,-95.756427,36.107775
83971,-95.756387,36.107637
84225,-95.756393,36.108451
84226,-95.756336,36.108451
84227,-95.756280,36.108452
84266,-95.759126,36.105015
84265,-95.759126,36.105037
84264,-95.759125,36.105212
83898,-95.758923,36.105061
83899,-95.758894,36.105061
83900,-95.758879,36.105061
83901,-95.758864,36.105061
83903,-95.758908,36.105199
83902,-95.758879,36.105199
84263,-95.759125,36.105804
84262,-95.759125,36.105820
84261,-95.759125,36.105835
84260,-95.759125,36.105867
83904,-95.758924,36.105878
83905,-95.758895,36.105878
83906,-95.758880,36.105878
83907,-95.758865,36.105878
83512,-95.757879,36.104381
83897,-95.757908,36.104519
83896,-95.757851,36.104519
83513,-95.757794,36.104381
83514,-95.755321,36.104390
83516,-95.754373,36.104401
83759,-95.747969,36.103290
83758,-95.747962,36.103336
83757,-95.747955,36.103381
83756,-95.747947,36.103426
83755,-95.747940,36.103472
83754,-95.747933,36.103517
83753,-95.747925,36.103562
83846,-95.747801,36.103272
83847,-95.747794,36.103318
83848,-95.747787,36.103363
83849,-95.747776,36.103431
83850,-95.747768,36.103476
83851,-95.747761,36.103522
83852,-95.747754,36.103567
83766,-95.747996,36.102141
83815,-95.747708,36.101991
83814,-95.747708,36.102129
83816,-95.747510,36.101991
83813,-95.747510,36.102129
83817,-95.747312,36.101991
83812,-95.747312,36.102129
83818,-95.747113,36.101991
83811,-95.747113,36.102129
83765,-95.747997,36.102186
83764,-95.747998,36.102232
83763,-95.747999,36.102278
83762,-95.748000,36.102324
83761,-95.748001,36.102369
83760,-95.748003,36.102415
83842,-95.747828,36.102234
83843,-95.747830,36.102303
83844,-95.747831,36.102348
83845,-95.747832,36.102394
83773,-95.747986,36.101364
83772,-95.747995,36.101403
83771,-95.747995,36.101428
83770,-95.747995,36.101452
83769,-95.747995,36.101477
83768,-95.747995,36.101501
83767,-95.747995,36.101526
83774,-95.747825,36.101205
83775,-95.747725,36.101190
83841,-95.747723,36.101328
83776,-95.747661,36.101190
83840,-95.747659,36.101328
83839,-95.747595,36.101327
83777,-95.747597,36.101189
83778,-95.747533,36.101189
83779,-95.747469,36.101189
83838,-95.747467,36.101327
83780,-95.747405,36.101188
83837,-95.747403,36.101326
83836,-95.747339,36.101326
83781,-95.747277,36.101187
83782,-95.747213,36.101187
83835,-95.747275,36.101325
83819,-95.746915,36.101991
83810,-95.746915,36.102129
83820,-95.746716,36.101991
83809,-95.746716,36.102129
83821,-95.746518,36.101991
83808,-95.746518,36.102129
83822,-95.746320,36.101991
83807,-95.746320,36.102129
88114,-95.746205,36.101977
83806,-95.746018,36.102129
83783,-95.746017,36.101181
83784,-95.745965,36.101181
83834,-95.745967,36.101319
83785,-95.745914,36.101181
83786,-95.745837,36.101182
83833,-95.745916,36.101319
83832,-95.745865,36.101320
83831,-95.745813,36.101320
83787,-95.745786,36.101182
83788,-95.745734,36.101183
83789,-95.745683,36.101183
83830,-95.745762,36.101320
83829,-95.745711,36.101321
83823,-95.745496,36.101991
83824,-95.745466,36.101991
83825,-95.745435,36.101991
83805,-95.745496,36.102129
83804,-95.745466,36.102129
83803,-95.745435,36.102129
83826,-95.745404,36.101991
83827,-95.745374,36.101991
83828,-95.745343,36.101991
83802,-95.745404,36.102129
83801,-95.745374,36.102129
83800,-95.745343,36.102129
83799,-95.745312,36.102129
83798,-95.745282,36.102129
83793,-95.744575,36.101354
83794,-95.744575,36.101380
83795,-95.744575,36.101406
83796,-95.744575,36.101432
83797,-95.744575,36.101458
83790,-95.744559,36.101189
83791,-95.744539,36.101188
83792,-95.744519,36.101188
83539,-95.752448,36.101262
83538,-95.752446,36.101418
83611,-95.752258,36.101471
83641,-95.752258,36.101609
83537,-95.752445,36.101661
83536,-95.752445,36.102018
83535,-95.752445,36.102098
83605,-95.751171,36.100819
83612,-95.752170,36.101471
83613,-95.752083,36.101471
83640,-95.752170,36.101609
83639,-95.752083,36.101609
83614,-95.751995,36.101471
83638,-95.751995,36.101609
83615,-95.751908,36.101471
83616,-95.751820,36.101472
83637,-95.751908,36.101609
83636,-95.751820,36.101610
83604,-95.751083,36.100819
83603,-95.750996,36.100819
83602,-95.750820,36.100819
83601,-95.750733,36.100819
83600,-95.750645,36.100819
83617,-95.751165,36.101474
83618,-95.751077,36.101474
83635,-95.751165,36.101612
83634,-95.751077,36.101612
83619,-95.750990,36.101474
83620,-95.750902,36.101474
83621,-95.750815,36.101474
83633,-95.750902,36.101612
83632,-95.750815,36.101612
83622,-95.750727,36.101475
83631,-95.750727,36.101613
83623,-95.750640,36.101475
83630,-95.750640,36.101613
83624,-95.750072,36.101477
83629,-95.750072,36.101615
83625,-95.749984,36.101477
83626,-95.749897,36.101477
83628,-95.749984,36.101615
83627,-95.749897,36.101615
83534,-95.752445,36.102177
83533,-95.752445,36.102257
83642,-95.752258,36.102271
83532,-95.752447,36.102521
83531,-95.752448,36.102654
83673,-95.752258,36.102409
83530,-95.752450,36.102788
83529,-95.752451,36.102922
83528,-95.752453,36.103056
83704,-95.752268,36.103209
83643,-95.752170,36.102271
83644,-95.752104,36.102271
83645,-95.751995,36.102271
83672,-95.752170,36.102409
83671,-95.752083,36.102409
83670,-95.751995,36.102409
83646,-95.751908,36.102271
83647,-95.751820,36.102271
83669,-95.751908,36.102409
83668,-95.751820,36.102409
83674,-95.752180,36.103071
83675,-95.752092,36.103071
83676,-95.752004,36.103071
83677,-95.751917,36.103071
83678,-95.751829,36.103071
83679,-95.751171,36.103071
83703,-95.752180,36.103209
83702,-95.752092,36.103209
83701,-95.752004,36.103209
83700,-95.751917,36.103209
83699,-95.751829,36.103209
83698,-95.751171,36.103209
83648,-95.751165,36.102271
83649,-95.751077,36.102271
83650,-95.750990,36.102271
83667,-95.751165,36.102409
83666,-95.751077,36.102409
83665,-95.750990,36.102409
83651,-95.750902,36.102271
83652,-95.750815,36.102271
83653,-95.750727,36.102271
83664,-95.750902,36.102409
83663,-95.750815,36.102409
83662,-95.750727,36.102409
83680,-95.751083,36.103071
83681,-95.750996,36.103071
83682,-95.750908,36.103071
83683,-95.750820,36.103071
83684,-95.750733,36.103071
83654,-95.750640,36.102271
83661,-95.750640,36.102409
83685,-95.750645,36.103071
83697,-95.751083,36.103209
83696,-95.750996,36.103209
83695,-95.750908,36.103209
83694,-95.750820,36.103209
83693,-95.750733,36.103209
83692,-95.750645,36.103209
83655,-95.750072,36.102271
83656,-95.749984,36.102271
83657,-95.749897,36.102271
83660,-95.750072,36.102409
83659,-95.749984,36.102409
83658,-95.749897,36.102409
83686,-95.750075,36.103071
83687,-95.749987,36.103071
83688,-95.749899,36.103071
83691,-95.750075,36.103209
83690,-95.749987,36.103209
83711,-95.750988,36.103891
83522,-95.750988,36.104029
83712,-95.750885,36.103891
83713,-95.750782,36.103891
83714,-95.750680,36.103891
83521,-95.750885,36.104029
83520,-95.750782,36.104029
83519,-95.750680,36.104029
83715,-95.750577,36.103891
83716,-95.750474,36.103891
83518,-95.750577,36.104029
83517,-95.750474,36.104029
83717,-95.750372,36.103891
83689,-95.749899,36.103209
83718,-95.749528,36.103891
83719,-95.749506,36.103891
83720,-95.749485,36.103891
83752,-95.749528,36.104029
83751,-95.749506,36.104029
83750,-95.749485,36.104029
83749,-95.749261,36.104029
83735,-95.748815,36.101998
83736,-95.748815,36.102084
83737,-95.748815,36.102170
83738,-95.748815,36.102257
83739,-95.748815,36.102655
83740,-95.748815,36.102789
83741,-95.748815,36.102923
83742,-95.748815,36.103057
83743,-95.748815,36.103609
83744,-95.748815,36.103663
83745,-95.748815,36.103716
83746,-95.748815,36.103770
83747,-95.748815,36.103823
83748,-95.748815,36.103877
83527,-95.752455,36.103629
83526,-95.752455,36.103678
83525,-95.752455,36.103728
83524,-95.752455,36.103777
83523,-95.752455,36.103827
83705,-95.752264,36.103844
83706,-95.752176,36.103847
83707,-95.752088,36.103851
83708,-95.752000,36.103854
83709,-95.751912,36.103858
83710,-95.751824,36.103861
83594,-95.750075,36.100681
83599,-95.750075,36.100819
83595,-95.749987,36.100681
83596,-95.749899,36.100681
83598,-95.749987,36.100819
83597,-95.749899,36.100819
83725,-95.748815,36.100322
83726,-95.748815,36.100408
83727,-95.748815,36.100494
83728,-95.748815,36.100580
83729,-95.748815,36.100667
83730,-95.748815,36.100932
83731,-95.748815,36.101065
83732,-95.748815,36.101199
83733,-95.748815,36.101333
83734,-95.748815,36.101467
83721,-95.748815,36.099319
83722,-95.748815,36.099449
83723,-95.748815,36.099825
83724,-95.748815,36.099877
83562,-95.750072,36.099891
83567,-95.750072,36.100029
83563,-95.749984,36.099891
83564,-95.749897,36.099891
83566,-95.749984,36.100029
83565,-95.749897,36.100029
83555,-95.751165,36.099891
83556,-95.751077,36.099891
83574,-95.751165,36.100029
83573,-95.751077,36.100029
83557,-95.750990,36.099891
83572,-95.750990,36.100029
83558,-95.750902,36.099891
83559,-95.750815,36.099891
83571,-95.750902,36.100029
83570,-95.750815,36.100029
83569,-95.750727,36.100029
83561,-95.750640,36.099891
83568,-95.750640,36.100029
83587,-95.751171,36.100681
83588,-95.751083,36.100681
83589,-95.750996,36.100681
83590,-95.750908,36.100681
83591,-95.750820,36.100681
83592,-95.750733,36.100681
83593,-95.750645,36.100681
83560,-95.750727,36.099891
83547,-95.752448,36.099826
83546,-95.752447,36.099878
83549,-95.752258,36.099891
83580,-95.752258,36.100029
83550,-95.752170,36.099891
83551,-95.752083,36.099891
83579,-95.752170,36.100029
83578,-95.752083,36.100029
83552,-95.751995,36.099891
83577,-95.751995,36.100029
83553,-95.751908,36.099891
83554,-95.751820,36.099891
83576,-95.751908,36.100029
83575,-95.751820,36.100029
83545,-95.752449,36.100321
83544,-95.752450,36.100407
83543,-95.752452,36.100579
83542,-95.752453,36.100666
83541,-95.752451,36.100950
83581,-95.752268,36.100681
83582,-95.752180,36.100681
83583,-95.752092,36.100681
83610,-95.752180,36.100819
83609,-95.752092,36.100819
83584,-95.752004,36.100681
83608,-95.752004,36.100819
83585,-95.751917,36.100681
83586,-95.751829,36.100681
83607,-95.751917,36.100819
83540,-95.752449,36.101106
83606,-95.751829,36.100819
83548,-95.752459,36.099342
83130,-95.754746,36.103161
83132,-95.754974,36.103299
83131,-95.754746,36.103299
83129,-95.754519,36.103299
83124,-95.753757,36.103059
83122,-95.753591,36.102813
83123,-95.753588,36.103013
83125,-95.753586,36.103146
83126,-95.753585,36.104175
83128,-95.753755,36.104308
83157,-95.761424,36.101408
83156,-95.761430,36.101546
83158,-95.761063,36.101419
83155,-95.760946,36.101559
83159,-95.760826,36.101421
83154,-95.760765,36.101559
83160,-95.760464,36.101421
83161,-95.760404,36.101421
83153,-95.760301,36.101559
83162,-95.759741,36.101589
83506,-95.761795,36.101387
83505,-95.761795,36.101552
83508,-95.761799,36.098848
83507,-95.761797,36.099813
83163,-95.759482,36.101822
83152,-95.758166,36.103397
83151,-95.758095,36.103657
83144,-95.758051,36.103287
83145,-95.757925,36.103613
83150,-95.758095,36.103968
83146,-95.757925,36.103790
83147,-95.757925,36.103968
83149,-95.758095,36.104234
83148,-95.757925,36.104234
83165,-95.758104,36.101455
83164,-95.758092,36.101468
83166,-95.757909,36.101435
83167,-95.757673,36.101422
83168,-95.757535,36.101508
83142,-95.757802,36.101768
83143,-95.757630,36.101723
83140,-95.757661,36.101913
83141,-95.757509,36.101848
83139,-95.757541,36.102038
83138,-95.757388,36.101972
83137,-95.757247,36.102117
83136,-95.757379,36.102203
83169,-95.756069,36.101282
83170,-95.756141,36.101431
83172,-95.756067,36.101508
83171,-95.755982,36.101373
83173,-95.755206,36.101481
83174,-95.754536,36.102055
83175,-95.754490,36.101917
83176,-95.754472,36.102055
83177,-95.754345,36.102054
83135,-95.755299,36.103299
83134,-95.755234,36.103161
83133,-95.755169,36.103299
83127,-95.753585,36.104397
83183,-95.753756,36.100753
83182,-95.753758,36.100857
83181,-95.753760,36.100961
83180,-95.753762,36.101065
83112,-95.753585,36.100703
83113,-95.753587,36.100807
83114,-95.753589,36.100911
83115,-95.753590,36.100963
83116,-95.753591,36.101015
83179,-95.753766,36.101273
83178,-95.753767,36.101377
83120,-95.753771,36.101689
83117,-95.753595,36.101223
83118,-95.753596,36.101327
83119,-95.753598,36.101431
83121,-95.753602,36.101743
83184,-95.753743,36.100638
83185,-95.753720,36.100536
83110,-95.753542,36.100511
83111,-95.753566,36.100613
83313,-95.758082,36.097651
83314,-95.757950,36.097651
83256,-95.757950,36.097789
83315,-95.757753,36.097651
83255,-95.757753,36.097789
83316,-95.757621,36.097651
83317,-95.757490,36.097651
83254,-95.757555,36.097789
83253,-95.757424,36.097789
83318,-95.757292,36.097651
83252,-95.757226,36.097789
83251,-95.756958,36.097789
83302,-95.758339,36.099809
83301,-95.758339,36.099848
83300,-95.758339,36.099886
83299,-95.758340,36.099924
83298,-95.758340,36.099962
83297,-95.758341,36.100000
83296,-95.758341,36.100038
83312,-95.758335,36.098125
83311,-95.758335,36.098337
83310,-95.758335,36.098350
83309,-95.758335,36.098363
83308,-95.758335,36.098377
83257,-95.758111,36.098391
83268,-95.758149,36.098529
83258,-95.758040,36.098391
83267,-95.758042,36.098529
83266,-95.757970,36.098529
83259,-95.757933,36.098392
83260,-95.757861,36.098392
83265,-95.757863,36.098530
83307,-95.758335,36.098723
83306,-95.758335,36.098844
83305,-95.758335,36.098965
83261,-95.757754,36.098393
83264,-95.757792,36.098530
83262,-95.757647,36.098393
83263,-95.757685,36.098531
83304,-95.758335,36.099086
83303,-95.758335,36.099207
83269,-95.758113,36.099221
83292,-95.758113,36.099359
83270,-95.758061,36.099221
83271,-95.758027,36.099221
83291,-95.758078,36.099359
83290,-95.758027,36.099359
83293,-95.758169,36.099888
83294,-95.758170,36.099926
83295,-95.758170,36.099964
83250,-95.756386,36.098328
83249,-95.756386,36.098358
83248,-95.756386,36.098388
83247,-95.756380,36.098771
83246,-95.756378,36.098989
83272,-95.757054,36.099221
83273,-95.757011,36.099221
83274,-95.757115,36.099829
83289,-95.757285,36.099887
83288,-95.757285,36.099925
83287,-95.757285,36.099963
83275,-95.757115,36.099868
83276,-95.757115,36.099906
83277,-95.757115,36.099944
83278,-95.757115,36.099982
83279,-95.757115,36.100020
83280,-95.757115,36.100058
83245,-95.756376,36.099208
83227,-95.756375,36.099458
83286,-95.758140,36.100459
83285,-95.758070,36.100459
83284,-95.757983,36.100459
83283,-95.757948,36.100459
83282,-95.757913,36.100459
83281,-95.757860,36.100459
83238,-95.756216,36.098312
83239,-95.756216,36.098342
83240,-95.756213,36.098551
83241,-95.756211,36.098714
83242,-95.756209,36.098878
83243,-95.756207,36.099042
83244,-95.756206,36.099206
83228,-95.756020,36.099571
83229,-95.755974,36.099571
83226,-95.756111,36.099709
83225,-95.756020,36.099709
83224,-95.755989,36.099709
83223,-95.755944,36.099709
83222,-95.755898,36.099709
83221,-95.755852,36.099709
83320,-95.757141,36.097426
83319,-95.757141,36.097471
83085,-95.756465,36.097651
83086,-95.756424,36.097651
83087,-95.756188,36.097652
83088,-95.756151,36.097652
83089,-95.756096,36.097653
83090,-95.756059,36.097653
83091,-95.756003,36.097653
83092,-95.755145,36.097659
83093,-95.754812,36.097656
83191,-95.754810,36.097794
83094,-95.754562,36.097654
83190,-95.754560,36.097792
83095,-95.754395,36.097653
83189,-95.754393,36.097791
83237,-95.755415,36.098345
83236,-95.755415,36.098376
83235,-95.755415,36.098407
83234,-95.755415,36.098643
83233,-95.755415,36.098787
83232,-95.755415,36.098930
83231,-95.755415,36.099073
83230,-95.755415,36.099217
83192,-95.755245,36.098332
83193,-95.755245,36.098362
83194,-95.755245,36.098392
83195,-95.755090,36.098421
83206,-95.755092,36.098559
83196,-95.754988,36.098422
83197,-95.754886,36.098422
83198,-95.754784,36.098423
83207,-95.755245,36.098733
83208,-95.755245,36.098894
83209,-95.755245,36.099055
83205,-95.754990,36.098560
83204,-95.754922,36.098560
83203,-95.754820,36.098561
83199,-95.754716,36.098423
83200,-95.754614,36.098424
83202,-95.754752,36.098561
83201,-95.754650,36.098562
83210,-95.755055,36.099231
83219,-95.755251,36.099545
83220,-95.755252,36.099559
83218,-95.755055,36.099369
83211,-95.754987,36.099231
83212,-95.754918,36.099231
83213,-95.754814,36.099231
83217,-95.754952,36.099369
83216,-95.754849,36.099369
83214,-95.754746,36.099231
83215,-95.754677,36.099231
83188,-95.754143,36.097789
83096,-95.754062,36.097651
83187,-95.753858,36.097789
83186,-95.753847,36.097789
83101,-95.753375,36.098309
83102,-95.753375,36.098340
83103,-95.753375,36.098370
83104,-95.753375,36.098401
83105,-95.753372,36.098581
83106,-95.753368,36.098739
83107,-95.753364,36.098898
83108,-95.753360,36.099057
83109,-95.753357,36.099216
83097,-95.753727,36.097651
83098,-95.753720,36.097651
83099,-95.753709,36.097651
