49771,-95.796399,36.009799
49770,-95.796226,36.009799
50117,-95.795865,36.009137
50116,-95.795865,36.009210
50115,-95.795865,36.009283
50114,-95.795865,36.009356
50113,-95.795865,36.009429
49769,-95.796053,36.009799
50112,-95.795865,36.009502
50111,-95.795865,36.009575
50110,-95.795967,36.009661
49768,-95.795881,36.009799
50155,-95.795695,36.008991
50156,-95.795695,36.009064
50157,-95.795695,36.009137
50158,-95.795695,36.009210
50159,-95.795695,36.009283
50160,-95.795695,36.009319
50161,-95.795695,36.009429
50162,-95.795695,36.009502
50163,-95.795695,36.009575
50164,-95.795695,36.009648
49730,-95.796785,36.010805
49729,-95.796785,36.010812
49728,-95.796785,36.010818
49727,-95.796785,36.010824
49645,-95.796615,36.010954
49726,-95.796783,36.011123
49725,-95.796781,36.011281
49724,-95.796779,36.011440
49723,-95.796777,36.011599
49646,-95.796612,36.011191
49647,-95.796610,36.011332
49648,-95.796609,36.011473
49731,-95.795942,36.010473
49732,-95.795910,36.010473
49733,-95.795878,36.010473
49734,-95.795846,36.010473
49735,-95.795814,36.010474
49644,-95.795910,36.010611
49643,-95.795878,36.010611
49642,-95.795846,36.010611
49641,-95.795814,36.010612
49652,-95.795775,36.011714
49651,-95.795775,36.011727
49650,-95.795775,36.011741
49649,-95.795775,36.011754
49722,-95.795954,36.011915
49721,-95.795922,36.011915
49720,-95.795889,36.011916
49719,-95.795857,36.011916
49718,-95.795824,36.011916
49683,-95.795605,36.011741
49684,-95.795605,36.011754
49685,-95.795603,36.011931
50172,-95.794905,36.009354
50171,-95.794905,36.009395
50170,-95.794905,36.009437
50173,-95.794735,36.009354
50174,-95.794735,36.009395
50175,-95.794735,36.009437
49767,-95.795013,36.009799
49766,-95.794982,36.009799
49765,-95.794951,36.009799
50169,-95.794905,36.009479
50168,-95.794905,36.009521
50167,-95.794905,36.009563
50166,-95.794905,36.009605
50165,-95.794905,36.009647
50176,-95.794735,36.009479
50177,-95.794735,36.009521
50178,-95.794735,36.009563
50179,-95.794735,36.009605
49764,-95.794921,36.009799
50180,-95.794360,36.009661
49763,-95.794379,36.009799
49762,-95.794360,36.009799
50130,-95.793755,36.008816
50131,-95.793755,36.008891
50150,-95.793925,36.008967
50149,-95.793925,36.009043
50148,-95.793925,36.009118
50147,-95.793925,36.009194
50146,-95.793925,36.009269
50145,-95.793925,36.009345
50144,-95.793925,36.009421
50132,-95.793755,36.008967
50133,-95.793755,36.009043
50134,-95.793755,36.009118
50135,-95.793755,36.009194
50136,-95.793755,36.009269
50137,-95.793755,36.009345
50138,-95.793755,36.009421
50143,-95.793925,36.009496
50142,-95.793925,36.009572
50141,-95.793925,36.009648
49761,-95.794148,36.009799
50139,-95.793755,36.009496
50140,-95.793755,36.009572
49760,-95.793738,36.009799
50181,-95.793546,36.009661
49759,-95.793546,36.009799
50182,-95.793162,36.009661
49758,-95.793354,36.009799
49757,-95.793162,36.009799
49736,-95.795082,36.010477
49737,-95.795051,36.010477
49640,-95.795114,36.010614
49639,-95.795082,36.010615
49638,-95.795051,36.010615
49637,-95.795019,36.010615
49738,-95.794382,36.010479
49636,-95.794382,36.010617
49635,-95.794351,36.010618
49653,-95.794895,36.011273
49654,-95.794864,36.011272
49655,-95.794833,36.011272
49656,-95.794802,36.011272
49657,-95.794606,36.012029
49739,-95.794039,36.010481
49740,-95.793821,36.010481
49741,-95.793579,36.010479
49742,-95.793501,36.010478
49634,-95.793818,36.011724
49633,-95.793824,36.011787
49632,-95.793830,36.011849
49631,-95.793832,36.011922
49630,-95.793827,36.011985
49498,-95.793650,36.011734
49499,-95.793656,36.011797
49500,-95.793662,36.011859
49501,-95.793664,36.011912
49502,-95.793659,36.011975
50191,-95.792945,36.007923
50190,-95.792945,36.008064
50189,-95.792945,36.008205
50188,-95.792945,36.008346
50187,-95.792945,36.008582
50186,-95.792946,36.008795
50197,-95.792776,36.008700
50198,-95.792778,36.008937
50185,-95.792948,36.009008
50184,-95.792950,36.009221
50183,-95.792952,36.009434
50199,-95.792780,36.009173
50200,-95.792782,36.009410
49756,-95.792971,36.009799
50201,-95.792784,36.009647
50246,-95.791624,36.008431
50247,-95.791555,36.008431
50248,-95.791486,36.008431
50249,-95.791417,36.008431
50250,-95.791349,36.008431
50251,-95.791280,36.008431
50252,-95.791211,36.008431
50253,-95.791142,36.008431
50245,-95.791568,36.008569
50244,-95.791500,36.008569
50243,-95.791432,36.008569
50242,-95.791364,36.008569
50241,-95.791296,36.008569
50240,-95.791228,36.008569
50239,-95.791160,36.008569
50205,-95.791975,36.009613
50204,-95.791975,36.009624
50203,-95.791975,36.009635
50202,-95.791975,36.009647
49755,-95.792120,36.009799
49754,-95.792083,36.009799
49753,-95.792046,36.009799
49752,-95.792009,36.009799
50206,-95.791805,36.009613
50207,-95.791805,36.009624
50208,-95.791805,36.009635
50209,-95.791805,36.009647
49751,-95.791790,36.009801
49750,-95.791533,36.009806
49511,-95.792818,36.012031
49743,-95.792051,36.010465
49744,-95.791973,36.010464
49745,-95.791894,36.010464
49746,-95.791816,36.010463
49747,-95.791737,36.010462
49748,-95.791659,36.010462
49497,-95.792059,36.010603
49496,-95.791979,36.010603
49495,-95.791899,36.010602
49494,-95.791819,36.010601
49493,-95.791739,36.010600
49492,-95.791659,36.010600
49426,-95.791522,36.010420
49749,-95.791523,36.010446
49491,-95.791579,36.010599
49490,-95.791340,36.010600
49512,-95.792008,36.011281
49513,-95.791978,36.011281
49514,-95.791948,36.011281
49515,-95.791896,36.011284
49516,-95.791867,36.011290
49517,-95.791665,36.012027
50254,-95.791074,36.008431
50238,-95.791092,36.008569
50213,-95.791005,36.009622
50212,-95.791005,36.009633
50211,-95.791005,36.009645
50210,-95.791005,36.009657
50214,-95.790835,36.009622
50215,-95.790835,36.009633
50216,-95.790835,36.009645
50217,-95.790835,36.009657
49425,-95.790200,36.009809
49424,-95.790157,36.009809
49423,-95.790114,36.009809
50255,-95.789905,36.008431
50256,-95.789837,36.008431
50257,-95.789768,36.008431
50258,-95.789699,36.008431
50259,-95.789631,36.008431
50237,-95.789970,36.008569
50236,-95.789902,36.008569
50235,-95.789834,36.008569
50234,-95.789766,36.008569
50233,-95.789698,36.008569
50232,-95.789631,36.008569
50221,-95.790035,36.009382
50222,-95.789865,36.009382
50220,-95.790035,36.009473
50219,-95.790035,36.009565
50218,-95.790035,36.009657
50223,-95.789865,36.009473
50224,-95.789865,36.009565
50225,-95.789865,36.009657
49422,-95.790072,36.009809
49421,-95.789653,36.009809
49420,-95.789459,36.009809
49419,-95.789265,36.009809
49418,-95.789071,36.009809
49427,-95.791056,36.010466
49428,-95.791037,36.010466
49429,-95.791018,36.010466
49489,-95.790849,36.011490
49430,-95.790680,36.011438
49431,-95.790679,36.011488
49488,-95.790849,36.011539
49487,-95.790848,36.011589
49486,-95.790847,36.011638
49485,-95.790846,36.011688
49484,-95.790846,36.011738
49432,-95.790679,36.011537
49433,-95.790678,36.011587
49434,-95.790677,36.011636
49435,-95.790676,36.011686
49436,-95.790676,36.011736
49483,-95.790848,36.011992
49460,-95.789450,36.011889
49459,-95.789388,36.011889
49458,-95.789326,36.011889
49457,-95.789264,36.011889
49456,-95.789202,36.011889
49455,-95.789141,36.011889
50231,-95.789055,36.009443
50298,-95.788885,36.009358
50299,-95.788885,36.009401
50300,-95.788885,36.009443
50230,-95.789055,36.009486
50229,-95.789055,36.009528
50228,-95.789055,36.009571
50227,-95.789055,36.009613
50226,-95.789055,36.009656
50301,-95.788885,36.009486
50302,-95.788885,36.009528
50303,-95.788885,36.009571
50304,-95.788885,36.009613
50305,-95.788885,36.009656
49417,-95.788609,36.009809
50307,-95.788075,36.009474
50306,-95.788075,36.009657
49416,-95.788091,36.009809
50383,-95.787888,36.009671
50384,-95.787848,36.009671
49415,-95.787888,36.009809
49414,-95.787848,36.009809
49413,-95.787809,36.009809
49412,-95.787770,36.009809
49411,-95.787731,36.009809
49712,-95.795972,36.012567
49711,-95.795991,36.012705
49713,-95.795937,36.012568
49714,-95.795902,36.012568
49715,-95.795867,36.012569
49710,-95.795956,36.012706
49709,-95.795921,36.012706
49708,-95.795886,36.012706
49707,-95.795851,36.012707
49716,-95.795832,36.012569
49717,-95.795797,36.012569
49706,-95.795816,36.012707
49686,-95.795596,36.012216
49687,-95.795595,36.012552
49688,-95.795595,36.012722
49689,-95.795595,36.012894
49700,-95.795976,36.013337
49699,-95.795996,36.013475
49701,-95.795941,36.013338
49702,-95.795905,36.013338
49703,-95.795869,36.013339
49698,-95.795960,36.013476
49697,-95.795925,36.013476
49696,-95.795889,36.013476
49695,-95.795853,36.013477
49704,-95.795833,36.013339
49705,-95.795797,36.013339
49694,-95.795817,36.013477
49690,-95.795595,36.013067
49691,-95.795595,36.013240
49692,-95.795595,36.013492
49595,-95.796157,36.014122
49596,-95.796126,36.014122
49597,-95.796094,36.014123
49598,-95.796063,36.014124
49599,-95.796031,36.014124
49600,-95.796000,36.014125
49594,-95.796067,36.014262
49593,-95.796035,36.014262
49592,-95.796004,36.014263
49591,-95.795972,36.014263
49601,-95.795968,36.014125
49602,-95.795936,36.014126
49603,-95.795905,36.014126
49604,-95.795873,36.014127
49605,-95.795842,36.014127
49590,-95.795940,36.014264
49589,-95.795909,36.014264
49588,-95.795877,36.014265
49587,-95.795846,36.014265
49606,-95.795810,36.014128
49693,-95.795595,36.014117
49682,-95.794776,36.012094
49681,-95.794775,36.012125
49680,-95.794775,36.012156
49679,-95.794775,36.012188
49658,-95.794606,36.012061
49659,-95.794606,36.012092
49660,-95.794605,36.012123
49661,-95.794605,36.012154
49662,-95.794605,36.012170
49678,-95.794783,36.013083
49677,-95.794783,36.013121
49676,-95.794784,36.013159
49675,-95.794784,36.013196
49674,-95.794779,36.013246
49673,-95.794772,36.013284
49663,-95.794613,36.013104
49664,-95.794614,36.013142
49665,-95.794614,36.013179
49666,-95.794614,36.013205
49667,-95.794607,36.013243
49629,-95.793821,36.012047
49628,-95.793816,36.012110
49627,-95.793811,36.012173
49503,-95.793653,36.012037
49504,-95.793648,36.012100
49505,-95.793643,36.012163
49672,-95.794032,36.013442
49671,-95.794002,36.013441
49670,-95.793971,36.013441
49669,-95.793941,36.013441
49626,-95.793811,36.013118
49625,-95.793810,36.013161
49624,-95.793809,36.013203
49623,-95.793808,36.013246
49622,-95.793807,36.013289
49668,-95.793911,36.013440
49557,-95.793641,36.013099
49558,-95.793640,36.013141
49559,-95.793639,36.013182
49560,-95.793638,36.013224
49561,-95.793637,36.013266
49562,-95.793636,36.013453
49607,-95.794769,36.014121
49608,-95.794751,36.014120
49609,-95.794733,36.014120
49610,-95.794714,36.014120
49611,-95.794696,36.014120
49586,-95.794759,36.014259
49585,-95.794740,36.014258
49584,-95.794722,36.014258
49583,-95.794703,36.014258
49612,-95.794677,36.014120
49582,-95.794684,36.014258
49581,-95.794666,36.014258
49613,-95.793960,36.014113
49614,-95.793942,36.014113
49615,-95.793923,36.014112
49580,-95.793978,36.014251
49579,-95.793960,36.014251
49578,-95.793941,36.014251
49577,-95.793922,36.014250
49616,-95.793905,36.014112
49617,-95.793887,36.014112
49618,-95.793868,36.014112
49619,-95.793850,36.014112
49620,-95.793832,36.014112
49576,-95.793904,36.014250
49575,-95.793885,36.014250
49574,-95.793867,36.014250
49573,-95.793848,36.014250
49572,-95.793830,36.014250
49563,-95.793643,36.014098
49621,-95.793628,36.014111
49571,-95.793628,36.014249
49564,-95.793505,36.014111
49570,-95.793536,36.014249
49569,-95.793444,36.014249
49565,-95.793383,36.014111
49568,-95.793352,36.014249
49566,-95.793261,36.014111
49567,-95.793261,36.014249
49510,-95.792817,36.012060
49509,-95.792817,36.012090
49508,-95.792816,36.012119
49507,-95.792816,36.012149
49506,-95.792816,36.012179
49553,-95.792647,36.012088
49554,-95.792646,36.012117
49555,-95.792646,36.012147
49556,-95.792646,36.012177
49539,-95.792815,36.013086
49538,-95.792815,36.013124
49537,-95.792815,36.013162
49536,-95.792815,36.013200
49535,-95.792815,36.013238
49534,-95.792815,36.013277
49540,-95.792645,36.013105
49541,-95.792645,36.013143
49542,-95.792645,36.013181
49543,-95.792645,36.013219
49544,-95.792645,36.013257
49552,-95.791835,36.012083
49551,-95.791835,36.012111
49550,-95.791835,36.012139
49518,-95.791665,36.012055
49519,-95.791665,36.012111
49520,-95.791665,36.012139
49521,-95.791665,36.012168
49533,-95.792026,36.013435
49532,-95.791995,36.013435
49531,-95.791964,36.013436
49530,-95.791933,36.013436
49529,-95.791902,36.013436
49549,-95.791849,36.013091
49548,-95.791850,36.013130
49547,-95.791850,36.013169
49546,-95.791851,36.013208
49545,-95.791852,36.013247
49522,-95.791679,36.013093
49523,-95.791680,36.013132
49524,-95.791680,36.013171
49525,-95.791681,36.013210
49526,-95.791682,36.013249
49527,-95.791683,36.013288
49528,-95.791872,36.013437
49482,-95.790853,36.012176
49481,-95.790847,36.012529
49479,-95.790850,36.012949
49478,-95.790851,36.013013
49480,-95.790847,36.012755
49477,-95.790854,36.013142
49449,-95.789466,36.012541
49450,-95.789405,36.012541
49451,-95.789344,36.012541
49452,-95.789283,36.012541
49453,-95.789222,36.012541
49454,-95.789161,36.012541
49448,-95.789466,36.012679
49447,-95.789405,36.012679
49446,-95.789344,36.012679
49445,-95.789283,36.012679
49444,-95.789222,36.012679
49443,-95.789161,36.012679
49476,-95.789662,36.013449
49475,-95.789603,36.013449
49437,-95.789514,36.013311
49438,-95.789455,36.013311
49439,-95.789397,36.013311
49440,-95.789338,36.013311
49474,-95.789544,36.013449
49473,-95.789485,36.013449
49472,-95.789426,36.013449
49471,-95.789367,36.013449
49441,-95.789279,36.013311
49442,-95.789228,36.013311
49470,-95.789308,36.013449
49469,-95.789249,36.013449
49468,-95.789183,36.013445
49461,-95.788970,36.012463
49462,-95.788971,36.012495
49463,-95.788972,36.012528
49464,-95.788965,36.012891
49465,-95.788961,36.013026
49466,-95.788957,36.013161
49467,-95.788969,36.013309
49800,-95.795310,36.005255
49801,-95.795224,36.005253
49818,-95.795220,36.005391
49794,-95.796835,36.006740
49793,-95.796835,36.006766
49792,-95.796835,36.006793
49791,-95.796835,36.006820
49790,-95.796835,36.006847
49819,-95.795222,36.006047
49836,-95.795222,36.006185
49837,-95.795215,36.006861
49847,-95.794510,36.004810
49877,-95.794338,36.004667
49878,-95.794340,36.004854
49802,-95.795138,36.005252
49803,-95.795051,36.005250
49804,-95.794965,36.005249
49805,-95.794878,36.005247
49806,-95.794792,36.005246
49807,-95.794705,36.005244
49817,-95.795134,36.005390
49816,-95.795047,36.005388
49815,-95.794961,36.005387
49814,-95.794874,36.005385
49813,-95.794788,36.005384
49812,-95.794701,36.005382
49846,-95.794512,36.005018
49808,-95.794619,36.005243
49809,-95.794533,36.005242
49879,-95.794342,36.005041
49880,-95.794344,36.005228
49811,-95.794615,36.005381
49810,-95.794529,36.005380
49902,-95.793525,36.004962
49901,-95.793525,36.004996
49900,-95.793525,36.005030
49899,-95.793525,36.005064
49898,-95.793525,36.005098
49897,-95.793525,36.005132
49903,-95.793355,36.004962
49904,-95.793355,36.004996
49905,-95.793355,36.005030
49906,-95.793355,36.005064
49907,-95.793355,36.005098
49908,-95.793355,36.005132
49896,-95.793525,36.005844
49895,-95.793525,36.005878
49909,-95.793355,36.005844
49910,-95.793355,36.005878
49820,-95.795135,36.006047
49821,-95.795049,36.006047
49822,-95.794963,36.006048
49835,-95.795135,36.006185
49834,-95.795049,36.006185
49833,-95.794963,36.006186
49823,-95.794876,36.006048
49824,-95.794790,36.006048
49825,-95.794703,36.006049
49832,-95.794876,36.006186
49831,-95.794790,36.006186
49830,-95.794703,36.006187
49838,-95.795128,36.006861
49839,-95.795041,36.006861
49840,-95.794954,36.006861
49841,-95.794868,36.006861
49842,-95.794781,36.006861
49843,-95.794700,36.006857
49826,-95.794617,36.006049
49827,-95.794531,36.006050
49829,-95.794617,36.006187
49828,-95.794531,36.006188
49881,-95.794345,36.005942
49882,-95.794345,36.005969
49883,-95.794345,36.005996
49884,-95.794345,36.006023
49885,-95.794343,36.006201
49844,-95.794613,36.006852
49845,-95.794527,36.006847
49886,-95.794336,36.006776
49887,-95.794336,36.006801
49888,-95.794336,36.006826
50094,-95.795128,36.006999
50093,-95.795041,36.006999
50092,-95.794954,36.006999
50091,-95.794868,36.006999
50090,-95.794781,36.006999
50122,-95.794746,36.007648
50089,-95.794688,36.006993
50088,-95.794601,36.006988
50087,-95.794515,36.006983
50123,-95.794678,36.007647
50124,-95.794609,36.007645
50125,-95.794540,36.007643
50126,-95.794472,36.007642
50154,-95.794603,36.007783
50153,-95.794534,36.007781
50152,-95.794466,36.007780
50127,-95.794403,36.007640
50128,-95.794335,36.007638
50129,-95.794266,36.007637
50151,-95.794397,36.007778
49894,-95.793525,36.005911
49893,-95.793525,36.005945
49892,-95.793525,36.005979
49911,-95.793355,36.005911
49912,-95.793355,36.005945
49913,-95.793355,36.005979
49891,-95.793525,36.006759
49890,-95.793525,36.006793
49889,-95.793525,36.006827
49914,-95.793355,36.006759
49915,-95.793355,36.006793
49916,-95.793355,36.006827
50086,-95.793667,36.006979
50085,-95.793636,36.006979
50084,-95.793604,36.006979
50083,-95.793572,36.006979
49789,-95.796838,36.008141
49788,-95.796839,36.008248
49787,-95.796839,36.008356
49786,-95.796839,36.008463
49785,-95.796840,36.008571
49784,-95.796840,36.008679
49783,-95.796841,36.008786
49782,-95.796841,36.008894
50095,-95.796668,36.008141
50096,-95.796669,36.008248
50097,-95.796669,36.008356
50098,-95.796669,36.008463
50099,-95.796670,36.008571
50100,-95.796670,36.008679
50101,-95.796671,36.008786
50102,-95.796671,36.008894
49781,-95.796841,36.009001
49780,-95.796842,36.009109
49779,-95.796842,36.009216
49778,-95.796842,36.009324
49777,-95.796843,36.009431
49776,-95.796843,36.009539
49775,-95.796844,36.009647
50103,-95.796671,36.009001
50104,-95.796672,36.009109
50105,-95.796672,36.009216
50106,-95.796672,36.009324
50107,-95.796673,36.009431
50108,-95.796673,36.009539
50109,-95.796674,36.009647
49772,-95.796571,36.009799
50121,-95.795865,36.008845
50120,-95.795865,36.008918
50119,-95.795865,36.008991
50118,-95.795865,36.009064
49946,-95.792555,36.005278
49945,-95.792555,36.005282
49944,-95.792555,36.005287
49947,-95.792385,36.005282
49948,-95.792385,36.005287
49949,-95.791733,36.005301
49950,-95.791704,36.005301
49953,-95.791676,36.005301
49967,-95.791742,36.005439
49966,-95.791713,36.005439
49965,-95.791683,36.005439
49964,-95.791654,36.005439
49917,-95.792709,36.006841
49943,-95.792561,36.005948
49942,-95.792562,36.005973
49941,-95.792562,36.005997
49940,-95.792562,36.006021
49939,-95.792563,36.006046
49918,-95.792613,36.006841
49919,-95.792517,36.006841
49920,-95.792421,36.006841
49921,-95.792229,36.006841
49922,-95.792133,36.006841
50196,-95.792945,36.007460
50195,-95.792945,36.007505
50194,-95.792945,36.007550
50193,-95.792945,36.007594
50192,-95.792945,36.007782
50082,-95.792618,36.006979
50081,-95.792526,36.006979
50080,-95.792433,36.006979
50079,-95.792340,36.006979
50078,-95.792247,36.006979
50077,-95.792154,36.006979
49923,-95.792037,36.006841
49924,-95.791941,36.006841
49925,-95.791845,36.006841
49938,-95.791453,36.006202
49937,-95.791406,36.006202
49968,-95.791358,36.006064
49969,-95.791311,36.006065
49970,-95.791263,36.006065
49971,-95.791216,36.006065
49936,-95.791358,36.006202
49935,-95.791311,36.006203
49934,-95.791263,36.006203
49933,-95.791216,36.006203
50076,-95.792062,36.006979
50075,-95.791969,36.006979
50274,-95.791639,36.007634
50273,-95.791627,36.007772
50275,-95.791572,36.007634
50276,-95.791504,36.007634
50277,-95.791436,36.007634
50278,-95.791368,36.007635
50272,-95.791559,36.007772
50271,-95.791490,36.007772
50270,-95.791422,36.007772
50279,-95.791301,36.007635
50280,-95.791233,36.007635
50281,-95.791165,36.007635
50269,-95.791353,36.007773
50268,-95.791285,36.007773
50267,-95.791216,36.007773
50266,-95.791148,36.007773
49954,-95.790428,36.005301
49955,-95.790342,36.005301
49956,-95.790256,36.005301
49957,-95.790170,36.005301
49958,-95.790084,36.005301
49963,-95.790430,36.005439
49962,-95.790352,36.005439
49961,-95.790274,36.005439
49960,-95.790196,36.005439
49959,-95.790118,36.005439
50012,-95.789841,36.005202
50013,-95.789850,36.005504
50014,-95.789848,36.005612
50015,-95.789456,36.005674
50025,-95.789485,36.005813
50024,-95.789469,36.005813
50023,-95.789454,36.005812
50016,-95.789091,36.005671
49972,-95.790362,36.006068
49932,-95.790362,36.006206
49973,-95.790315,36.006068
49974,-95.790268,36.006069
49975,-95.790220,36.006069
49976,-95.790173,36.006069
49931,-95.790315,36.006206
49930,-95.790268,36.006207
49929,-95.790220,36.006207
49928,-95.790173,36.006207
49926,-95.790117,36.006841
50282,-95.791097,36.007635
50265,-95.791079,36.007773
50074,-95.790299,36.006979
50073,-95.790206,36.006979
50072,-95.790113,36.006979
50026,-95.789843,36.006221
49927,-95.790021,36.006841
50027,-95.789836,36.006826
50028,-95.789752,36.006844
50029,-95.789628,36.006848
50030,-95.789235,36.006851
50071,-95.790021,36.006979
50070,-95.789634,36.006986
50283,-95.789945,36.007639
50284,-95.789878,36.007639
50264,-95.789915,36.007777
50263,-95.789846,36.007777
50285,-95.789810,36.007639
50286,-95.789742,36.007639
50287,-95.789674,36.007639
50262,-95.789778,36.007777
50261,-95.789709,36.007777
50260,-95.789641,36.007778
50069,-95.789235,36.006989
50288,-95.789436,36.007642
50295,-95.789452,36.007843
50289,-95.789307,36.007644
50290,-95.789178,36.007646
50294,-95.789274,36.007783
50293,-95.789163,36.007785
50296,-95.789450,36.008051
50297,-95.789283,36.008436
50022,-95.789045,36.006054
50018,-95.788875,36.006037
50019,-95.788875,36.006046
50020,-95.788875,36.006054
50021,-95.788875,36.006063
50031,-95.788850,36.006851
50032,-95.788465,36.006851
50068,-95.788850,36.006989
50291,-95.789049,36.007649
50292,-95.789053,36.007787
50067,-95.788465,36.006989
50320,-95.788071,36.007471
50319,-95.788071,36.007516
50318,-95.788072,36.007561
50317,-95.788073,36.007606
50316,-95.788075,36.007850
50315,-95.788075,36.008006
50314,-95.788075,36.008162
50313,-95.788075,36.008318
50312,-95.788075,36.008562
50311,-95.788075,36.008744
50310,-95.788075,36.008927
49856,-95.794502,36.003299
49855,-95.794502,36.003317
49854,-95.794505,36.003492
49853,-95.794505,36.003519
49852,-95.794505,36.003547
49851,-95.794505,36.003574
49857,-95.793675,36.003341
49868,-95.793675,36.003479
49858,-95.793642,36.003341
49859,-95.793609,36.003341
49860,-95.793576,36.003341
49861,-95.793543,36.003341
49867,-95.793642,36.003479
49866,-95.793609,36.003479
49865,-95.793576,36.003479
49864,-95.793543,36.003479
49862,-95.793511,36.003341
49863,-95.793511,36.003479
51520,-95.792470,36.001685
51519,-95.792438,36.001754
51572,-95.792282,36.001702
51573,-95.792249,36.001743
51579,-95.791629,36.001722
51581,-95.791293,36.001237
51580,-95.791469,36.001476
51582,-95.791199,36.001367
51518,-95.792383,36.001827
51517,-95.792332,36.001881
51516,-95.792281,36.001935
51574,-95.792198,36.001797
51575,-95.792147,36.001851
51515,-95.792230,36.001989
51514,-95.792179,36.002043
51512,-95.792148,36.002117
51576,-95.792096,36.001905
51577,-95.792045,36.001959
51578,-95.791994,36.002013
51513,-95.792128,36.002097
51511,-95.792063,36.002236
51510,-95.792054,36.002231
51509,-95.791852,36.002781
51508,-95.791858,36.002808
51506,-95.791681,36.002776
51505,-95.791495,36.001806
51507,-95.791692,36.002830
51584,-95.791028,36.001205
51504,-95.789965,36.002261
51503,-95.789857,36.002261
51501,-95.789749,36.002261
51500,-95.789641,36.002261
51502,-95.790074,36.002399
51499,-95.789965,36.002399
51498,-95.789857,36.002399
51497,-95.789749,36.002399
51496,-95.789641,36.002399
51495,-95.789533,36.002261
51494,-95.789425,36.002261
51492,-95.789317,36.002261
51490,-95.789209,36.002261
51470,-95.789085,36.002219
51488,-95.789085,36.002247
51493,-95.789425,36.002399
51491,-95.789317,36.002399
51489,-95.789209,36.002399
51487,-95.789076,36.002798
49994,-95.789219,36.003343
49995,-95.789188,36.003343
49993,-95.789217,36.003481
49992,-95.789186,36.003481
49996,-95.789158,36.003342
49997,-95.789127,36.003342
49998,-95.789097,36.003342
49991,-95.789156,36.003480
49990,-95.789125,36.003480
49989,-95.789095,36.003480
49798,-95.796867,36.005248
49799,-95.796849,36.005249
49797,-95.796853,36.005387
49796,-95.796835,36.005975
49795,-95.796835,36.006027
49850,-95.794505,36.004127
49875,-95.794335,36.004293
49849,-95.794506,36.004394
49848,-95.794508,36.004602
49876,-95.794336,36.004480
49869,-95.793635,36.004148
49870,-95.793603,36.004148
49871,-95.793571,36.004148
49872,-95.793540,36.004149
49873,-95.793118,36.004151
49874,-95.793101,36.004151
49951,-95.791225,36.003916
49952,-95.791055,36.003916
49984,-95.789518,36.004117
49983,-95.789516,36.004255
49985,-95.789406,36.004116
49982,-95.789404,36.004254
49986,-95.789295,36.004114
49987,-95.789183,36.004113
49988,-95.789072,36.004112
49981,-95.789181,36.004251
49980,-95.789070,36.004250
49977,-95.789739,36.004909
50011,-95.789502,36.005026
49978,-95.789397,36.004887
49979,-95.789073,36.004882
50010,-95.789069,36.005020
51483,-95.788915,36.002206
51484,-95.788915,36.002233
51485,-95.788913,36.002411
51486,-95.788906,36.002796
49999,-95.788896,36.003301
50000,-95.788896,36.003317
50001,-95.788893,36.003491
50002,-95.788892,36.003518
50003,-95.788892,36.003546
50004,-95.788886,36.004096
50005,-95.788885,36.004329
50006,-95.788885,36.004463
50007,-95.788885,36.004598
50009,-95.788633,36.005025
50008,-95.788623,36.005026
50017,-95.789054,36.005677
50033,-95.788081,36.006851
50066,-95.788081,36.006989
50034,-95.787879,36.006849
50035,-95.787848,36.006848
50036,-95.787818,36.006848
50037,-95.787788,36.006848
50038,-95.787758,36.006847
50039,-95.787728,36.006847
50040,-95.787127,36.006789
50065,-95.787609,36.006984
50321,-95.787874,36.007621
50322,-95.787848,36.007621
50323,-95.787822,36.007621
50324,-95.787796,36.007621
50350,-95.787874,36.007759
50349,-95.787848,36.007759
50348,-95.787822,36.007759
50347,-95.787796,36.007759
50325,-95.787770,36.007621
50326,-95.787744,36.007621
50346,-95.787770,36.007759
50345,-95.787744,36.007759
50064,-95.787475,36.006983
50063,-95.787341,36.006981
50062,-95.787207,36.006980
50327,-95.787222,36.007621
50328,-95.787196,36.007621
50329,-95.787170,36.007621
50330,-95.787144,36.007621
50331,-95.787118,36.007621
50344,-95.787222,36.007759
50343,-95.787196,36.007759
50342,-95.787170,36.007759
50341,-95.787144,36.007759
50340,-95.787118,36.007759
50041,-95.786938,36.006841
50042,-95.786891,36.006841
50043,-95.786845,36.006841
50044,-95.786798,36.006841
50045,-95.786752,36.006841
50046,-95.786705,36.006841
50061,-95.786938,36.006979
50332,-95.786570,36.007621
50333,-95.786544,36.007621
50334,-95.786518,36.007621
50339,-95.786570,36.007759
50338,-95.786544,36.007759
50337,-95.786518,36.007759
50060,-95.786300,36.006981
50059,-95.786267,36.006981
50058,-95.786233,36.006981
50057,-95.786200,36.006981
50056,-95.786166,36.006982
50055,-95.786133,36.006982
50335,-95.786492,36.007621
50336,-95.786492,36.007759
50047,-95.785777,36.006845
50048,-95.785731,36.006845
50049,-95.785685,36.006845
50050,-95.785638,36.006846
50054,-95.785462,36.006984
50053,-95.785429,36.006984
50052,-95.785395,36.006985
50051,-95.785361,36.006985
50410,-95.785279,36.007759
50309,-95.788075,36.009109
50308,-95.788075,36.009292
50351,-95.787888,36.008410
50352,-95.787844,36.008409
50353,-95.787800,36.008409
50354,-95.787757,36.008409
50355,-95.787713,36.008409
50356,-95.787670,36.008409
50379,-95.787905,36.008683
50378,-95.787844,36.008547
50377,-95.787800,36.008547
50380,-95.787905,36.008927
50376,-95.787757,36.008547
50375,-95.787713,36.008547
50381,-95.787905,36.009170
50382,-95.787905,36.009413
50385,-95.787809,36.009671
49410,-95.787692,36.009809
49409,-95.787653,36.009809
50357,-95.786798,36.008406
50358,-95.786754,36.008406
50359,-95.786711,36.008406
50360,-95.786667,36.008406
50361,-95.786624,36.008406
50374,-95.786798,36.008544
50373,-95.786754,36.008544
50372,-95.786711,36.008544
50371,-95.786667,36.008544
50370,-95.786624,36.008544
50388,-95.786915,36.009620
50387,-95.786915,36.009632
50386,-95.786915,36.009644
50389,-95.786745,36.009632
50390,-95.786745,36.009644
50391,-95.786727,36.009671
50392,-95.786686,36.009671
50393,-95.786645,36.009671
50394,-95.786604,36.009672
49408,-95.786729,36.009809
49407,-95.786688,36.009809
49406,-95.786647,36.009809
49405,-95.786606,36.009810
49404,-95.786566,36.009810
49403,-95.786525,36.009810
50362,-95.785708,36.008403
50363,-95.785665,36.008403
50364,-95.785621,36.008403
50365,-95.785578,36.008403
50369,-95.785708,36.008541
50368,-95.785665,36.008541
50367,-95.785621,36.008541
50366,-95.785578,36.008541
50397,-95.785716,36.009630
50396,-95.785716,36.009643
50395,-95.785716,36.009655
50398,-95.785546,36.009641
50399,-95.785546,36.009653
50400,-95.785528,36.009681
50401,-95.785491,36.009681
49402,-95.785528,36.009819
49401,-95.785491,36.009819
49400,-95.785455,36.009819
49399,-95.785419,36.009819
50406,-95.784459,36.006784
50407,-95.784458,36.006835
50408,-95.784455,36.007077
50409,-95.784455,36.007228
50411,-95.784455,36.007531
50412,-95.784455,36.007772
50413,-95.784455,36.007977
50414,-95.784455,36.008182
50415,-95.784455,36.008387
50416,-95.784455,36.008603
50417,-95.784393,36.008721
50418,-95.784348,36.008721
49391,-95.784393,36.008859
49390,-95.784348,36.008859
50419,-95.784303,36.008721
49389,-95.784303,36.008859
50405,-95.784625,36.009137
49392,-95.784455,36.008960
49393,-95.784455,36.009137
50404,-95.784625,36.009313
49394,-95.784455,36.009313
50403,-95.784625,36.009490
50402,-95.784625,36.009667
49395,-95.784455,36.009490
49396,-95.784455,36.009667
50420,-95.783318,36.008725
49388,-95.783318,36.008863
50421,-95.783273,36.008725
50422,-95.783228,36.008725
50423,-95.783183,36.008726
49387,-95.783273,36.008863
49386,-95.783228,36.008863
49385,-95.783183,36.008864
49397,-95.784447,36.010014
49398,-95.784447,36.010023
50424,-95.782018,36.008731
49384,-95.782018,36.008869
50425,-95.781970,36.008731
50426,-95.781922,36.008731
49383,-95.781970,36.008869
49382,-95.781922,36.008869
50427,-95.780827,36.008731
50428,-95.780779,36.008731
49381,-95.780827,36.008869
49380,-95.780779,36.008869
50429,-95.780732,36.008731
50430,-95.780684,36.008731
49379,-95.780732,36.008869
51626,-95.791160,35.998364
51534,-95.791644,35.998968
51536,-95.791552,35.998987
51535,-95.791518,35.999148
51538,-95.791483,35.999010
51539,-95.791414,35.999033
51537,-95.791447,35.999172
51540,-95.791337,35.999063
51546,-95.791130,35.999159
51545,-95.791471,35.999359
51543,-95.791481,35.999375
51544,-95.791476,35.999367
51542,-95.791326,35.999431
51612,-95.789339,35.997651
51613,-95.789289,35.997651
51614,-95.789240,35.997651
51615,-95.789190,35.997651
51616,-95.789140,35.997651
51617,-95.789091,35.997651
51625,-95.790990,35.998428
51611,-95.790625,35.998349
51609,-95.790650,35.998398
51610,-95.790637,35.998373
51624,-95.790821,35.998493
51622,-95.790481,35.998425
51623,-95.790494,35.998450
51606,-95.790479,35.998480
51608,-95.790563,35.998600
51547,-95.790932,35.999249
51548,-95.790775,35.999360
51549,-95.790618,35.999472
51541,-95.790808,35.999520
51550,-95.790730,35.999576
51607,-95.790297,35.998723
51551,-95.790465,35.999601
51621,-95.789240,35.997789
51620,-95.789190,35.997789
51619,-95.789140,35.997789
51618,-95.789091,35.997789
51455,-95.789188,35.998545
51453,-95.789171,35.998514
51605,-95.790050,35.998850
51604,-95.789944,35.998744
51603,-95.789793,35.999011
51602,-95.789452,35.998967
51601,-95.789466,35.999123
51458,-95.789254,35.998991
51459,-95.789298,35.999139
51600,-95.789435,35.999498
51525,-95.792366,36.000141
51522,-95.792365,36.000316
51570,-95.790949,36.000115
51568,-95.790873,36.000087
51569,-95.790899,36.000247
51561,-95.790625,35.999989
51566,-95.790788,36.000056
51567,-95.790803,36.000213
51563,-95.790708,36.000026
51565,-95.790718,36.000182
51564,-95.790628,36.000146
51571,-95.790989,36.000270
51552,-95.790525,35.999755
51562,-95.790545,36.000109
51560,-95.790463,36.000073
51553,-95.790271,35.999815
51554,-95.790167,35.999960
51559,-95.790268,36.000099
51558,-95.790189,36.000244
51588,-95.790115,36.000734
51583,-95.791056,36.001031
51585,-95.790774,36.000877
51589,-95.790603,36.000956
51586,-95.790843,36.001067
51587,-95.790451,36.000768
51590,-95.790366,36.000893
51591,-95.790107,36.000872
51555,-95.790055,36.000138
51556,-95.789978,36.000317
51557,-95.789936,36.000518
51599,-95.789259,35.999826
51460,-95.789107,35.999766
51461,-95.789085,35.999774
51598,-95.789085,36.000306
51597,-95.789085,36.000322
51596,-95.789085,36.000702
51595,-95.789085,36.000718
51592,-95.789746,36.000869
51593,-95.789423,36.000869
51594,-95.789101,36.000869
51475,-95.789293,36.001478
51476,-95.789254,36.001478
51477,-95.789215,36.001478
51478,-95.789177,36.001479
51479,-95.789138,36.001479
51480,-95.789085,36.001443
51474,-95.789256,36.001616
51473,-95.789217,36.001616
51472,-95.789179,36.001617
51471,-95.789140,36.001617
51448,-95.788909,35.997308
51449,-95.788906,35.997636
51451,-95.789000,35.998542
51452,-95.789017,35.998572
51450,-95.788982,35.998498
51454,-95.789034,35.998603
51456,-95.789052,35.998634
51457,-95.788662,35.998914
51462,-95.788915,36.000306
51463,-95.788915,36.000322
51464,-95.788915,36.000702
51465,-95.788915,36.000718
51466,-95.788915,36.001371
51467,-95.788915,36.001395
51468,-95.788915,36.001419
51469,-95.788915,36.001443
51481,-95.788915,36.001467
51482,-95.788915,36.002180
50471,-95.787842,36.002949
50470,-95.787232,36.002949
51728,-95.793981,35.996766
51720,-95.793979,35.996904
51729,-95.793919,35.996766
51730,-95.793856,35.996765
51731,-95.793793,35.996764
51719,-95.793917,35.996904
51718,-95.793854,35.996903
51732,-95.793731,35.996764
51733,-95.793668,35.996763
51717,-95.793791,35.996902
51716,-95.793729,35.996902
51715,-95.793666,35.996901
51705,-95.794006,35.997566
51706,-95.793937,35.997566
51707,-95.793868,35.997565
51708,-95.793799,35.997564
51709,-95.793729,35.997564
51734,-95.793605,35.996762
51735,-95.793543,35.996762
51714,-95.793603,35.996900
51713,-95.793541,35.996900
51736,-95.793325,35.996686
51737,-95.793325,35.996710
51738,-95.793325,35.996734
51739,-95.793326,35.996913
51740,-95.793328,35.997124
51710,-95.793660,35.997563
51711,-95.793591,35.997562
51712,-95.793522,35.997562
51741,-95.793330,35.997336
51762,-95.794447,35.998395
51763,-95.794413,35.998395
51764,-95.794379,35.998395
51748,-95.794411,35.998533
51747,-95.794377,35.998533
51771,-95.793935,35.997704
51770,-95.793866,35.997703
51769,-95.793797,35.997702
51768,-95.793727,35.997702
51767,-95.793658,35.997701
51766,-95.793589,35.997700
51765,-95.793520,35.997700
51746,-95.793520,35.998529
51742,-95.793335,35.998295
51743,-95.793335,35.998322
51744,-95.793335,35.998349
51745,-95.793335,35.998377
51678,-95.792614,35.996214
51675,-95.792505,35.996979
51673,-95.792505,35.997017
51671,-95.792505,35.997054
51669,-95.792505,35.997092
51667,-95.792505,35.997129
51677,-95.792335,35.996942
51676,-95.792335,35.996979
51674,-95.792335,35.997017
51672,-95.792335,35.997054
51670,-95.792335,35.997092
51668,-95.792335,35.997129
51633,-95.791500,35.997485
51632,-95.791500,35.997507
51631,-95.791500,35.997530
51651,-95.791330,35.997509
51652,-95.791330,35.997532
51665,-95.792505,35.997955
51664,-95.792505,35.997992
51662,-95.792505,35.998030
51660,-95.792505,35.998068
51666,-95.792335,35.997992
51663,-95.792335,35.998030
51661,-95.792335,35.998068
51533,-95.792545,35.999251
51532,-95.792545,35.999261
51531,-95.792545,35.999271
51529,-95.792542,35.999618
51530,-95.792372,35.999616
51659,-95.791714,35.998219
51658,-95.791666,35.998219
51657,-95.791630,35.998221
51630,-95.791523,35.998032
51629,-95.791528,35.998054
51628,-95.791534,35.998077
51654,-95.791362,35.998080
51655,-95.791368,35.998103
51653,-95.791357,35.998058
51656,-95.791582,35.998227
51627,-95.791329,35.998299
51724,-95.795293,35.996798
51725,-95.795230,35.996798
51723,-95.795232,35.996936
51702,-95.795515,35.997577
51703,-95.795467,35.997578
51704,-95.795419,35.997579
51775,-95.795615,35.997714
51774,-95.795567,35.997714
51773,-95.795519,35.997715
51772,-95.795471,35.997716
51757,-95.795405,35.998333
51756,-95.795405,35.998360
51755,-95.795405,35.998387
51754,-95.795405,35.998705
51753,-95.795405,35.998712
51779,-95.795235,35.998727
51406,-95.794206,35.995987
51687,-95.794232,35.996123
51726,-95.795167,35.996799
51727,-95.795105,35.996799
51722,-95.795169,35.996937
51721,-95.795107,35.996937
51407,-95.794117,35.995999
51686,-95.794143,35.996135
51685,-95.794054,35.996146
51408,-95.794028,35.996010
51409,-95.793940,35.996022
51684,-95.793966,35.996158
51410,-95.793851,35.996033
51411,-95.793762,35.996045
51412,-95.793674,35.996056
51683,-95.793877,35.996169
51682,-95.793788,35.996181
51681,-95.793700,35.996192
51413,-95.793585,35.996068
51414,-95.793497,35.996080
51680,-95.793611,35.996204
51679,-95.793523,35.996216
51758,-95.794584,35.998396
51759,-95.794550,35.998396
51760,-95.794516,35.998396
51761,-95.794481,35.998396
51752,-95.794582,35.998534
51751,-95.794548,35.998534
51750,-95.794514,35.998534
51749,-95.794445,35.998533
51415,-95.792897,35.996095
51416,-95.792878,35.996094
51417,-95.792860,35.996093
51418,-95.792637,35.996078
51419,-95.792441,35.996055
51420,-95.792222,35.996012
51700,-95.796792,35.996716
51699,-95.796792,35.996746
51698,-95.796793,35.996776
51697,-95.796792,35.997029
51696,-95.796790,35.997202
51695,-95.796788,35.997375
51701,-95.796801,35.997561
51690,-95.796622,35.996705
51691,-95.796622,35.996734
51692,-95.796620,35.997142
51693,-95.796618,35.997344
51694,-95.796616,35.997546
51777,-95.796821,35.997699
51776,-95.796801,35.997699
51403,-95.795960,35.995992
51404,-95.795931,35.995992
51405,-95.795885,35.995977
51689,-95.795927,35.996130
51688,-95.795899,35.996130
51527,-95.792540,35.999793
51524,-95.792538,35.999968
51523,-95.792536,36.000143
51528,-95.792370,35.999791
51526,-95.792368,35.999966
51521,-95.792535,36.000318
51421,-95.791982,35.995989
51423,-95.791758,35.995986
51422,-95.791514,35.996121
51424,-95.791451,35.996120
51428,-95.791142,35.995981
51425,-95.791218,35.996119
51431,-95.790991,35.995981
51432,-95.790915,35.995982
51426,-95.790953,35.996120
51434,-95.790839,35.995982
51436,-95.790764,35.995982
51438,-95.790688,35.995983
51427,-95.790688,35.996121
51429,-95.790424,35.996122
51430,-95.790159,35.996123
51433,-95.789894,35.996124
51435,-95.789630,35.996125
51437,-95.789365,35.996126
51440,-95.789101,35.995990
51439,-95.789101,35.996128
51634,-95.789911,35.996831
51635,-95.789821,35.996831
51636,-95.789731,35.996831
51637,-95.789641,35.996831
51650,-95.789641,35.996969
51638,-95.789551,35.996831
51639,-95.789461,35.996831
51640,-95.789371,35.996831
51649,-95.789551,35.996969
51648,-95.789461,35.996969
51647,-95.789371,35.996969
51641,-95.789281,35.996831
51642,-95.789191,35.996831
51643,-95.789101,35.996831
51646,-95.789281,35.996969
51645,-95.789191,35.996969
51644,-95.789101,35.996969
51441,-95.788858,35.995991
51442,-95.788779,35.995991
51443,-95.788915,35.996709
51444,-95.788915,35.996740
51445,-95.788915,35.996770
51446,-95.788915,35.996801
51447,-95.788913,35.996981
50468,-95.779439,36.002831
50469,-95.782208,36.002967
51037,-95.773140,36.014300
51043,-95.772040,36.013370
51044,-95.772040,36.013370
51045,-95.772040,36.013370
51046,-95.772040,36.013370
51036,-95.771140,36.012820
51039,-95.771140,36.012820
51040,-95.771140,36.012820
51041,-95.771140,36.012820
53276,-95.771140,36.012820
53277,-95.771140,36.012820
53293,-95.771140,36.012820
54895,-95.769965,36.002840
54896,-95.768516,36.002837
54897,-95.766583,36.002833
54908,-95.766263,36.000212
54907,-95.766169,36.000213
54909,-95.765633,36.000083
54906,-95.765605,36.000221
54910,-95.764725,36.000096
54898,-95.766409,36.002833
54900,-95.765539,36.002831
54899,-95.764670,36.002831
54901,-95.764631,36.002831
54911,-95.762941,36.000106
54905,-95.762502,36.000246
54903,-95.763143,36.002831
54904,-95.762698,36.002831
54902,-95.762640,36.002831
81789,-95.761754,36.002816
81790,-95.761739,35.999894
81793,-95.761566,36.000096
81792,-95.761565,36.000262
82071,-95.761585,35.996477
82072,-95.761550,35.996491
82073,-95.761532,35.996491
81795,-95.761590,35.997593
81794,-95.761594,35.998307
81791,-95.761576,36.002264
51050,-95.773610,36.015090
53287,-95.773610,36.015090
53504,-95.793335,35.990902
53505,-95.793335,35.991038
53506,-95.793335,35.991175
53507,-95.793335,35.991312
53508,-95.793335,35.991448
53510,-95.793582,35.991671
53509,-95.793519,35.991670
53430,-95.792535,35.990357
53429,-95.792535,35.990717
53428,-95.792536,35.990951
53427,-95.792538,35.991092
53426,-95.792539,35.991233
53425,-95.792541,35.991374
53424,-95.792543,35.991516
53381,-95.791373,35.990091
53380,-95.791323,35.990090
53379,-95.791273,35.990090
53378,-95.791223,35.990089
53382,-95.791796,35.990734
53383,-95.791770,35.990735
53384,-95.791744,35.990735
53385,-95.791718,35.990735
53396,-95.791798,35.990872
53395,-95.791772,35.990873
53394,-95.791746,35.990873
53393,-95.791720,35.990873
53397,-95.791997,35.991531
53398,-95.791979,35.991531
53399,-95.791768,35.991531
53400,-95.791715,35.991531
53401,-95.791663,35.991531
53386,-95.791115,35.990739
53392,-95.791143,35.990877
53391,-95.791117,35.990877
53387,-95.791089,35.990739
53388,-95.791063,35.990739
53390,-95.791091,35.990877
53389,-95.791065,35.990877
53402,-95.790518,35.991531
53403,-95.790466,35.991531
53404,-95.790414,35.991531
53405,-95.790362,35.991531
53423,-95.792007,35.991669
53422,-95.791989,35.991669
53421,-95.791971,35.991669
53420,-95.791742,35.991669
53419,-95.791690,35.991669
53418,-95.791639,35.991669
53417,-95.790504,35.991669
53416,-95.790453,35.991669
53415,-95.790401,35.991669
53414,-95.790350,35.991669
53431,-95.792535,35.990112
53311,-95.791325,35.989952
53312,-95.791275,35.989952
53313,-95.791225,35.989951
53314,-95.791175,35.989951
53315,-95.791126,35.989951
53377,-95.791173,35.990089
53376,-95.791124,35.990089
53370,-95.790880,35.989725
53318,-95.791051,35.989804
53317,-95.791052,35.989846
53316,-95.791053,35.989888
53371,-95.790882,35.989767
53372,-95.790883,35.989808
53373,-95.790884,35.989850
53374,-95.790885,35.989892
53375,-95.790899,35.989954
53368,-95.790045,35.989768
53367,-95.790045,35.989805
53366,-95.790045,35.989843
53365,-95.790045,35.989881
53364,-95.790045,35.989919
53363,-95.790045,35.989957
53357,-95.789875,35.989768
53358,-95.789875,35.989805
53359,-95.789875,35.989843
53360,-95.789875,35.989881
53361,-95.789875,35.989919
53362,-95.789875,35.989957
53346,-95.789211,35.990748
53347,-95.789178,35.990748
53348,-95.789144,35.990749
53349,-95.789110,35.990749
53350,-95.789076,35.990749
53345,-95.789247,35.990885
53344,-95.789213,35.990886
53343,-95.789180,35.990886
53342,-95.789146,35.990887
53341,-95.789112,35.990887
53340,-95.789078,35.990887
53406,-95.789217,35.991531
53407,-95.789165,35.991531
53408,-95.789113,35.991531
53409,-95.789061,35.991531
53413,-95.789215,35.991669
53412,-95.789164,35.991669
53411,-95.789112,35.991669
53410,-95.789061,35.991669
53356,-95.789045,35.990132
53355,-95.789045,35.990185
53354,-95.789045,35.990238
53328,-95.788875,35.990025
53329,-95.788875,35.990079
53330,-95.788875,35.990185
53331,-95.788875,35.990238
53353,-95.789045,35.990291
53352,-95.789045,35.990344
53351,-95.789045,35.990398
53332,-95.788875,35.990291
53333,-95.788875,35.990344
53334,-95.788875,35.990398
53335,-95.788875,35.990733
53336,-95.788875,35.990902
53337,-95.788875,35.990927
53338,-95.788875,35.990952
53339,-95.788875,35.991479
53304,-95.792364,35.989120
53305,-95.792365,35.989149
53306,-95.792098,35.989148
53307,-95.792085,35.989146
53310,-95.792070,35.989285
53309,-95.792058,35.989282
53308,-95.792045,35.989280
53435,-95.792535,35.989850
53434,-95.792535,35.989877
53433,-95.792535,35.989905
53432,-95.792535,35.989933
53320,-95.790871,35.988847
53319,-95.790859,35.988860
53466,-95.795365,35.988804
53465,-95.795365,35.988819
53441,-95.795737,35.990498
53464,-95.795356,35.989820
53463,-95.795356,35.989862
53462,-95.795355,35.989903
53461,-95.795355,35.989944
53460,-95.795355,35.989986
53442,-95.795700,35.990514
53459,-95.795474,35.990457
53458,-95.795326,35.990523
53443,-95.795662,35.990530
53444,-95.795625,35.990546
53445,-95.795587,35.990562
53555,-95.795710,35.990666
53554,-95.795669,35.990684
53553,-95.795475,35.990771
53552,-95.795412,35.990801
53487,-95.794546,35.988841
53488,-95.794508,35.988841
53489,-95.794470,35.988841
53490,-95.794246,35.988843
53491,-95.794236,35.988843
53492,-95.794227,35.988843
53493,-95.794217,35.988843
53494,-95.794208,35.988843
53321,-95.793741,35.988853
53322,-95.793732,35.988853
53369,-95.793736,35.988991
53323,-95.793536,35.988857
53324,-95.793527,35.988857
53325,-95.793517,35.988857
53326,-95.793508,35.988857
53327,-95.793499,35.988858
53495,-95.793320,35.989471
53496,-95.793320,35.989495
53467,-95.795186,35.989820
53468,-95.795186,35.989862
53469,-95.795185,35.989903
53470,-95.795185,35.989944
53471,-95.795185,35.989986
53476,-95.794426,35.989849
53475,-95.794426,35.989891
53474,-95.794425,35.989933
53473,-95.794425,35.989975
53477,-95.794256,35.989849
53478,-95.794256,35.989891
53479,-95.794255,35.989933
53480,-95.794255,35.989975
53457,-95.794496,35.990166
53456,-95.794460,35.990166
53472,-95.794425,35.990017
53481,-95.794255,35.990017
53455,-95.794239,35.990170
53454,-95.794057,35.990171
53453,-95.793875,35.990173
53486,-95.793492,35.989840
53485,-95.793492,35.989882
53484,-95.793493,35.989923
53483,-95.793493,35.989964
53482,-95.793493,35.990006
53497,-95.793320,35.989519
53498,-95.793320,35.989543
53499,-95.793320,35.989567
53500,-95.793321,35.989592
53501,-95.793324,35.990027
53502,-95.793333,35.990359
53446,-95.794120,35.990753
53447,-95.794040,35.990751
53448,-95.793959,35.990751
53551,-95.794071,35.990890
53550,-95.793997,35.990889
53549,-95.793926,35.990889
53449,-95.793879,35.990751
53450,-95.793799,35.990751
53451,-95.793720,35.990751
53548,-95.793852,35.990889
53547,-95.793778,35.990889
53546,-95.793705,35.990889
53538,-95.794031,35.991540
53539,-95.793967,35.991539
53540,-95.793904,35.991538
53541,-95.793840,35.991537
53542,-95.793777,35.991536
53543,-95.793713,35.991535
53452,-95.793640,35.990751
53545,-95.793631,35.990889
53503,-95.793335,35.990629
53544,-95.793650,35.991534
53523,-95.795594,35.991696
53522,-95.795542,35.991696
53521,-95.795490,35.991697
53534,-95.795436,35.991559
53535,-95.795384,35.991560
53536,-95.795332,35.991560
53520,-95.795438,35.991697
53519,-95.795386,35.991698
53518,-95.795334,35.991698
53537,-95.795280,35.991561
53517,-95.795282,35.991699
53516,-95.795095,35.991863
53515,-95.793900,35.991676
53514,-95.793836,35.991675
53513,-95.793773,35.991674
53512,-95.793709,35.991673
53511,-95.793646,35.991672
53436,-95.792533,35.989147
53439,-95.796810,35.990358
53440,-95.796790,35.990359
53528,-95.796765,35.991310
53527,-95.796765,35.991348
53529,-95.796595,35.991308
53530,-95.796595,35.991346
53531,-95.796595,35.991385
53532,-95.796591,35.991416
53526,-95.796765,35.991387
53525,-95.796759,35.991434
53524,-95.796746,35.991490
53533,-95.796590,35.991438
53294,-95.783126,35.988987
53303,-95.783276,35.989056
53295,-95.783116,35.989012
53302,-95.783383,35.989618
53301,-95.783387,35.989644
53300,-95.783392,35.989670
53296,-95.783211,35.989610
53298,-95.783219,35.989662
53297,-95.783215,35.989636
53299,-95.783224,35.989688
53278,-95.771860,35.991280
53279,-95.771860,35.991280
53289,-95.773580,35.989000
53290,-95.773580,35.989000
55420,-95.783474,35.982184
55419,-95.783474,35.982198
55418,-95.783474,35.982213
55421,-95.783282,35.981718
55422,-95.783256,35.981719
55439,-95.783294,35.981854
55438,-95.783268,35.981855
55417,-95.783461,35.982563
55416,-95.783460,35.982577
55415,-95.783379,35.982911
55414,-95.783332,35.983073
55440,-95.783213,35.982884
55432,-95.783171,35.982878
55433,-95.783139,35.982869
55431,-95.783113,35.983008
55430,-95.783081,35.982999
55423,-95.782622,35.981757
55437,-95.782659,35.981892
55424,-95.782011,35.981661
55434,-95.782440,35.982615
55435,-95.782410,35.982602
55436,-95.782381,35.982588
55427,-95.782299,35.982708
55429,-95.782358,35.982735
55428,-95.782328,35.982722
55425,-95.781585,35.982391
55426,-95.781614,35.982404
55413,-95.783530,35.983675
55441,-95.783367,35.983720
55442,-95.783386,35.983745
55460,-95.783034,35.984059
55445,-95.783013,35.984049
55461,-95.782993,35.984039
55446,-95.782915,35.984004
55454,-95.782950,35.984177
55463,-95.782929,35.984167
55410,-95.783014,35.984542
55408,-95.783317,35.984940
55409,-95.783306,35.984942
55407,-95.783369,35.985070
55406,-95.783358,35.985072
55405,-95.783347,35.985075
55447,-95.782870,35.983993
55453,-95.782909,35.984157
55462,-95.782888,35.984148
55452,-95.782868,35.984138
55456,-95.782833,35.984792
55466,-95.782789,35.984804
55457,-95.782777,35.984662
55443,-95.782733,35.984674
55458,-95.782690,35.984686
55465,-95.782703,35.984829
55455,-95.782660,35.984841
55444,-95.782647,35.984699
55459,-95.782604,35.984711
55464,-95.782617,35.984853
55448,-95.781811,35.983926
55449,-95.781764,35.983927
55451,-95.781837,35.984064
55450,-95.781789,35.984065
55404,-95.783444,35.986281
55403,-95.783436,35.986310
55402,-95.783428,35.986338
55467,-95.783100,35.985516
55468,-95.783054,35.985535
55486,-95.783131,35.985657
55469,-95.783009,35.985554
55485,-95.783085,35.985676
55487,-95.783272,35.986278
55488,-95.783264,35.986306
55401,-95.783339,35.986996
55400,-95.783340,35.987026
55399,-95.783342,35.987056
55489,-95.783148,35.987082
55490,-95.783103,35.987086
55504,-95.783124,35.987222
55470,-95.781959,35.985936
55471,-95.781910,35.985948
55484,-95.781983,35.986074
55483,-95.781933,35.986086
55491,-95.782033,35.987241
55503,-95.782075,35.987382
55502,-95.782076,35.987386
55472,-95.781861,35.985960
55482,-95.781883,35.986099
55492,-95.781821,35.987301
55398,-95.783470,35.987717
55397,-95.783474,35.987746
55396,-95.783495,35.988276
55395,-95.783495,35.988298
55505,-95.783304,35.987739
55506,-95.783306,35.987754
55507,-95.783325,35.988276
55508,-95.783325,35.988298
55501,-95.782123,35.987486
55493,-95.781302,35.987538
55494,-95.781282,35.987550
55500,-95.781374,35.987665
55499,-95.780914,35.987930
55498,-95.780897,35.987943
55481,-95.780827,35.986343
55473,-95.780718,35.986229
55474,-95.780689,35.986263
55475,-95.780577,35.986332
55480,-95.780629,35.986462
55476,-95.780503,35.986493
55477,-95.780500,35.986514
55479,-95.780335,35.986479
55478,-95.780332,35.986500
55495,-95.780801,35.987828
55496,-95.780784,35.987841
55497,-95.780766,35.987855
50444,-95.779600,35.988088
50445,-95.779600,35.988088
50446,-95.779600,35.988088
50447,-95.779600,35.988088
50448,-95.779600,35.988088
50449,-95.779600,35.988088
50450,-95.779600,35.988088
50451,-95.779600,35.988088
50452,-95.779600,35.988088
50453,-95.779600,35.988088
50454,-95.779600,35.988088
50455,-95.779600,35.988088
50456,-95.779600,35.988088
50457,-95.779600,35.988088
50458,-95.779600,35.988088
50459,-95.779600,35.988088
50460,-95.779600,35.988088
50461,-95.779432,35.988096
50462,-95.779432,35.988096
50463,-95.779432,35.988096
50464,-95.779432,35.988096
50465,-95.779432,35.988096
50466,-95.779432,35.988096
50467,-95.779432,35.988096
51029,-95.779432,35.988096
51030,-95.779432,35.988096
51031,-95.779432,35.988096
51032,-95.779432,35.988096
51033,-95.779432,35.988096
55285,-95.779447,35.988298
55509,-95.779376,35.988331
55510,-95.779095,35.988332
55513,-95.777309,35.988341
55511,-95.777269,35.988342
55512,-95.777229,35.988342
55514,-95.775424,35.988349
53280,-95.774580,35.988410
53281,-95.774580,35.988410
53282,-95.774580,35.988410
53283,-95.774580,35.988410
53284,-95.774580,35.988410
53285,-95.774580,35.988410
53286,-95.774580,35.988410
55515,-95.772964,35.988341
55538,-95.771178,35.988341
55516,-95.770666,35.988181
55537,-95.770269,35.988479
55536,-95.770203,35.988479
55535,-95.770160,35.988479
55534,-95.770094,35.988479
55523,-95.770486,35.982436
55522,-95.770654,35.983562
55520,-95.770654,35.983620
55519,-95.770654,35.983649
55518,-95.770654,35.983678
55521,-95.770486,35.983591
55517,-95.770486,35.983793
55528,-95.770634,35.979548
55530,-95.770634,35.979577
55529,-95.770633,35.979635
55527,-95.770636,35.980990
55525,-95.770650,35.982030
55524,-95.770654,35.982407
55526,-95.770481,35.982003
55531,-95.770605,35.975722
55532,-95.766634,35.978125
55533,-95.766466,35.978139
55809,-95.794576,35.982049
55810,-95.794576,35.982068
55811,-95.794576,35.982087
55801,-95.794705,35.983008
55802,-95.794671,35.982992
55800,-95.794664,35.983143
55799,-95.794621,35.983126
55798,-95.794587,35.983110
55548,-95.793846,35.981454
55549,-95.793812,35.981453
55568,-95.793812,35.981453
55550,-95.793779,35.981453
55567,-95.793779,35.981453
55808,-95.793791,35.981591
55569,-95.793759,35.981591
55551,-95.793557,35.981452
55718,-95.793576,35.982054
55719,-95.793576,35.982074
55720,-95.793576,35.982094
55807,-95.793744,35.982497
55806,-95.793744,35.982537
55805,-95.793744,35.982577
55803,-95.793854,35.982622
55804,-95.793815,35.982615
55797,-95.793818,35.982756
55796,-95.793779,35.982749
55795,-95.793674,35.983049
55794,-95.793670,35.983062
55721,-95.793576,35.982577
55722,-95.793508,35.983022
55723,-95.793343,35.983311
55863,-95.794893,35.984029
55864,-95.794861,35.984014
55865,-95.794829,35.984000
55875,-95.794747,35.984120
55877,-95.794811,35.984149
55876,-95.794779,35.984134
55777,-95.794562,35.984505
55778,-95.794394,35.984467
55779,-95.794394,35.984485
55780,-95.794394,35.984503
55776,-95.794556,35.984945
55775,-95.794556,35.984963
55774,-95.794550,35.985402
55781,-95.794388,35.984943
55782,-95.794388,35.984961
55783,-95.794382,35.985400
55866,-95.793687,35.983484
55867,-95.793640,35.983462
55869,-95.793546,35.983420
55868,-95.793593,35.983441
55874,-95.793605,35.983604
55873,-95.793558,35.983582
55872,-95.793511,35.983561
55871,-95.793464,35.983540
55870,-95.793417,35.983519
55680,-95.793245,35.983454
55790,-95.793539,35.984564
55789,-95.793546,35.984596
55792,-95.793525,35.984515
55791,-95.793532,35.984539
55758,-95.793378,35.984614
55757,-95.793375,35.984596
55788,-95.793574,35.985210
55787,-95.793574,35.985235
55759,-95.793406,35.985210
55760,-95.793406,35.985235
55773,-95.794550,35.985421
55772,-95.794545,35.985860
55771,-95.794545,35.985879
55784,-95.793623,35.985882
55786,-95.793574,35.985842
55785,-95.793592,35.985882
55761,-95.793406,35.985842
55762,-95.793406,35.985868
55770,-95.793652,35.986020
55769,-95.793621,35.986020
55768,-95.793590,35.986020
55552,-95.792865,35.981458
55553,-95.792819,35.981458
55554,-95.792773,35.981458
55717,-95.792819,35.981596
55716,-95.792741,35.981937
55715,-95.792741,35.981951
55714,-95.792742,35.981966
55555,-95.792548,35.981461
55711,-95.792548,35.981599
55556,-95.792326,35.981461
55710,-95.792237,35.981599
55712,-95.792573,35.981953
55713,-95.792574,35.981968
55557,-95.792104,35.981461
55558,-95.791882,35.981461
55559,-95.791568,35.981461
55577,-95.791568,35.981599
55709,-95.791291,35.982314
55708,-95.791256,35.982334
55584,-95.791227,35.982182
55585,-95.791193,35.982202
55586,-95.791158,35.982222
55704,-95.791556,35.982934
55703,-95.791515,35.983095
55700,-95.791453,35.982967
55701,-95.791368,35.982977
55702,-95.791382,35.983113
55699,-95.791257,35.982985
55697,-95.791146,35.982992
55698,-95.791271,35.983121
55696,-95.791160,35.983128
55695,-95.791035,35.983000
55692,-95.790924,35.983007
55694,-95.791049,35.983136
55693,-95.790938,35.983143
55707,-95.790819,35.982945
55706,-95.790815,35.982979
55705,-95.790812,35.983014
55587,-95.790655,35.982898
55588,-95.790651,35.982933
55589,-95.790647,35.982967
55590,-95.790644,35.983002
55691,-95.790828,35.983151
55560,-95.789491,35.981461
55565,-95.789491,35.981461
55566,-95.789474,35.981444
55578,-95.789491,35.981599
55583,-95.789491,35.981599
55561,-95.789195,35.981461
55564,-95.789195,35.981461
55579,-95.789195,35.981599
55582,-95.789195,35.981599
55574,-95.789316,35.982156
55573,-95.789346,35.982292
55575,-95.789298,35.982161
55572,-95.789276,35.982297
55571,-95.789233,35.982293
55570,-95.789190,35.982288
55576,-95.789169,35.982148
55793,-95.792972,35.984110
55756,-95.792632,35.984632
55724,-95.792482,35.984568
55725,-95.792472,35.984585
55755,-95.792622,35.984649
55754,-95.792574,35.985254
55753,-95.792574,35.985274
55726,-95.792406,35.985233
55727,-95.792406,35.985254
55728,-95.792406,35.985274
55682,-95.791503,35.983777
55683,-95.791426,35.983784
55684,-95.791349,35.983791
55687,-95.791273,35.983798
55688,-95.791196,35.983805
55681,-95.791446,35.983920
55685,-95.791369,35.983927
55686,-95.791293,35.983934
55689,-95.791216,35.983941
55676,-95.791627,35.984581
55677,-95.791581,35.984587
55678,-95.791535,35.984593
55675,-95.791607,35.984723
55674,-95.791561,35.984729
55679,-95.791230,35.984564
55673,-95.791334,35.985299
55672,-95.791334,35.985321
55598,-95.791164,35.985285
55599,-95.791166,35.985299
55600,-95.791166,35.985321
55752,-95.792478,35.985785
55763,-95.792479,35.985829
55729,-95.792324,35.985727
55730,-95.792314,35.985746
55767,-95.792529,35.985993
55766,-95.792468,35.985979
55765,-95.792433,35.985964
55764,-95.792399,35.985949
55365,-95.793089,35.986682
55366,-95.793046,35.986685
55367,-95.793003,35.986688
55368,-95.792960,35.986691
55369,-95.792918,35.986694
55387,-95.793017,35.986824
55386,-95.792974,35.986827
55385,-95.792932,35.986830
55370,-95.792875,35.986697
55384,-95.792889,35.986833
55751,-95.791961,35.986376
55731,-95.791843,35.986275
55732,-95.791827,35.986292
55671,-95.791155,35.985850
55670,-95.791143,35.985869
55371,-95.792080,35.987353
55372,-95.792051,35.987384
55373,-95.792022,35.987414
55374,-95.791993,35.987444
55750,-95.791575,35.986788
55749,-95.791559,35.986805
55733,-95.791441,35.986704
55734,-95.791425,35.986721
55748,-95.791185,35.987210
55747,-95.791173,35.987229
55690,-95.791093,35.983796
55591,-95.790913,35.983769
55592,-95.790920,35.983796
55593,-95.790927,35.983824
55594,-95.791058,35.984557
55595,-95.791062,35.984584
55596,-95.791067,35.984611
55597,-95.791072,35.984638
55630,-95.789068,35.984399
55629,-95.789092,35.984536
55628,-95.789072,35.984537
55622,-95.789111,35.985201
55623,-95.789084,35.985201
55624,-95.789057,35.985201
55621,-95.789111,35.985339
55620,-95.789084,35.985339
55619,-95.789057,35.985339
55601,-95.791005,35.985788
55602,-95.790993,35.985807
55669,-95.790762,35.986304
55668,-95.790746,35.986321
55603,-95.790628,35.986220
55604,-95.790612,35.986237
55735,-95.791037,35.987144
55736,-95.791025,35.987163
55667,-95.790353,35.986734
55666,-95.790337,35.986751
55605,-95.790219,35.986650
55606,-95.790203,35.986667
55665,-95.790035,35.987169
55664,-95.790029,35.987191
55607,-95.789871,35.987139
55608,-95.789865,35.987161
55383,-95.792171,35.987483
55382,-95.792142,35.987513
55375,-95.791964,35.987475
55376,-95.791930,35.987515
55377,-95.791907,35.987549
55378,-95.791886,35.987619
55746,-95.791018,35.987666
55745,-95.791017,35.987688
55744,-95.791017,35.987710
55737,-95.790851,35.987641
55738,-95.790850,35.987662
55739,-95.790849,35.987684
55740,-95.790849,35.987706
55562,-95.789011,35.981461
55563,-95.789011,35.981461
55580,-95.789011,35.981599
55581,-95.789011,35.981599
55635,-95.789001,35.983992
55636,-95.788833,35.983994
55637,-95.788834,35.984009
55634,-95.789011,35.984356
55633,-95.789011,35.984371
55638,-95.788843,35.984358
55639,-95.788843,35.984373
55631,-95.789048,35.984399
55632,-95.789029,35.984400
55627,-95.789052,35.984537
55626,-95.789033,35.984538
55640,-95.788844,35.984389
55641,-95.788846,35.984863
55642,-95.788846,35.984877
55625,-95.789031,35.985201
55643,-95.788846,35.985183
55644,-95.788846,35.985352
55618,-95.789016,35.985886
55617,-95.789016,35.985910
55645,-95.788848,35.985895
55646,-95.788848,35.985919
55616,-95.789016,35.985934
55647,-95.788848,35.985943
55615,-95.789018,35.986504
55614,-95.789018,35.986528
55648,-95.788850,35.986510
55649,-95.788850,35.986534
55650,-95.788852,35.987102
55651,-95.788852,35.987125
55743,-95.791015,35.988279
55742,-95.791015,35.988297
55741,-95.790845,35.988297
58216,-95.790827,35.988448
55663,-95.790005,35.987675
55662,-95.790005,35.987697
55609,-95.789838,35.987651
55610,-95.789837,35.987673
55611,-95.789837,35.987695
55661,-95.790005,35.987719
55660,-95.790077,35.987866
55659,-95.790040,35.987866
55612,-95.789837,35.987717
55658,-95.789818,35.987869
55657,-95.789429,35.987869
55613,-95.789022,35.987693
55652,-95.788854,35.987693
55656,-95.789041,35.987869
55653,-95.788855,35.987717
55654,-95.788855,35.988280
55655,-95.788855,35.988297
55364,-95.794081,35.987491
55363,-95.794082,35.987524
55362,-95.794083,35.987557
55361,-95.794082,35.987599
55360,-95.794078,35.987632
55359,-95.794074,35.987666
55388,-95.793914,35.987585
55389,-95.793910,35.987618
55390,-95.792805,35.987693
55391,-95.792751,35.987694
55392,-95.792696,35.987695
55393,-95.792641,35.987696
55358,-95.792885,35.987829
55357,-95.792831,35.987830
55356,-95.792778,35.987831
55355,-95.792724,35.987832
55354,-95.792670,35.987833
55394,-95.792586,35.987697
55353,-95.792616,35.987834
55381,-95.792359,35.987701
53438,-95.792532,35.989090
53437,-95.792532,35.989118
55380,-95.792039,35.987818
55379,-95.792027,35.987815
55821,-95.795574,35.983087
55859,-95.796751,35.984271
55838,-95.796564,35.984015
55839,-95.796564,35.984042
55840,-95.796564,35.984069
55841,-95.796564,35.984096
55842,-95.796564,35.984122
55847,-95.796732,35.984203
55846,-95.796733,35.984257
55843,-95.796564,35.984149
55844,-95.796564,35.984176
55845,-95.796564,35.984203
55884,-95.796784,35.984409
55883,-95.796762,35.984409
55882,-95.796550,35.984410
55885,-95.796526,35.985051
55886,-95.796508,35.985051
55887,-95.796490,35.985051
55914,-95.796526,35.985189
55913,-95.796508,35.985189
55912,-95.796490,35.985189
55888,-95.796473,35.985051
55889,-95.796455,35.985051
55890,-95.796438,35.985051
55911,-95.796473,35.985189
55910,-95.796455,35.985189
55909,-95.796438,35.985189
55825,-95.795744,35.983415
55824,-95.795744,35.983421
55823,-95.795744,35.983427
55822,-95.795576,35.983427
55860,-95.795710,35.984280
55861,-95.795673,35.984280
55862,-95.795647,35.984280
55881,-95.795739,35.984418
55880,-95.795702,35.984418
55879,-95.795665,35.984418
55878,-95.795616,35.984415
55891,-95.795648,35.985051
55892,-95.795631,35.985051
55893,-95.795613,35.985051
55894,-95.795596,35.985051
55895,-95.795578,35.985051
55896,-95.795561,35.985051
55908,-95.795631,35.985189
55907,-95.795613,35.985189
55906,-95.795578,35.985189
55905,-95.795561,35.985189
55915,-95.796531,35.985806
55916,-95.796514,35.985805
55917,-95.796496,35.985805
55918,-95.796479,35.985805
55919,-95.796461,35.985805
55920,-95.796444,35.985805
55936,-95.796529,35.985944
55935,-95.796512,35.985943
55934,-95.796494,35.985943
55933,-95.796477,35.985943
55932,-95.796459,35.985943
55931,-95.796442,35.985943
55921,-95.795641,35.985801
55922,-95.795624,35.985801
55923,-95.795589,35.985801
55924,-95.795572,35.985801
55897,-95.795380,35.985474
55898,-95.795380,35.985480
55899,-95.795380,35.985486
55900,-95.795380,35.985492
55901,-95.795383,35.985770
55902,-95.795383,35.985776
55903,-95.795383,35.985782
55904,-95.795384,35.985788
55930,-95.795657,35.985939
55929,-95.795639,35.985939
55928,-95.795622,35.985939
55927,-95.795604,35.985939
55926,-95.795587,35.985939
55925,-95.795570,35.985939
55858,-95.796727,35.982647
55857,-95.796727,35.982701
55856,-95.796728,35.982808
55833,-95.796559,35.982647
55834,-95.796559,35.982701
55835,-95.796559,35.982755
55836,-95.796560,35.982808
55855,-95.796728,35.982862
55837,-95.796560,35.982862
55832,-95.795738,35.982749
55831,-95.795739,35.982810
55830,-95.795739,35.982871
55829,-95.795740,35.982932
55828,-95.795741,35.982993
55827,-95.795742,35.983054
55826,-95.795743,35.983116
55816,-95.795570,35.982782
55817,-95.795571,35.982843
55818,-95.795572,35.982904
55819,-95.795573,35.982965
55820,-95.795573,35.983026
55854,-95.796732,35.984015
55853,-95.796732,35.984042
55852,-95.796732,35.984069
55851,-95.796732,35.984096
55850,-95.796732,35.984122
55849,-95.796732,35.984149
55848,-95.796732,35.984176
55543,-95.795739,35.981468
55544,-95.794856,35.981471
55545,-95.794824,35.981471
55546,-95.794792,35.981471
55547,-95.794761,35.981471
55815,-95.794792,35.981609
55814,-95.794744,35.982049
55813,-95.794744,35.982068
55812,-95.794744,35.982087
55539,-95.796988,35.981445
55540,-95.796739,35.981450
57616,-95.796992,35.981583
55541,-95.796376,35.981456
55542,-95.796057,35.981462
82023,-95.761586,35.986444
82025,-95.761586,35.986477
82027,-95.761543,35.986491
82024,-95.761586,35.986642
82026,-95.761586,35.986665
82037,-95.761454,35.986629
82028,-95.761382,35.986491
82031,-95.761380,35.986491
82029,-95.761377,35.986491
82032,-95.761298,35.986491
82036,-95.761382,35.986629
82035,-95.761380,35.986629
82030,-95.761303,35.986629
82033,-95.761298,35.986629
82034,-95.761254,35.986629
82038,-95.761586,35.987643
82039,-95.761585,35.987920
82041,-95.761503,35.988480
82069,-95.761615,35.989194
82040,-95.761402,35.988343
81802,-95.761754,35.981632
81799,-95.761754,35.981739
81798,-95.761754,35.983270
82020,-95.761586,35.983089
82021,-95.761586,35.983417
82022,-95.761586,35.983911
81796,-95.761754,35.984660
81797,-95.761754,35.985123
82010,-95.761586,35.977694
81806,-95.761754,35.977892
81805,-95.761754,35.978141
82017,-95.761359,35.977871
81804,-95.761754,35.979815
81803,-95.761754,35.979851
81801,-95.761754,35.979886
82019,-95.761586,35.980128
82018,-95.761586,35.980358
81800,-95.761754,35.981276
82009,-95.761586,35.976065
82070,-95.761605,35.993366
82102,-95.761585,36.008928
81788,-95.761755,36.009158
82103,-95.761585,36.011226
82118,-95.761541,36.012727
82104,-95.761442,36.012588
82117,-95.761490,36.012727
82119,-95.761594,36.015084
82120,-95.761594,36.015125
82121,-95.761595,36.015327
55346,-95.765756,36.017511
55345,-95.764320,36.017507
82122,-95.761602,36.016983
82123,-95.761603,36.017104
81778,-95.761774,36.017347
81779,-95.761774,36.017347
81780,-95.761774,36.017347
81781,-95.761774,36.017347
81782,-95.761774,36.017347
81783,-95.761774,36.017347
81784,-95.761774,36.017347
81785,-95.761774,36.017347
81786,-95.761774,36.017347
81787,-95.761774,36.017347
82287,-95.761774,36.017347
82288,-95.761774,36.017347
82281,-95.761604,36.017347
82283,-95.761604,36.017347
82286,-95.761604,36.017347
82289,-95.761604,36.017347
54894,-95.767362,36.017378
54893,-95.769821,36.017380
55347,-95.772121,36.017509
55348,-95.772069,36.017509
55349,-95.772043,36.017509
55350,-95.771991,36.017509
54892,-95.774751,36.017380
55351,-95.774781,36.017517
55352,-95.776319,36.017511
54891,-95.776042,36.017374
50443,-95.779809,36.017499
52594,-95.782148,36.017361
52595,-95.782139,36.017361
52596,-95.782128,36.017361
52598,-95.781932,36.017361
52599,-95.781928,36.017361
52600,-95.781829,36.017361
50440,-95.783427,36.017361
50434,-95.783531,36.017499
50441,-95.783352,36.017361
50442,-95.783277,36.017361
50433,-95.783422,36.017499
50432,-95.783378,36.017499
50431,-95.783334,36.017499
50438,-95.786082,36.017361
50439,-95.785781,36.017361
50436,-95.788298,36.017499
50437,-95.787966,36.017361
50435,-95.786614,36.017499
55332,-95.764196,35.973869
55333,-95.762904,35.973731
55330,-95.770358,35.973869
55331,-95.769165,35.973869
54913,-95.773369,35.973879
54912,-95.772341,35.973876
55316,-95.777311,35.973741
55317,-95.777245,35.973741
54914,-95.779128,35.973879
55314,-95.780046,35.973745
