88295,-95.747273,36.097403
88388,-95.747163,36.097296
85716,-95.746701,36.096486
85715,-95.746667,36.096504
85714,-95.746634,36.096522
85713,-95.746600,36.096540
88294,-95.746996,36.097528
88389,-95.746886,36.097420
88390,-95.746747,36.097483
88293,-95.746774,36.097628
88391,-95.746470,36.097608
88292,-95.746496,36.097753
88291,-95.746358,36.097815
88392,-95.746165,36.097745
88290,-95.746164,36.097902
85712,-95.745923,36.096864
85711,-95.745885,36.096873
85710,-95.745795,36.096867
85709,-95.745757,36.096857
85708,-95.745719,36.096846
85707,-95.745651,36.096795
85706,-95.745628,36.096768
85705,-95.745046,36.096596
88393,-95.745998,36.097820
88289,-95.745886,36.098027
88394,-95.745581,36.098007
85704,-95.745006,36.096595
85703,-95.744966,36.096595
85702,-95.744926,36.096595
85701,-95.744885,36.096594
88402,-95.744494,36.097275
88403,-95.744466,36.097274
88263,-95.747089,36.098332
88288,-95.746964,36.098194
88262,-95.746922,36.098332
88261,-95.746818,36.098331
88260,-95.746609,36.098331
88259,-95.746401,36.098330
88258,-95.746338,36.098330
88246,-95.746344,36.099031
88247,-95.746209,36.099031
88153,-95.746155,36.099169
88248,-95.745967,36.099031
88249,-95.745697,36.099031
88250,-95.745562,36.099031
88395,-95.745472,36.098056
88257,-95.745535,36.098184
88396,-95.745362,36.098105
88397,-95.745179,36.098187
88256,-95.745261,36.098307
88255,-95.745079,36.098390
88251,-95.745428,36.099031
88252,-95.745158,36.099031
88152,-95.745913,36.099169
88151,-95.745643,36.099169
88150,-95.745508,36.099169
88149,-95.745374,36.099169
88148,-95.745104,36.099169
88398,-95.744997,36.098270
88400,-95.744936,36.098216
88399,-95.744913,36.098184
88401,-95.744960,36.098248
88141,-95.744777,36.098426
88140,-95.744743,36.098221
88139,-95.744767,36.098254
88142,-95.744676,36.098549
88253,-95.745023,36.099031
88254,-95.744888,36.099031
88143,-95.744618,36.098687
88144,-95.744607,36.098751
88147,-95.744969,36.099169
88146,-95.744888,36.099169
88145,-95.744807,36.099169
85865,-95.743876,36.096603
85866,-95.743891,36.097850
85741,-95.748268,36.095075
85742,-95.748254,36.095059
85743,-95.748240,36.095043
85683,-95.748130,36.095155
85681,-95.748102,36.095123
85682,-95.748116,36.095139
85740,-95.748529,36.095642
85739,-95.748501,36.095656
85738,-95.748473,36.095670
85737,-95.748445,36.095684
85736,-95.748418,36.095699
85735,-95.748390,36.095713
85734,-95.748362,36.095727
88375,-95.749659,36.096134
88376,-95.749491,36.096210
88377,-95.749407,36.096249
88332,-95.749589,36.096323
88331,-95.749505,36.096361
88330,-95.749185,36.096509
88319,-95.749654,36.097445
88306,-95.749678,36.097583
88320,-95.749395,36.097443
88321,-95.749266,36.097443
88322,-95.749137,36.097442
88305,-95.749419,36.097582
88304,-95.749290,36.097581
88303,-95.749161,36.097580
88378,-95.749058,36.096409
88329,-95.748880,36.096651
88379,-95.748750,36.096554
88328,-95.748770,36.096703
88380,-95.748529,36.096659
88381,-95.748307,36.096765
88382,-95.748196,36.096817
88323,-95.749007,36.097441
88324,-95.748705,36.097441
88300,-95.748800,36.097738
88301,-95.748805,36.097920
88325,-95.748459,36.097441
88326,-95.748106,36.097426
88299,-95.748104,36.097565
88280,-95.749203,36.098258
88281,-95.749076,36.098259
88271,-95.749078,36.098397
88302,-95.748811,36.098163
88270,-95.748736,36.098338
88269,-95.748527,36.098338
88282,-95.748277,36.098199
88268,-95.748319,36.098337
88267,-95.748110,36.098336
88239,-95.748150,36.099031
85747,-95.747949,36.094709
85745,-95.747977,36.094741
85744,-95.747991,36.094757
85746,-95.747963,36.094725
85680,-95.747853,36.094837
85677,-95.747797,36.094773
85679,-95.747825,36.094805
85678,-95.747811,36.094789
85690,-95.747156,36.095191
85691,-95.747143,36.095176
85684,-95.747473,36.095567
85685,-95.747460,36.095552
85686,-95.747447,36.095536
85687,-95.747434,36.095520
85688,-95.747421,36.095505
85689,-95.747407,36.095489
85731,-95.747333,36.095645
85732,-95.747347,36.095661
85733,-95.747360,36.095677
85730,-95.747307,36.095614
85728,-95.747281,36.095583
85727,-95.747267,36.095567
85729,-95.747294,36.095598
85692,-95.746818,36.095058
85693,-95.746769,36.095084
85694,-95.746721,36.095111
85695,-95.746648,36.095150
85723,-95.746582,36.095927
85724,-95.746570,36.095914
85722,-95.746594,36.095941
85721,-95.746607,36.095955
85720,-95.746619,36.095968
85726,-95.746545,36.095886
85725,-95.746557,36.095900
85697,-95.746428,36.095989
85696,-95.746415,36.095975
88383,-95.748086,36.096870
88384,-95.747975,36.096923
88385,-95.747864,36.096976
88327,-95.747901,36.097276
88298,-95.747963,36.097527
88297,-95.747841,36.097450
88386,-95.747441,36.097171
88296,-95.747523,36.097291
88387,-95.747302,36.097233
85719,-95.746802,36.096432
85718,-95.746768,36.096450
85717,-95.746734,36.096468
85700,-95.746465,36.096030
85699,-95.746452,36.096016
85698,-95.746440,36.096003
88283,-95.748069,36.098198
88284,-95.747965,36.098197
88266,-95.747902,36.098335
88285,-95.747694,36.098197
88240,-95.747881,36.099031
88241,-95.747611,36.099031
88286,-95.747485,36.098196
88265,-95.747506,36.098334
88287,-95.747277,36.098195
88264,-95.747297,36.098333
88242,-95.747423,36.099031
88243,-95.747153,36.099031
88159,-95.747557,36.099169
88158,-95.747234,36.099169
88157,-95.747099,36.099169
88244,-95.746883,36.099031
88245,-95.746614,36.099031
88156,-95.746829,36.099169
88155,-95.746560,36.099169
88154,-95.746290,36.099169
85795,-95.751201,36.093844
85807,-95.751033,36.093864
85815,-95.750143,36.093607
85814,-95.750138,36.093686
85661,-95.749984,36.093481
85662,-95.749975,36.093599
85663,-95.749970,36.093678
85813,-95.750135,36.093839
85664,-95.749865,36.093931
85665,-95.749811,36.093931
85666,-95.749756,36.093931
85667,-95.749701,36.093931
88361,-95.752485,36.095453
88362,-95.752235,36.095028
88346,-95.752306,36.095200
88347,-95.752315,36.095307
88348,-95.752315,36.095395
88349,-95.752315,36.095483
88360,-95.752485,36.095600
88359,-95.752485,36.095747
88358,-95.752485,36.095893
88350,-95.752315,36.095629
88351,-95.752315,36.095776
88357,-95.752485,36.096040
88356,-95.752485,36.096187
88355,-95.752485,36.096275
88354,-95.752485,36.096421
88352,-95.752315,36.096069
88353,-95.752485,36.096568
88186,-95.752485,36.096804
88187,-95.752315,36.096933
88185,-95.752485,36.097233
88184,-95.752484,36.097593
88183,-95.752481,36.097816
88188,-95.752313,36.097635
88223,-95.752250,36.097580
88309,-95.752217,36.097580
88189,-95.752310,36.097858
88190,-95.752306,36.098193
85773,-95.751715,36.094205
85794,-95.751270,36.094003
85772,-95.751177,36.094445
88363,-95.752037,36.095068
88364,-95.751842,36.095136
88365,-95.751675,36.095216
88366,-95.751507,36.095296
88345,-95.751444,36.095600
88344,-95.751452,36.095707
88343,-95.751456,36.095817
88342,-95.751459,36.095923
88334,-95.751286,36.095819
88335,-95.751289,36.095925
85808,-95.751124,36.094073
85771,-95.751032,36.094511
85770,-95.750887,36.094576
85809,-95.750681,36.094512
85769,-95.750743,36.094642
85768,-95.750598,36.094707
85810,-95.750516,36.094587
85767,-95.750453,36.094773
85811,-95.750392,36.094644
85766,-95.750329,36.094829
88367,-95.751163,36.095455
88368,-95.750981,36.095537
88369,-95.750799,36.095619
88370,-95.750616,36.095700
88371,-95.750434,36.095782
88372,-95.750343,36.095823
88341,-95.751461,36.096030
88340,-95.751464,36.096137
88339,-95.751465,36.096223
88336,-95.751291,36.096032
88337,-95.751294,36.096139
88338,-95.751296,36.096246
88310,-95.752118,36.097443
88311,-95.751874,36.097445
88312,-95.751711,36.097447
88222,-95.752087,36.097581
88221,-95.751843,36.097584
88313,-95.751194,36.097451
88220,-95.751680,36.097585
88199,-95.751482,36.097723
88198,-95.751480,36.097873
88200,-95.751312,36.097721
88201,-95.751310,36.097871
88226,-95.750455,36.096285
88225,-95.750455,36.096386
88227,-95.750285,36.096507
88224,-95.750455,36.096588
88228,-95.750283,36.096751
88229,-95.750280,36.096859
88230,-95.750278,36.096931
88314,-95.751021,36.097451
88315,-95.750762,36.097451
88219,-95.751159,36.097589
88218,-95.750986,36.097589
88217,-95.750727,36.097589
88316,-95.750589,36.097451
88216,-95.750554,36.097589
88215,-95.750435,36.097679
88214,-95.750435,36.097765
88213,-95.750435,36.097893
88212,-95.750435,36.097979
85759,-95.749972,36.094190
85812,-95.750143,36.094221
85760,-95.749978,36.094331
85758,-95.749865,36.094069
85762,-95.750019,36.094697
85761,-95.749990,36.094547
85765,-95.750105,36.094940
85764,-95.750054,36.094967
85757,-95.749130,36.094702
85763,-95.750003,36.094994
88373,-95.749995,36.095981
85754,-95.749073,36.094636
85756,-95.749111,36.094680
85755,-95.749092,36.094658
85753,-95.749054,36.094614
85751,-95.748935,36.094714
85752,-95.748916,36.094692
85748,-95.748992,36.094780
85749,-95.748973,36.094758
85750,-95.748954,36.094736
85668,-95.748417,36.094139
85669,-95.748391,36.094153
85670,-95.748366,36.094167
85671,-95.748340,36.094181
85672,-95.748315,36.094195
85673,-95.748289,36.094209
85674,-95.748264,36.094223
85675,-95.748238,36.094237
85676,-95.748213,36.094251
88333,-95.750010,36.096131
88374,-95.749827,36.096057
88317,-95.750042,36.097448
88318,-95.749912,36.097447
88308,-95.750066,36.097586
88307,-95.749936,36.097585
88197,-95.751477,36.098098
88196,-95.751475,36.098248
88195,-95.751472,36.098473
88202,-95.751307,36.098096
88203,-95.751305,36.098246
88204,-95.751302,36.098471
88194,-95.751470,36.098623
88193,-95.751469,36.098773
88205,-95.751300,36.098621
88206,-95.751299,36.098771
88207,-95.751297,36.098921
88211,-95.750435,36.098108
88210,-95.750435,36.098194
88209,-95.750436,36.098513
88277,-95.750145,36.098251
88276,-95.750172,36.098389
88208,-95.750440,36.098794
88231,-95.750206,36.099091
88168,-95.750206,36.099229
88278,-95.749890,36.098253
88275,-95.749918,36.098391
88274,-95.749663,36.098393
88279,-95.749381,36.098257
88273,-95.749460,36.098394
88272,-95.749205,36.098396
88232,-95.749950,36.099091
88167,-95.749950,36.099229
88233,-95.749693,36.099091
88166,-95.749693,36.099229
88234,-95.749437,36.099091
88165,-95.749437,36.099229
88235,-95.749180,36.099091
88164,-95.749180,36.099229
88237,-95.748690,36.099031
88238,-95.748420,36.099031
88236,-95.749052,36.099091
88182,-95.752474,36.098373
88181,-95.752471,36.098597
88180,-95.752468,36.098820
88179,-95.752465,36.099043
88191,-95.752300,36.098639
88192,-95.752297,36.098862
83548,-95.752459,36.099342
88178,-95.752187,36.099239
88177,-95.752006,36.099239
88176,-95.751825,36.099239
88175,-95.751644,36.099239
88174,-95.751277,36.099238
88173,-95.751080,36.099235
88172,-95.750929,36.099234
88171,-95.750777,36.099232
88170,-95.750626,36.099230
88169,-95.750475,36.099229
82932,-95.756595,36.093906
82933,-95.756554,36.093925
83042,-95.755942,36.093291
83043,-95.755932,36.093296
82936,-95.755678,36.093882
82934,-95.755698,36.093910
82935,-95.755686,36.093893
83017,-95.755308,36.093727
83016,-95.755298,36.093731
89216,-95.754995,36.092531
89200,-95.754575,36.092574
89201,-95.754559,36.092581
89202,-95.754542,36.092589
89203,-95.754526,36.092597
89204,-95.754510,36.092605
89205,-95.754494,36.092613
89206,-95.754477,36.092621
89207,-95.754469,36.092625
89215,-95.754474,36.092782
89214,-95.754448,36.092793
89213,-95.754423,36.092805
89212,-95.754397,36.092817
89211,-95.754372,36.092829
89210,-95.754346,36.092841
89209,-95.754321,36.092853
89208,-95.754295,36.092865
83044,-95.755261,36.093593
83045,-95.755250,36.093597
83046,-95.755240,36.093601
83047,-95.755229,36.093605
83048,-95.755219,36.093609
83015,-95.755085,36.093826
83014,-95.755075,36.093831
83013,-95.755065,36.093835
83012,-95.755055,36.093840
83011,-95.755035,36.093850
83049,-95.754994,36.093710
83050,-95.754984,36.093715
83051,-95.754974,36.093720
83052,-95.754964,36.093725
83053,-95.754954,36.093729
83054,-95.754944,36.093734
83055,-95.754934,36.093739
85786,-95.752309,36.092894
85787,-95.752308,36.093063
85788,-95.752307,36.093233
85789,-95.752306,36.093403
85779,-95.752465,36.093624
85790,-95.752303,36.093564
85778,-95.752441,36.093727
85777,-95.752398,36.093804
85791,-95.752266,36.093709
85776,-95.752314,36.093885
85775,-95.752222,36.093949
85792,-95.752164,36.093814
85793,-95.752000,36.093909
83329,-95.756871,36.095604
83330,-95.756809,36.095515
83328,-95.756911,36.095664
82949,-95.756804,36.095790
83334,-95.756605,36.095216
83332,-95.756687,36.095335
83331,-95.756748,36.095425
83333,-95.756646,36.095275
82945,-95.756559,36.095431
83336,-95.756482,36.095036
83335,-95.756544,36.095126
82941,-95.756355,36.095132
82942,-95.756396,36.095192
82943,-95.756457,36.095282
82944,-95.756518,36.095371
82947,-95.756682,36.095610
82948,-95.756743,36.095700
82946,-95.756620,36.095521
82940,-95.755564,36.093996
82939,-95.755556,36.093985
82938,-95.755544,36.093969
82937,-95.755536,36.093958
82956,-95.755793,36.095668
82954,-95.755820,36.095732
82955,-95.755804,36.095693
82951,-95.755864,36.095834
82952,-95.755853,36.095809
82953,-95.755837,36.095770
82950,-95.755878,36.095889
82958,-95.755552,36.095285
82957,-95.755629,36.095405
82972,-95.755573,36.095613
82973,-95.755666,36.095791
82974,-95.755682,36.095829
82975,-95.755693,36.095855
82976,-95.755706,36.095878
82971,-95.755495,36.095493
82977,-95.755399,36.095948
82978,-95.755355,36.095948
82979,-95.755311,36.095948
82959,-95.754889,36.094652
82960,-95.754834,36.094677
82961,-95.754780,36.094702
82970,-95.754782,36.094859
82969,-95.754756,36.094872
82962,-95.754726,36.094728
82963,-95.754670,36.094754
82968,-95.754729,36.094885
82967,-95.754675,36.094911
82964,-95.754616,36.094780
82965,-95.754562,36.094806
82966,-95.754621,36.094937
82980,-95.755091,36.095947
82981,-95.754959,36.095946
82982,-95.754827,36.095946
82983,-95.754695,36.095945
82991,-95.755708,36.096088
82990,-95.755619,36.096087
82989,-95.755531,36.096087
82988,-95.755399,36.096086
82987,-95.755355,36.096086
82986,-95.755135,36.096085
82985,-95.755003,36.096085
82984,-95.754871,36.096084
83004,-95.754730,36.096751
83005,-95.754646,36.096751
83006,-95.754521,36.096751
83076,-95.754730,36.096889
83075,-95.754437,36.096889
83074,-95.754353,36.096889
83073,-95.754270,36.096889
83056,-95.753357,36.095074
83057,-95.753356,36.095095
83058,-95.753356,36.095116
83059,-95.753356,36.095137
83060,-95.753362,36.095838
83061,-95.753362,36.095864
83062,-95.753362,36.095889
83063,-95.753362,36.095915
83007,-95.754186,36.096751
83008,-95.754061,36.096751
83072,-95.754102,36.096889
83009,-95.753853,36.096751
83010,-95.753841,36.096751
83100,-95.753875,36.096902
83071,-95.753737,36.096889
83070,-95.753721,36.096889
83069,-95.753709,36.096889
83064,-95.753357,36.096564
83065,-95.753357,36.096591
83066,-95.753357,36.096630
83067,-95.753356,36.096670
83068,-95.753356,36.096709
85774,-95.752138,36.093999
82923,-95.758907,36.093212
82924,-95.758857,36.093212
83498,-95.758884,36.093350
82925,-95.758807,36.093212
82926,-95.758757,36.093213
83497,-95.758834,36.093350
83496,-95.758784,36.093351
83033,-95.757432,36.092607
83034,-95.757400,36.092622
83035,-95.757368,36.092637
83036,-95.757335,36.092652
83024,-95.757468,36.092750
83023,-95.757435,36.092765
83022,-95.757403,36.092780
83030,-95.758029,36.093109
83028,-95.758060,36.093152
83029,-95.758044,36.093130
83031,-95.758014,36.093087
83032,-95.757998,36.093065
83027,-95.757921,36.093231
83026,-95.757906,36.093209
83025,-95.757891,36.093188
82927,-95.757459,36.093510
83486,-95.757543,36.093630
82928,-95.757431,36.093522
82929,-95.757362,36.093554
83485,-95.757419,36.093686
83484,-95.757405,36.093693
83037,-95.757303,36.092667
82930,-95.757307,36.093579
82931,-95.757266,36.093598
83021,-95.756562,36.093170
83038,-95.756469,36.093054
83020,-95.756540,36.093179
83039,-95.756448,36.093064
83040,-95.756427,36.093073
83041,-95.756406,36.093083
83019,-95.756519,36.093188
83018,-95.756498,36.093198
83426,-95.759225,36.094164
83427,-95.759214,36.094144
83423,-95.759307,36.094297
83424,-95.759284,36.094259
83425,-95.759260,36.094221
83429,-95.759108,36.094283
83430,-95.759132,36.094321
83432,-95.759179,36.094398
83431,-95.759155,36.094359
83428,-95.759085,36.094245
83459,-95.758362,36.094878
83458,-95.759023,36.095450
83457,-95.759031,36.095468
83456,-95.759039,36.095485
83455,-95.759047,36.095503
83464,-95.758915,36.095706
83463,-95.758437,36.095000
83462,-95.758424,36.095007
83461,-95.758410,36.095013
83491,-95.758090,36.094053
83493,-95.758058,36.094012
83495,-95.758027,36.093971
83494,-95.758043,36.093992
83492,-95.758074,36.094033
83490,-95.757954,36.094136
83487,-95.757907,36.094074
83488,-95.757922,36.094095
83489,-95.757938,36.094115
83460,-95.758336,36.094891
83483,-95.757454,36.094800
83481,-95.757544,36.094928
83482,-95.757490,36.094851
83339,-95.757324,36.094894
83340,-95.757360,36.094945
83477,-95.758102,36.095856
83476,-95.758111,36.095898
83475,-95.758125,36.095966
83348,-95.757955,36.095964
83346,-95.757936,36.095880
83347,-95.757945,36.095922
83478,-95.757705,36.095158
83479,-95.757651,36.095081
83480,-95.757597,36.095005
83345,-95.757682,36.095396
83342,-95.757449,36.095073
83344,-95.757557,36.095226
83343,-95.757503,36.095149
83341,-95.757396,36.094996
83338,-95.757270,36.094817
83337,-95.757234,36.094766
83327,-95.756973,36.095754
82996,-95.756923,36.096027
82995,-95.756869,36.096051
82994,-95.756778,36.096071
82993,-95.756737,36.096074
82992,-95.756696,36.096077
83454,-95.759073,36.095629
83453,-95.759083,36.095686
83452,-95.759083,36.095753
83465,-95.758913,36.095751
83474,-95.758116,36.096553
83473,-95.758116,36.096595
83472,-95.758115,36.096638
83471,-95.758116,36.096676
83349,-95.757946,36.096551
83350,-95.757946,36.096593
83351,-95.757945,36.096636
83352,-95.757948,36.096684
83353,-95.757952,36.096742
83326,-95.757135,36.096510
83325,-95.757135,36.096556
83324,-95.757135,36.096586
83323,-95.757135,36.096616
83322,-95.757135,36.096677
83321,-95.757135,36.096722
82997,-95.756906,36.096751
83084,-95.756948,36.096889
83083,-95.756822,36.096889
82998,-95.756780,36.096751
82999,-95.756696,36.096751
83000,-95.756613,36.096751
83082,-95.756738,36.096889
83081,-95.756613,36.096889
83001,-95.756529,36.096751
83002,-95.756320,36.096751
83080,-95.756529,36.096889
83079,-95.756404,36.096889
83078,-95.756320,36.096889
83003,-95.756194,36.096751
83077,-95.756194,36.096889
83387,-95.760878,36.095566
83388,-95.760877,36.095601
83389,-95.760877,36.095636
83405,-95.760010,36.095167
83404,-95.760046,36.095239
83403,-95.760053,36.095287
83402,-95.760063,36.095359
83401,-95.760073,36.095430
83435,-95.759884,36.095261
83436,-95.759885,36.095303
83437,-95.759895,36.095375
83438,-95.759905,36.095446
83439,-95.759915,36.095510
83434,-95.759853,36.095221
83433,-95.759821,36.095180
83400,-95.760079,36.096330
83399,-95.760077,36.096403
83398,-95.760074,36.096475
83440,-95.759908,36.096350
83441,-95.759906,36.096423
83442,-95.759904,36.096495
83369,-95.760198,36.096891
83368,-95.760158,36.096890
83397,-95.760072,36.096547
83396,-95.760070,36.096619
83395,-95.760068,36.096691
83443,-95.759902,36.096567
83444,-95.759899,36.096639
83445,-95.759897,36.096711
83367,-95.760119,36.096890
83366,-95.760080,36.096890
83365,-95.759860,36.096889
83364,-95.759515,36.096889
83363,-95.759489,36.096889
83362,-95.759463,36.096889
83361,-95.759436,36.096889
83360,-95.759410,36.096889
83451,-95.759078,36.096395
83450,-95.759079,36.096452
83449,-95.759080,36.096509
83466,-95.758910,36.096473
83448,-95.759081,36.096566
83447,-95.759082,36.096623
83446,-95.759083,36.096680
83467,-95.758910,36.096530
83468,-95.758911,36.096587
83470,-95.758913,36.096682
83469,-95.758912,36.096644
83359,-95.758875,36.096889
83358,-95.758852,36.096889
83357,-95.758829,36.096889
83356,-95.758806,36.096889
83355,-95.758500,36.096889
83354,-95.758477,36.096889
83378,-95.761047,36.095603
83377,-95.761059,36.096437
83376,-95.761060,36.096495
83375,-95.761062,36.096553
83374,-95.761063,36.096611
83373,-95.761064,36.096669
83372,-95.761060,36.096733
83390,-95.760890,36.096478
83391,-95.760891,36.096536
83392,-95.760892,36.096594
83393,-95.760894,36.096652
83394,-95.760894,36.096704
83370,-95.760778,36.096758
83371,-95.760840,36.096896
83510,-95.761629,36.094770
83509,-95.761804,36.095802
83414,-95.761052,36.094040
83413,-95.761053,36.094070
83418,-95.760798,36.094129
83419,-95.760767,36.094128
83420,-95.760736,36.094128
83421,-95.760706,36.094127
83422,-95.760675,36.094127
83412,-95.760840,36.094268
83411,-95.760809,36.094267
83410,-95.760778,36.094267
83409,-95.760748,36.094266
83408,-95.760717,36.094266
83407,-95.760686,36.094265
83406,-95.760656,36.094265
83383,-95.761052,36.095430
83382,-95.761051,36.095465
83381,-95.761050,36.095499
83380,-95.761049,36.095534
83379,-95.761048,36.095568
83384,-95.760881,36.095463
83385,-95.760880,36.095497
83386,-95.760879,36.095532
82912,-95.761595,36.093212
82913,-95.761572,36.093212
83511,-95.761795,36.093638
83417,-95.761049,36.093951
82914,-95.760813,36.093219
83504,-95.760776,36.093357
82915,-95.760742,36.093219
82916,-95.760671,36.093219
83503,-95.760705,36.093357
82917,-95.760600,36.093218
82918,-95.760529,36.093218
83502,-95.760634,36.093356
83501,-95.760563,36.093356
82919,-95.760459,36.093217
82920,-95.760388,36.093217
83500,-95.760492,36.093356
83499,-95.760421,36.093355
82921,-95.760317,36.093217
82922,-95.760246,36.093216
83416,-95.761050,36.093980
83415,-95.761051,36.094010
89252,-95.757373,36.091089
89254,-95.757467,36.091239
89253,-95.757400,36.091143
89234,-95.756293,36.090491
89230,-95.756620,36.091381
89233,-95.756547,36.091279
89232,-95.756572,36.091315
89231,-95.756598,36.091350
89228,-95.756677,36.091450
89227,-95.756706,36.091484
89226,-95.756735,36.091518
89225,-95.756749,36.091535
89229,-95.756649,36.091415
89193,-95.756552,36.091545
89224,-95.756677,36.091761
89223,-95.756647,36.091772
89194,-95.756562,36.091651
89222,-95.756617,36.091782
89221,-95.756588,36.091793
89192,-95.756523,36.091511
89191,-95.756494,36.091476
89190,-95.756464,36.091436
89195,-95.756533,36.091662
89196,-95.756503,36.091673
89197,-95.756473,36.091683
89235,-95.756261,36.090491
89236,-95.756229,36.090491
89237,-95.756197,36.090491
89146,-95.755311,36.090481
89147,-95.755279,36.090481
89189,-95.755492,36.091103
89188,-95.755491,36.091126
89179,-95.755322,36.091099
89180,-95.755321,36.091122
89187,-95.755490,36.091150
89186,-95.755489,36.091173
89185,-95.755488,36.091197
89181,-95.755320,36.091146
89182,-95.755319,36.091158
89183,-95.755318,36.091181
89184,-95.755318,36.091205
89148,-95.755263,36.090481
89149,-95.754338,36.090481
89150,-95.754327,36.090481
89151,-95.754307,36.090481
89152,-95.754287,36.090481
89153,-95.754267,36.090481
89178,-95.754554,36.091438
89177,-95.754554,36.091487
89176,-95.754561,36.091528
89175,-95.754569,36.091576
89174,-95.754577,36.091625
89173,-95.754634,36.091776
89154,-95.754384,36.091440
89155,-95.754384,36.091489
89156,-95.754393,36.091546
89157,-95.754401,36.091594
89158,-95.754409,36.091643
89169,-95.754477,36.091843
89168,-95.754453,36.091856
89167,-95.754430,36.091870
89166,-95.754406,36.091884
89165,-95.754383,36.091898
89159,-95.754365,36.091737
89160,-95.754341,36.091751
89161,-95.754318,36.091765
89162,-95.754295,36.091779
89163,-95.754271,36.091792
89164,-95.754254,36.091800
89198,-95.755657,36.092061
89220,-95.755743,36.092179
89219,-95.755581,36.092257
89199,-95.755495,36.092139
89218,-95.755417,36.092336
89217,-95.755252,36.092412
89170,-95.755054,36.092323
89171,-95.754904,36.092143
89172,-95.754768,36.091962
85378,-95.758380,36.089960
85379,-95.758380,36.089960
85386,-95.758380,36.089960
85387,-95.758380,36.089960
85388,-95.758380,36.089960
85403,-95.758380,36.089960
89274,-95.758467,36.090166
89273,-95.758470,36.090355
89272,-95.758473,36.090543
89271,-95.758470,36.090736
89270,-95.758442,36.090937
89269,-95.758363,36.091070
89238,-95.758297,36.090168
89239,-95.758300,36.090357
89240,-95.758303,36.090514
89241,-95.758300,36.090730
89248,-95.757469,36.090599
89247,-95.757479,36.090774
89246,-95.757486,36.090866
89250,-95.757313,36.090838
89242,-95.758278,36.090901
89268,-95.758172,36.091223
89267,-95.758036,36.091284
89266,-95.757934,36.091330
89262,-95.758139,36.091757
89261,-95.758205,36.091812
89265,-95.757943,36.091604
89263,-95.758064,36.091703
89264,-95.758007,36.091663
89260,-95.758019,36.091853
89259,-95.757954,36.091807
89244,-95.757583,36.091132
89243,-95.757661,36.091231
89245,-95.757502,36.090983
89251,-95.757326,36.090940
89255,-95.757532,36.091321
89257,-95.757717,36.091581
89256,-95.757672,36.091514
89258,-95.757811,36.091690
89249,-95.757299,36.090605
85783,-95.752200,36.091193
85782,-95.752483,36.091748
85781,-95.752485,36.091943
85780,-95.752483,36.092214
85784,-95.752311,36.092554
85785,-95.752310,36.092724
85633,-95.752157,36.090471
85855,-95.752157,36.090609
85634,-95.751961,36.090471
85854,-95.751961,36.090609
85635,-95.751766,36.090471
85636,-95.751570,36.090471
85853,-95.751619,36.090609
85637,-95.751375,36.090471
85638,-95.751179,36.090471
85837,-95.751816,36.091142
85836,-95.751852,36.091287
85835,-95.751712,36.091363
85834,-95.751572,36.091439
85833,-95.751432,36.091514
85841,-95.751115,36.090868
85842,-95.750945,36.090868
85639,-95.750721,36.090471
85640,-95.750531,36.090471
85641,-95.750341,36.090471
85642,-95.750198,36.090471
85840,-95.751115,36.090974
85839,-95.751115,36.091097
85843,-95.750945,36.090974
85844,-95.750945,36.091080
85838,-95.751156,36.091196
85845,-95.750955,36.091182
85846,-95.751016,36.091276
85832,-95.751123,36.091685
85831,-95.750949,36.091783
85830,-95.750775,36.091881
85847,-95.750152,36.091307
85819,-95.752115,36.092090
85820,-95.751965,36.092158
85821,-95.751833,36.092232
85822,-95.751701,36.092306
85823,-95.751569,36.092379
85824,-95.751437,36.092453
85799,-95.751467,36.092922
85825,-95.751305,36.092527
85800,-95.751404,36.092707
85801,-95.751250,36.092763
85798,-95.751471,36.093128
85797,-95.751430,36.093337
85802,-95.751297,36.092928
85803,-95.751303,36.093114
85804,-95.751270,36.093291
85805,-95.751174,36.093453
85796,-95.751214,36.093680
85826,-95.751089,36.092636
85829,-95.750601,36.091979
85652,-95.750338,36.091965
85828,-95.750376,36.092114
85827,-95.750303,36.092159
85806,-95.751050,36.093644
85818,-95.750470,36.093134
85657,-95.750366,36.093026
85658,-95.750251,36.093098
85817,-95.750355,36.093206
85816,-95.750190,36.093400
85852,-95.750135,36.090658
85851,-95.750135,36.090767
85646,-95.749965,36.090659
85647,-95.749965,36.090771
85850,-95.750135,36.090913
85849,-95.750135,36.091059
85648,-95.749965,36.090921
85649,-95.749965,36.091034
85848,-95.750139,36.091198
85650,-95.749968,36.091191
85651,-95.749982,36.091303
85653,-95.750129,36.092094
85656,-95.750047,36.092298
85655,-95.750028,36.092305
85654,-95.749958,36.092181
85659,-95.750138,36.093197
85660,-95.750034,36.093348
85643,-95.749957,36.090154
85644,-95.749960,36.090289
85645,-95.749961,36.090390
85860,-95.743847,36.093136
85969,-95.741832,36.093778
85989,-95.741661,36.093811
85988,-95.740828,36.093634
85861,-95.743851,36.094013
85862,-95.743852,36.094083
85863,-95.743867,36.095767
85864,-95.743868,36.095794
85966,-95.743333,36.095459
85965,-95.742214,36.097284
85964,-95.742008,36.097286
85968,-95.741821,36.094230
85990,-95.741650,36.094263
85967,-95.741806,36.094856
85991,-95.741635,36.094889
86011,-95.741797,36.095845
86010,-95.741204,36.095456
85992,-95.740801,36.095316
86009,-95.740801,36.095454
85993,-95.740195,36.095313
86012,-95.741210,36.097148
85963,-95.741210,36.097286
86013,-95.740803,36.097146
86014,-95.740191,36.097143
85867,-95.743665,36.098962
85868,-95.743061,36.098968
85869,-95.743113,36.099105
85994,-95.739792,36.095311
86008,-95.739792,36.095449
86006,-95.739421,36.095766
86007,-95.739417,36.096402
86070,-95.742414,36.091821
86073,-95.742005,36.091681
86069,-95.742005,36.091819
86074,-95.741206,36.091681
86075,-95.740794,36.091681
86064,-95.740794,36.091819
86076,-95.740177,36.091681
86063,-95.740177,36.091819
86065,-95.741637,36.092129
86068,-95.741810,36.092575
86067,-95.741812,36.092898
86066,-95.741640,36.092600
85970,-95.740830,36.093496
86077,-95.739565,36.091052
86062,-95.739766,36.091819
86078,-95.738962,36.091678
86061,-95.738962,36.091816
86060,-95.738546,36.091814
86059,-95.738130,36.091674
86058,-95.738130,36.091812
85971,-95.739570,36.093491
85987,-95.739570,36.093629
85972,-95.739011,36.093491
85986,-95.739011,36.093629
85973,-95.738451,36.093491
85985,-95.738451,36.093629
85974,-95.738172,36.093491
85984,-95.738172,36.093629
85975,-95.737892,36.093491
85983,-95.737892,36.093629
86048,-95.737324,36.091657
86051,-95.737154,36.091657
86052,-95.737124,36.091671
86053,-95.737118,36.091671
86054,-95.737112,36.091671
86057,-95.737132,36.091809
86056,-95.737120,36.091809
86055,-95.737114,36.091809
86047,-95.737334,36.092626
86046,-95.737340,36.093185
85982,-95.736960,36.093629
85976,-95.736763,36.093491
85981,-95.736763,36.093629
85977,-95.736565,36.093491
85980,-95.736565,36.093629
85978,-95.736367,36.093491
85979,-95.736367,36.093629
78718,-95.735577,36.091817
85960,-95.739913,36.098964
85959,-95.740243,36.099105
85995,-95.738994,36.095311
85996,-95.738580,36.095311
86005,-95.738580,36.095449
85997,-95.738166,36.095311
86004,-95.738166,36.095449
86015,-95.738577,36.097270
86016,-95.738170,36.097128
86017,-95.738168,36.097266
86045,-95.737354,36.094451
85998,-95.737753,36.095311
86044,-95.737367,36.095831
85999,-95.737008,36.095311
86003,-95.736839,36.095449
86043,-95.737197,36.095864
86000,-95.736669,36.095311
86002,-95.736669,36.095449
86001,-95.736500,36.095449
86018,-95.737371,36.096670
86042,-95.737201,36.096704
86041,-95.737369,36.097646
86021,-95.737165,36.097121
86022,-95.737154,36.097121
86023,-95.737143,36.097121
86019,-95.737178,36.097259
86020,-95.737167,36.097259
86025,-95.737145,36.097259
86024,-95.737047,36.097259
85962,-95.739577,36.098507
85961,-95.739407,36.098541
85958,-95.739845,36.099101
85956,-95.739675,36.099099
85955,-95.738976,36.099096
85954,-95.738564,36.098956
85952,-95.738153,36.098954
85953,-95.738564,36.099094
85951,-95.738358,36.099093
86040,-95.737360,36.098496
86039,-95.737189,36.098528
85950,-95.737355,36.099473
86038,-95.736750,36.098948
86036,-95.736332,36.098946
86037,-95.736750,36.099086
86035,-95.736332,36.099084
85948,-95.737355,36.100317
86026,-95.734922,36.098567
86027,-95.734920,36.098645
85941,-95.742839,36.100781
85873,-95.741447,36.100917
85942,-95.740786,36.100778
85901,-95.740585,36.100915
85922,-95.740576,36.102719
85939,-95.739926,36.102719
85874,-95.739868,36.100914
85957,-95.739351,36.100775
85875,-95.739007,36.100912
85943,-95.738490,36.100773
85944,-95.738203,36.100772
85945,-95.737916,36.100772
85876,-95.737715,36.100909
85949,-95.736989,36.100767
85946,-95.736630,36.100763
85877,-95.735964,36.100895
86028,-95.734417,36.098941
86034,-95.734577,36.099079
85947,-95.735553,36.100753
85883,-95.735515,36.100891
85882,-95.735198,36.100968
85880,-95.735185,36.101649
86029,-95.733616,36.098941
86030,-95.733295,36.098941
86033,-95.733616,36.099079
86032,-95.733456,36.099079
85925,-95.739794,36.102581
85912,-95.739485,36.102581
85918,-95.739492,36.102719
85881,-95.739145,36.102581
85929,-95.739105,36.102719
85885,-95.738682,36.102581
85906,-95.738641,36.102719
85913,-95.738218,36.102581
85910,-95.738177,36.102719
85914,-95.737754,36.102581
85915,-95.737712,36.102719
85928,-95.737291,36.102581
85916,-95.736889,36.102581
85911,-95.737248,36.102719
85917,-95.736861,36.102719
85937,-95.736395,36.102581
85919,-95.736397,36.102719
85921,-95.736148,36.102581
85920,-95.736164,36.102719
85923,-95.735746,36.102581
85924,-95.735700,36.102719
85879,-95.735391,36.102719
85878,-95.735196,36.102331
85926,-95.734578,36.102711
85927,-95.734267,36.102570
85902,-95.741018,36.104411
85888,-95.740198,36.104408
85903,-95.739557,36.104407
85938,-95.738917,36.104405
85897,-95.738597,36.104405
85898,-95.738383,36.104404
85899,-95.737209,36.104401
85900,-95.736591,36.104401
86031,-95.733135,36.099079
85907,-95.732987,36.101601
85908,-95.732734,36.101601
85909,-95.732700,36.101739
85930,-95.732043,36.101939
85904,-95.733918,36.104406
85889,-95.733195,36.102155
85887,-95.733195,36.102281
85886,-95.733195,36.102500
85931,-95.733189,36.103119
85935,-95.732170,36.102337
85884,-95.731973,36.102598
85932,-95.733158,36.104411
85936,-95.732560,36.104411
85893,-95.731862,36.104411
85892,-95.743876,36.102390
85891,-95.743881,36.103971
85896,-95.742707,36.104416
85872,-95.742179,36.104414
85905,-95.741651,36.104413
85890,-95.743884,36.104407
85895,-95.743762,36.104419
85894,-95.743879,36.101886
85871,-95.743885,36.100503
85940,-95.743045,36.100781
85870,-95.743885,36.099939
85859,-95.743879,36.090831
86072,-95.743438,36.091688
86071,-95.743336,36.091825
85856,-95.747808,36.090035
85857,-95.747749,36.090035
85858,-95.745381,36.090031
86080,-95.740576,36.089993
86081,-95.740562,36.089994
86079,-95.739399,36.090150
86082,-95.738644,36.089994
86083,-95.737128,36.089978
86049,-95.737317,36.090532
86050,-95.737147,36.090532
85398,-95.759029,36.087987
85456,-95.756383,36.088843
85499,-95.756360,36.088862
85497,-95.756338,36.088881
85495,-95.756315,36.088900
85493,-95.756293,36.088919
85465,-95.756294,36.088986
85627,-95.755682,36.085602
85632,-95.755696,36.085628
85630,-95.755668,36.085577
85622,-95.755710,36.085653
85469,-95.755423,36.085499
85468,-95.755489,36.085625
85470,-95.755455,36.085636
85471,-95.755422,36.085648
85472,-95.755356,36.085522
85474,-95.755323,36.085533
85476,-95.755290,36.085545
85473,-95.755389,36.085659
85475,-95.755356,36.085671
85533,-95.755043,36.084423
85535,-95.755070,36.084472
85539,-95.755176,36.084668
85538,-95.755149,36.084619
85537,-95.755096,36.084521
85620,-95.755123,36.084570
85531,-95.754949,36.084319
85529,-95.754903,36.084281
85534,-95.754889,36.084479
85527,-95.754830,36.084236
85532,-95.754827,36.084415
85530,-95.754781,36.084377
85536,-95.754916,36.084528
85626,-95.754463,36.084191
85483,-95.754457,36.084191
85528,-95.754750,36.084358
85482,-95.754598,36.084329
85484,-95.754576,36.084329
85485,-95.754565,36.084329
85486,-95.754554,36.084329
85551,-95.754315,36.084376
85553,-95.754315,36.084410
85555,-95.754315,36.084445
85558,-95.754315,36.084479
85559,-95.754315,36.084514
85561,-95.754315,36.084548
85550,-95.754145,36.084342
85487,-95.754129,36.084330
85488,-95.754114,36.084330
85552,-95.754145,36.084376
85554,-95.754145,36.084410
85556,-95.754145,36.084445
85557,-95.754145,36.084462
85489,-95.754099,36.084330
85490,-95.754069,36.084330
85560,-95.754145,36.084531
85406,-95.753387,36.084351
85408,-95.753389,36.084440
85407,-95.753217,36.084353
85409,-95.753219,36.084442
85410,-95.753391,36.084530
85412,-95.753393,36.084619
85414,-95.753396,36.084709
85411,-95.753221,36.084532
85413,-95.753223,36.084621
85415,-95.753226,36.084711
85416,-95.753398,36.084799
85418,-95.753400,36.084888
85420,-95.753403,36.084978
85417,-95.753228,36.084801
85419,-95.753230,36.084890
85421,-95.753233,36.084980
85422,-95.753405,36.085068
85426,-95.753410,36.085247
85424,-95.753407,36.085157
85423,-95.753235,36.085070
85425,-95.753237,36.085159
85427,-95.753240,36.085249
85623,-95.753242,36.085339
85512,-95.755689,36.086423
85514,-95.755672,36.086432
85516,-95.755656,36.086442
85513,-95.755587,36.086313
85515,-95.755570,36.086322
85517,-95.755554,36.086332
85519,-95.755538,36.086342
85518,-95.755640,36.086452
85520,-95.755624,36.086462
85548,-95.755335,36.086759
85544,-95.755298,36.086707
85631,-95.755279,36.086682
85546,-95.755317,36.086733
85619,-95.755242,36.086630
85629,-95.755261,36.086656
85545,-95.755152,36.086777
85541,-95.755096,36.086700
85542,-95.755115,36.086726
85543,-95.755133,36.086752
85521,-95.755039,36.086664
85523,-95.755009,36.086674
85540,-95.754973,36.086538
85522,-95.754943,36.086548
85477,-95.754659,36.085915
85479,-95.754626,36.085927
85478,-95.754593,36.085789
85480,-95.754526,36.085812
85481,-95.754493,36.085824
85547,-95.755171,36.086803
85549,-95.755189,36.086829
85435,-95.754328,36.086959
85437,-95.754348,36.086993
85439,-95.754367,36.087028
85446,-95.754446,36.087165
85442,-95.754406,36.087097
85441,-95.754387,36.087062
85444,-95.754426,36.087131
85448,-95.754465,36.087200
85449,-95.754485,36.087234
85443,-95.754252,36.087155
85450,-95.754331,36.087292
85447,-95.754292,36.087223
85445,-95.754272,36.087189
85452,-95.754370,36.087361
85451,-95.754350,36.087327
85625,-95.754416,36.087604
85511,-95.755793,36.088287
85501,-95.756261,36.088747
85500,-95.756238,36.088766
85498,-95.756216,36.088785
85496,-95.756193,36.088804
85494,-95.756171,36.088823
85461,-95.756054,36.088768
85459,-95.755973,36.088694
85458,-95.755892,36.088619
85509,-95.755767,36.088304
85510,-95.755661,36.088198
85508,-95.755635,36.088215
85505,-95.755583,36.088249
85503,-95.755557,36.088266
85507,-95.755741,36.088321
85506,-95.755715,36.088338
85504,-95.755689,36.088355
85502,-95.755663,36.088372
85453,-95.755650,36.088396
85455,-95.755621,36.088575
85454,-95.755524,36.088486
85457,-95.755718,36.088664
85491,-95.756271,36.088938
85464,-95.756167,36.089077
85492,-95.756149,36.088842
85463,-95.756135,36.088843
85467,-95.756256,36.089157
85466,-95.756211,36.089117
85462,-95.756009,36.088933
85460,-95.755912,36.088843
85573,-95.755310,36.089319
85571,-95.755281,36.089293
85577,-95.755397,36.089399
85578,-95.755426,36.089425
85576,-95.755368,36.089372
85575,-95.755339,36.089346
85565,-95.755194,36.089214
85564,-95.755165,36.089187
85569,-95.755252,36.089267
85567,-95.755223,36.089240
85563,-95.755136,36.089161
85568,-95.755097,36.089332
85566,-95.755068,36.089306
85562,-95.754981,36.089226
85572,-95.755155,36.089385
85574,-95.755184,36.089411
85570,-95.755126,36.089359
85432,-95.753769,36.086389
85431,-95.753738,36.086343
85433,-95.753784,36.086412
85599,-95.753429,36.086039
85600,-95.753351,36.086065
85429,-95.753708,36.086297
85430,-95.753723,36.086320
85428,-95.753693,36.086274
85434,-95.754155,36.086983
85436,-95.754174,36.087017
85440,-95.754213,36.087086
85438,-95.754194,36.087051
85621,-95.753388,36.087401
85628,-95.753376,36.087401
85525,-95.753364,36.087401
85618,-95.753388,36.087539
85524,-95.753376,36.087539
85526,-95.753364,36.087539
85601,-95.753084,36.087553
85602,-95.753083,36.087599
85603,-95.753082,36.087646
85604,-95.753082,36.087693
85605,-95.753081,36.087740
85606,-95.753081,36.087786
85579,-95.754201,36.088189
85581,-95.754199,36.088245
85616,-95.754031,36.088199
85580,-95.754030,36.088213
85582,-95.754029,36.088241
85583,-95.754029,36.088255
85624,-95.754028,36.088269
85584,-95.754027,36.088282
85586,-95.754179,36.088741
85588,-95.754177,36.088789
85585,-95.754011,36.088690
85587,-95.754009,36.088737
85589,-95.754007,36.088785
85590,-95.754175,36.088837
85592,-95.754173,36.088885
85594,-95.754172,36.088933
85596,-95.754170,36.088981
85591,-95.754005,36.088833
85593,-95.754003,36.088881
85595,-95.754002,36.088929
85597,-95.754000,36.088977
85598,-95.753998,36.089025
85607,-95.753080,36.087833
85608,-95.753072,36.088721
85609,-95.753072,36.088768
85610,-95.753071,36.088815
85611,-95.753071,36.088862
85612,-95.753071,36.088908
85613,-95.753070,36.088955
85614,-95.753070,36.089002
85615,-95.753070,36.089049
61211,-95.761894,36.089909
85373,-95.761625,36.090062
85374,-95.761625,36.090062
85375,-95.761625,36.090062
85376,-95.761625,36.090062
85377,-95.761625,36.090062
85384,-95.760125,36.089387
85385,-95.760125,36.089427
85383,-95.760129,36.088445
85380,-95.760129,36.088484
85381,-95.760129,36.088504
85382,-95.760129,36.088523
85397,-95.759199,36.087913
85396,-95.759199,36.087936
85395,-95.759199,36.087948
85394,-95.759199,36.087971
85393,-95.759199,36.087982
85392,-95.759190,36.088961
85391,-95.759186,36.089279
85390,-95.759185,36.089438
85389,-95.759185,36.089602
85617,-95.753207,36.083983
85404,-95.753207,36.083991
85405,-95.753207,36.083999
80394,-95.761059,36.067273
80393,-95.761059,36.067286
80309,-95.760879,36.066811
80310,-95.760804,36.066811
80298,-95.760767,36.066811
80311,-95.760730,36.066811
80299,-95.760693,36.066811
80312,-95.760656,36.066811
80329,-95.760879,36.066949
80308,-95.760841,36.066949
80328,-95.760804,36.066949
80307,-95.760767,36.066949
80327,-95.760730,36.066949
80306,-95.760693,36.066949
80326,-95.760656,36.066949
80305,-95.760619,36.066949
80325,-95.760582,36.066949
80330,-95.760868,36.067591
80331,-95.760796,36.067591
80383,-95.760868,36.067729
80382,-95.760797,36.067729
80332,-95.760724,36.067591
80333,-95.760652,36.067591
80381,-95.760726,36.067729
80380,-95.760656,36.067729
80334,-95.760580,36.067592
80379,-95.760585,36.067730
80392,-95.761035,36.069282
80391,-95.761035,36.069315
80396,-95.760546,36.068631
80395,-95.760570,36.068641
80397,-95.760522,36.068620
80398,-95.760499,36.068610
80427,-95.760490,36.068763
80426,-95.760466,36.068753
80428,-95.760865,36.069282
80266,-95.759177,36.064924
80267,-95.759144,36.064922
80268,-95.759111,36.064920
80291,-95.759241,36.065065
80290,-95.759182,36.065061
80289,-95.759123,36.065057
80269,-95.759078,36.064918
80270,-95.758849,36.064904
80288,-95.759064,36.065054
80287,-95.759042,36.065094
80286,-95.759039,36.065120
80279,-95.758874,36.065082
80280,-95.758871,36.065108
80271,-95.758801,36.064902
80272,-95.758744,36.064901
80273,-95.758696,36.064903
80274,-95.758648,36.064905
80278,-95.758839,36.065042
80277,-95.758791,36.065040
80276,-95.758752,36.065039
80275,-95.758704,36.065041
80353,-95.757851,36.065137
80352,-95.757853,36.065185
80354,-95.757670,36.064853
80355,-95.757671,36.064903
80356,-95.757679,36.065095
79919,-95.756959,36.063626
79918,-95.756959,36.063688
79917,-95.756959,36.063720
79916,-95.756959,36.063751
79915,-95.756958,36.063782
79914,-95.756958,36.063845
79913,-95.756958,36.063876
79912,-95.756958,36.063907
79911,-95.756958,36.063939
79910,-95.756958,36.063970
79889,-95.756789,36.063626
79890,-95.756789,36.063751
79891,-95.756788,36.063782
79892,-95.756788,36.063845
79893,-95.756788,36.063876
79894,-95.756788,36.063907
80184,-95.756765,36.065143
80285,-95.758932,36.065730
80284,-95.758923,36.065755
80281,-95.758770,36.065692
80282,-95.758761,36.065717
80283,-95.758753,36.065743
80313,-95.759163,36.066396
80300,-95.759127,36.066389
80324,-95.759125,36.066530
80314,-95.759091,36.066382
80301,-95.759055,36.066376
80315,-95.759003,36.066370
80304,-95.759089,36.066523
80323,-95.759053,36.066516
80303,-95.759017,36.066510
80322,-95.758995,36.066508
80316,-95.758929,36.066367
80317,-95.758855,36.066364
80302,-95.758958,36.066506
80321,-95.758921,36.066505
80320,-95.758847,36.066502
80319,-95.758629,36.066499
80318,-95.758591,36.066499
80425,-95.759888,36.068672
80399,-95.759687,36.068522
80400,-95.759639,36.068522
80422,-95.759689,36.068660
80424,-95.759722,36.068701
80423,-95.759720,36.068690
80421,-95.759641,36.068660
80401,-95.759591,36.068522
80402,-95.759544,36.068523
80403,-95.759496,36.068523
80339,-95.758875,36.067455
80338,-95.758875,36.067461
80335,-95.759070,36.067599
80336,-95.758998,36.067599
80378,-95.759102,36.067737
80377,-95.759032,36.067737
80337,-95.758926,36.067599
80376,-95.758961,36.067737
80375,-95.758891,36.067738
80340,-95.758705,36.067455
80341,-95.758705,36.067461
80342,-95.758689,36.067601
80343,-95.758658,36.067601
80344,-95.758628,36.067601
80374,-95.758673,36.067739
80373,-95.758642,36.067739
80372,-95.758611,36.067739
80371,-95.758580,36.067739
80419,-95.758600,36.068773
80418,-95.758624,36.068804
80519,-95.758362,36.068599
80420,-95.758576,36.068742
80518,-95.758396,36.068613
80406,-95.758456,36.068847
80405,-95.758432,36.068816
80407,-95.758480,36.068879
80351,-95.757885,36.066299
80357,-95.757707,36.065640
80358,-95.757708,36.065668
80359,-95.757709,36.065695
80360,-95.757711,36.065722
80350,-95.757885,36.066348
80349,-95.757880,36.066525
80348,-95.757860,36.067037
80347,-95.757860,36.067059
80346,-95.757859,36.067081
80345,-95.757858,36.067104
80361,-95.757715,36.066320
80362,-95.757715,36.066348
80363,-95.757710,36.066521
80364,-95.757709,36.066543
80365,-95.757690,36.067033
80366,-95.757690,36.067055
80367,-95.757689,36.067077
80368,-95.757688,36.067100
80369,-95.757687,36.067122
80370,-95.757685,36.067167
79909,-95.756957,36.065422
79908,-95.756961,36.065684
79907,-95.756963,36.065816
79906,-95.756965,36.065982
79905,-95.756965,36.065993
79904,-95.756965,36.066004
79903,-95.756965,36.066015
80183,-95.756758,36.065281
80182,-95.756746,36.065281
80181,-95.756734,36.065281
80159,-95.756779,36.065830
80160,-95.756761,36.065829
80161,-95.756743,36.065829
80158,-95.756741,36.065967
80157,-95.756723,36.065967
79902,-95.756967,36.066757
79901,-95.756969,36.066883
79900,-95.756971,36.067009
79899,-95.756973,36.067136
79898,-95.756971,36.067304
79897,-95.756970,36.067316
80127,-95.756778,36.066480
80128,-95.756778,36.066480
80129,-95.756778,36.066480
80130,-95.756778,36.066480
80131,-95.756778,36.066480
80132,-95.756778,36.066480
80133,-95.756778,36.066480
80134,-95.756778,36.066480
80135,-95.756778,36.066480
80126,-95.756724,36.066479
80125,-95.756670,36.066479
80124,-95.756616,36.066479
80123,-95.756562,36.066479
80136,-95.756778,36.066618
80137,-95.756778,36.066618
80138,-95.756778,36.066618
80139,-95.756778,36.066618
80140,-95.756778,36.066618
80141,-95.756778,36.066618
80142,-95.756778,36.066618
80143,-95.756778,36.066618
80144,-95.756778,36.066618
80145,-95.756778,36.066618
80146,-95.756724,36.066617
80147,-95.756670,36.066617
80148,-95.756616,36.066617
80110,-95.756789,36.067149
80111,-95.756771,36.067148
80112,-95.756753,36.067148
80109,-95.756769,36.067286
80108,-95.756751,36.067286
80107,-95.756733,36.067286
80520,-95.758329,36.068586
80517,-95.758288,36.068723
80516,-95.758255,36.068710
80404,-95.758322,36.068737
80515,-95.757473,36.069023
80513,-95.757533,36.069301
80514,-95.757529,36.069297
79896,-95.756970,36.067328
79895,-95.756969,36.067352
80087,-95.756620,36.067791
80088,-95.756603,36.067790
80089,-95.756587,36.067790
80086,-95.756618,36.067929
80085,-95.756601,36.067928
80084,-95.756568,36.067928
80521,-95.757269,36.068530
80504,-95.757267,36.068668
80522,-95.756929,36.068528
80503,-95.756927,36.068666
80505,-95.757299,36.068941
80506,-95.757311,36.069199
80523,-95.756590,36.068526
80502,-95.756588,36.068664
80390,-95.761035,36.069697
80389,-95.761033,36.069872
80388,-95.761033,36.069890
80387,-95.761029,36.070305
80386,-95.761029,36.070323
80429,-95.760841,36.069720
80430,-95.760829,36.069720
80431,-95.760817,36.069721
80434,-95.760864,36.069861
80435,-95.760863,36.069878
80433,-95.760845,36.069856
80432,-95.760833,36.069857
80436,-95.760841,36.070758
80582,-95.760835,36.070896
80437,-95.760763,36.070755
80438,-95.760685,36.070753
80581,-95.760757,36.070893
80580,-95.760679,36.070891
80439,-95.760607,36.070751
80440,-95.760527,36.070751
80579,-95.760601,36.070889
80578,-95.760527,36.070889
80441,-95.760440,36.070753
80577,-95.760458,36.070889
80442,-95.760362,36.070760
80417,-95.759085,36.069599
80408,-95.758915,36.069605
80416,-95.759085,36.069635
80415,-95.759085,36.069672
80414,-95.759085,36.069709
80413,-95.759085,36.069746
80409,-95.758915,36.069679
80576,-95.759238,36.071601
80443,-95.759039,36.071461
80575,-95.759039,36.071599
80574,-95.758994,36.071599
80511,-95.757633,36.069395
80512,-95.757628,36.069391
80510,-95.757503,36.069484
80509,-95.757499,36.069480
80507,-95.757403,36.069389
80508,-95.757407,36.069393
80410,-95.757377,36.070754
80411,-95.757349,36.070784
80412,-95.757322,36.070814
80566,-95.757527,36.071079
80447,-95.756671,36.070255
80446,-95.756667,36.070268
80445,-95.756663,36.070281
80444,-95.756660,36.070294
80448,-95.756505,36.070225
80449,-95.756501,36.070238
80450,-95.756497,36.070251
80565,-95.757201,36.070942
80564,-95.757172,36.070929
80563,-95.757144,36.070917
80451,-95.756394,36.070557
80452,-95.756330,36.070548
80562,-95.756366,36.070693
80561,-95.756304,36.070684
80573,-95.757802,36.071516
80572,-95.757794,36.071526
80571,-95.757786,36.071537
80570,-95.757779,36.071547
80567,-95.757654,36.071449
80568,-95.757646,36.071459
80569,-95.757638,36.071469
79946,-95.756145,36.063475
79945,-95.756145,36.063589
79944,-95.756145,36.063703
79943,-95.756145,36.063817
79942,-95.756145,36.064008
79941,-95.756145,36.064034
79940,-95.756145,36.064061
79939,-95.756145,36.064087
79938,-95.756146,36.064140
79937,-95.756146,36.064167
80191,-95.755957,36.063829
80192,-95.755956,36.063829
80193,-95.755954,36.063829
80194,-95.755951,36.063829
79930,-95.755975,36.063982
80195,-95.755885,36.063829
80196,-95.755884,36.063829
80197,-95.755881,36.063829
79931,-95.755975,36.064008
79932,-95.755975,36.064034
79933,-95.755975,36.064061
79934,-95.755975,36.064087
79935,-95.755976,36.064114
79936,-95.755976,36.064140
80200,-95.755026,36.063343
80199,-95.755007,36.063343
80198,-95.754971,36.063343
79972,-95.753962,36.063350
79973,-95.753957,36.063501
79974,-95.753952,36.063653
80190,-95.754114,36.063972
80189,-95.754113,36.063998
80188,-95.754113,36.064025
80187,-95.754113,36.064052
80186,-95.754113,36.064079
80185,-95.754112,36.064133
79975,-95.753947,36.063805
79976,-95.753944,36.063972
79977,-95.753943,36.063997
79978,-95.753943,36.064023
79979,-95.753943,36.064074
79980,-95.753943,36.064100
79981,-95.753942,36.064126
79982,-95.753942,36.064151
80024,-95.753302,36.063486
80023,-95.753302,36.063544
80022,-95.753302,36.063573
80021,-95.753303,36.063602
80020,-95.753303,36.063631
80019,-95.753303,36.063660
80018,-95.753303,36.063689
80017,-95.753303,36.063718
80016,-95.753303,36.063747
80015,-95.753303,36.063776
80014,-95.753304,36.063805
80013,-95.753309,36.064932
80012,-95.753309,36.064961
80011,-95.753310,36.064990
80010,-95.753310,36.065019
80009,-95.753310,36.065048
80008,-95.753310,36.065077
80007,-95.753310,36.065106
80006,-95.753310,36.065135
80043,-95.753132,36.063457
80044,-95.753132,36.063486
80045,-95.753132,36.063515
80046,-95.753132,36.063544
80047,-95.753133,36.063631
80048,-95.753133,36.063660
80049,-95.753133,36.063689
80050,-95.753133,36.063718
80051,-95.753133,36.063747
80052,-95.753133,36.063776
80053,-95.753139,36.064903
80054,-95.753139,36.064932
80055,-95.753139,36.064961
80056,-95.753140,36.064990
80057,-95.753140,36.065019
80058,-95.753140,36.065077
80059,-95.753140,36.065106
80180,-95.755948,36.065297
80179,-95.755929,36.065297
80178,-95.755911,36.065297
80177,-95.755892,36.065297
80176,-95.755873,36.065297
80175,-95.755855,36.065296
80162,-95.755890,36.065823
80163,-95.755872,36.065823
80164,-95.755855,36.065823
80165,-95.755819,36.065823
80166,-95.755801,36.065822
80156,-95.755870,36.065961
80155,-95.755853,36.065961
80154,-95.755835,36.065961
80153,-95.755817,36.065961
80152,-95.755799,36.065960
80151,-95.755782,36.065960
80113,-95.755904,36.067139
80114,-95.755886,36.067139
80115,-95.755868,36.067139
80116,-95.755851,36.067139
80117,-95.755833,36.067139
80118,-95.755815,36.067139
80106,-95.755884,36.067277
80105,-95.755866,36.067277
80104,-95.755849,36.067277
80103,-95.755831,36.067277
80102,-95.755813,36.067277
80101,-95.755795,36.067276
80174,-95.755015,36.065288
80173,-95.754996,36.065288
80172,-95.754978,36.065287
80171,-95.754959,36.065287
80167,-95.755002,36.065817
80168,-95.754984,36.065817
80169,-95.754966,36.065816
80170,-95.754949,36.065816
80150,-95.754947,36.065954
80149,-95.754929,36.065954
80119,-95.755019,36.067130
80120,-95.755001,36.067130
80121,-95.754983,36.067130
80122,-95.754966,36.067130
80100,-95.754999,36.067268
80099,-95.754981,36.067268
80098,-95.754946,36.067268
80090,-95.755795,36.067786
80091,-95.755778,36.067786
80092,-95.755762,36.067786
80093,-95.755745,36.067786
80094,-95.755729,36.067786
80083,-95.755776,36.067924
80082,-95.755760,36.067924
80081,-95.755743,36.067924
80080,-95.755727,36.067924
80079,-95.755710,36.067924
80078,-95.755694,36.067924
80524,-95.756250,36.068524
80501,-95.756248,36.068662
80525,-95.755911,36.068522
80500,-95.755909,36.068660
80526,-95.755572,36.068521
80499,-95.755570,36.068659
80489,-95.755553,36.068708
80488,-95.755553,36.068743
80527,-95.755357,36.068521
80490,-95.755384,36.068671
80491,-95.755383,36.068706
80492,-95.755383,36.068741
80493,-95.755382,36.068777
80494,-95.755382,36.068812
80095,-95.754970,36.067782
80096,-95.754954,36.067782
80097,-95.754921,36.067782
80077,-95.754952,36.067920
80076,-95.754935,36.067920
80075,-95.754919,36.067920
80074,-95.754902,36.067920
80528,-95.754978,36.068524
80529,-95.754958,36.068525
80530,-95.754938,36.068525
80498,-95.754980,36.068662
80531,-95.754288,36.068531
80532,-95.754271,36.068531
80497,-95.754478,36.068718
80496,-95.754479,36.068744
80495,-95.754480,36.068769
80475,-95.754307,36.068696
80476,-95.754308,36.068722
80477,-95.754309,36.068748
80478,-95.754310,36.068773
80479,-95.754311,36.068799
80481,-95.754387,36.069373
80480,-95.754378,36.069348
79983,-95.753936,36.065293
79984,-95.753938,36.065461
79985,-95.753943,36.065798
79986,-95.753946,36.065963
79987,-95.753946,36.065974
79988,-95.753946,36.065985
79989,-95.753946,36.065996
79990,-95.753956,36.066623
79991,-95.753958,36.066784
79992,-95.753960,36.066946
79993,-95.753963,36.067108
79994,-95.753966,36.067273
79995,-95.753966,36.067284
79996,-95.753966,36.067295
79997,-95.753966,36.067306
80005,-95.753317,36.066378
80004,-95.753317,36.066407
80003,-95.753317,36.066436
80002,-95.753317,36.066465
80001,-95.753317,36.066494
80000,-95.753317,36.066523
79999,-95.753317,36.066552
79998,-95.753318,36.066581
80060,-95.753146,36.066349
80061,-95.753147,36.066378
80062,-95.753147,36.066407
80063,-95.753147,36.066436
80064,-95.753147,36.066465
80065,-95.753147,36.066494
80066,-95.753147,36.066523
80067,-95.753147,36.066552
80068,-95.753148,36.066581
80073,-95.753945,36.067919
80072,-95.753932,36.067919
80071,-95.753920,36.067919
80070,-95.753907,36.067919
80533,-95.753671,36.068591
80534,-95.753635,36.068597
80474,-95.753711,36.068725
80473,-95.753679,36.068725
80535,-95.753565,36.068625
80536,-95.753538,36.068645
80472,-95.753387,36.069270
80471,-95.753387,36.069300
80470,-95.753387,36.069329
80537,-95.753217,36.069272
80538,-95.753217,36.069302
80539,-95.753217,36.069331
80540,-95.753217,36.069361
80069,-95.753162,36.067937
80484,-95.755577,36.069562
80485,-95.755568,36.069561
80486,-95.755559,36.069561
80487,-95.755541,36.069697
80483,-95.755505,36.069698
80482,-95.755470,36.069756
80453,-95.756266,36.070539
80454,-95.756186,36.070531
80558,-95.755196,36.071166
80559,-95.755169,36.071147
80560,-95.755142,36.071129
80556,-95.755251,36.071203
80557,-95.755224,36.071184
80555,-95.755088,36.071272
80554,-95.755061,36.071253
80553,-95.755034,36.071235
80455,-95.754877,36.071129
80552,-95.754977,36.071239
80458,-95.754506,36.070936
80457,-95.754514,36.070949
80456,-95.754522,36.070962
80460,-95.754554,36.071316
80459,-95.754356,36.071000
80551,-95.754616,36.071444
80468,-95.753818,36.070011
80469,-95.753801,36.070011
80467,-95.753818,36.070149
80466,-95.753801,36.070149
80465,-95.753784,36.070149
80464,-95.753398,36.070184
80541,-95.753228,36.070164
80542,-95.753228,36.070188
80543,-95.753229,36.070212
80461,-95.754146,36.071378
80463,-95.753419,36.070763
80544,-95.753249,36.070767
80545,-95.753250,36.070791
80462,-95.753690,36.071374
80550,-95.754220,36.071517
80549,-95.753840,36.071513
80548,-95.753460,36.071510
80547,-95.753256,36.071509
80546,-95.753184,36.071509
80250,-95.761261,36.065139
80249,-95.761247,36.065139
80246,-95.760991,36.065001
80247,-95.760967,36.065001
80248,-95.760943,36.065001
80262,-95.760729,36.065001
80294,-95.760729,36.065139
80293,-95.760669,36.065139
80295,-95.760740,36.065183
80296,-95.760739,36.065216
80297,-95.760738,36.065249
80292,-95.760610,36.065139
80261,-95.760902,36.065363
80260,-95.760987,36.065585
80259,-95.761038,36.065829
80258,-95.761046,36.066111
80257,-95.761053,36.066427
80256,-95.761054,36.066442
80255,-95.761054,36.066457
80254,-95.761054,36.066472
80253,-95.761063,36.066963
80252,-95.761062,36.066975
80251,-95.761062,36.066987
80263,-95.760005,36.064978
80264,-95.759972,36.064976
80265,-95.759939,36.064974
80245,-95.756965,36.061039
80244,-95.756965,36.061056
80243,-95.756965,36.061073
80242,-95.756965,36.061090
80241,-95.756965,36.061108
79959,-95.754905,36.061028
79958,-95.754905,36.061045
79957,-95.754905,36.061062
79960,-95.754735,36.061030
79961,-95.754735,36.061047
79962,-95.754735,36.061064
79963,-95.754735,36.061081
79965,-95.754086,36.061045
79964,-95.754087,36.061062
79966,-95.753916,36.061047
79967,-95.753917,36.061081
79926,-95.756963,36.062063
79925,-95.756963,36.062094
79924,-95.756963,36.062125
79923,-95.756963,36.062157
79922,-95.756963,36.062188
79927,-95.756765,36.061881
79928,-95.756753,36.061881
79883,-95.756793,36.062094
79884,-95.756793,36.062125
79885,-95.756793,36.062157
79886,-95.756793,36.062188
79921,-95.756963,36.062250
79920,-95.756963,36.062282
79887,-95.756793,36.062219
79888,-95.756793,36.062250
79929,-95.755969,36.061880
79953,-95.755948,36.061879
79954,-95.755928,36.061879
79955,-95.755908,36.061879
79956,-95.755887,36.061879
80240,-95.755926,36.062017
80239,-95.755906,36.062017
80238,-95.755885,36.062017
80237,-95.755865,36.062017
80236,-95.755845,36.062016
79952,-95.756150,36.062259
79951,-95.756148,36.062372
79950,-95.756146,36.062598
80223,-95.755942,36.062607
80224,-95.755924,36.062607
80225,-95.755906,36.062606
80226,-95.755887,36.062606
80227,-95.755869,36.062605
79949,-95.756145,36.062762
79948,-95.756145,36.062772
79947,-95.756145,36.062782
80222,-95.755918,36.062745
80221,-95.755900,36.062744
80220,-95.755881,36.062744
80219,-95.755863,36.062743
80218,-95.755845,36.062743
80205,-95.755940,36.063209
80206,-95.755922,36.063209
80207,-95.755904,36.063209
80208,-95.755885,36.063209
80209,-95.755867,36.063209
80235,-95.754930,36.062009
80234,-95.754727,36.062007
80233,-95.754714,36.062006
80232,-95.754701,36.062006
80228,-95.755048,36.062585
80229,-95.755030,36.062584
80230,-95.755011,36.062584
80231,-95.754993,36.062583
80217,-95.755024,36.062722
80210,-95.755046,36.063205
80211,-95.755028,36.063205
80212,-95.755009,36.063205
80216,-95.755005,36.062722
80215,-95.754987,36.062721
80214,-95.754969,36.062721
80213,-95.754991,36.063205
80204,-95.755920,36.063347
80203,-95.755883,36.063347
80202,-95.755865,36.063347
80201,-95.755847,36.063347
80030,-95.753295,36.062069
80029,-95.753295,36.062127
80028,-95.753295,36.062156
80027,-95.753295,36.062185
79968,-95.753953,36.062370
79969,-95.753961,36.062549
79970,-95.753965,36.062712
79971,-95.753965,36.062743
80026,-95.753296,36.062214
80025,-95.753296,36.062243
80038,-95.753125,36.062069
80039,-95.753125,36.062127
80040,-95.753125,36.062156
80041,-95.753125,36.062185
80042,-95.753126,36.062214
80034,-95.753295,36.061036
80033,-95.753295,36.061053
80032,-95.753295,36.061070
80031,-95.753295,36.061088
80035,-95.753125,36.061019
80036,-95.753125,36.061036
80037,-95.753125,36.061070
78136,-95.757135,36.074919
78135,-95.757135,36.075266
78134,-95.757135,36.075293
78133,-95.757135,36.075320
78132,-95.757135,36.075346
78131,-95.756623,36.074954
78130,-95.756625,36.075014
78129,-95.756626,36.075074
78128,-95.756627,36.075135
78127,-95.756629,36.075195
78126,-95.756630,36.075255
78125,-95.756631,36.075315
78124,-95.756456,36.075076
78123,-95.756457,36.075106
78122,-95.756457,36.075137
78121,-95.756458,36.075167
78120,-95.756459,36.075197
78119,-95.756459,36.075227
78118,-95.756460,36.075257
78117,-95.756461,36.075287
78116,-95.756461,36.075317
78115,-95.756462,36.075347
78114,-95.756463,36.075378
78113,-95.752321,36.075396
78112,-95.752301,36.075396
78075,-95.743533,36.068751
78095,-95.743803,36.069290
78094,-95.743553,36.068889
78076,-95.743044,36.068751
78093,-95.743063,36.068889
78092,-95.742574,36.068889
78077,-95.742065,36.068751
78091,-95.742084,36.068889
78078,-95.741575,36.068751
78090,-95.741575,36.068889
78079,-95.741086,36.068751
78089,-95.741105,36.068889
78080,-95.740493,36.068751
78088,-95.740668,36.068889
78081,-95.740158,36.068751
78096,-95.743802,36.069710
78097,-95.743797,36.071780
78098,-95.743797,36.071877
78099,-95.743795,36.072751
78100,-95.743795,36.072784
78101,-95.743811,36.073463
78102,-95.743819,36.074850
78103,-95.743817,36.074883
78104,-95.741683,36.075329
78083,-95.739823,36.068751
78082,-95.738860,36.068889
78087,-95.739588,36.069780
78086,-95.739580,36.069762
78085,-95.739428,36.069824
78084,-95.739368,36.069680
78105,-95.741353,36.075326
78106,-95.740984,36.075322
78107,-95.740653,36.075320
78108,-95.740264,36.075319
78109,-95.739798,36.075318
78110,-95.739197,36.075317
78111,-95.738789,36.075316
79836,-95.758368,36.056349
79837,-95.758336,36.056349
79838,-95.758304,36.056349
79839,-95.758272,36.056349
79834,-95.758334,36.056487
79833,-95.758302,36.056487
79832,-95.758270,36.056487
79840,-95.757574,36.056345
79831,-95.757572,36.056483
79841,-95.757542,36.056345
79842,-95.757510,36.056345
79843,-95.757478,36.056344
79844,-95.757447,36.056344
79830,-95.757540,36.056483
79829,-95.757476,36.056482
79828,-95.757445,36.056482
79845,-95.757415,36.056344
79846,-95.757383,36.056344
79827,-95.757413,36.056482
79826,-95.757381,36.056482
79825,-95.757349,36.056482
79824,-95.757318,36.056481
79847,-95.756775,36.056060
79848,-95.756618,36.056227
79849,-95.756620,36.056295
79823,-95.756796,36.056545
79850,-95.756626,36.056493
79851,-95.756626,36.056547
79822,-95.756805,36.057728
79852,-95.756635,36.057742
79853,-95.756635,36.058014
79835,-95.761541,36.056517
80585,-95.761680,36.056790
79881,-95.761589,36.058200
79880,-95.761454,36.058198
79882,-95.761519,36.058337
79878,-95.761320,36.058197
79879,-95.761385,36.058336
79877,-95.761186,36.058196
79875,-95.761051,36.058194
79876,-95.761117,36.058333
79873,-95.760917,36.058193
79874,-95.760982,36.058332
79871,-95.760783,36.058192
79872,-95.760848,36.058330
79854,-95.761455,36.059990
79855,-95.761388,36.059989
79856,-95.761321,36.059989
79858,-95.761187,36.059988
79857,-95.761252,36.060127
79862,-95.761053,36.059988
79859,-95.761118,36.060126
79860,-95.761051,36.060126
79863,-95.760919,36.059987
79861,-95.760984,36.060125
79864,-95.760849,36.060124
79865,-95.760715,36.060124
79866,-95.760581,36.060123
79869,-95.758427,36.059247
79870,-95.758429,36.059301
79868,-95.758257,36.059224
79867,-95.758258,36.059278
80590,-95.748100,36.052840
80589,-95.747540,36.052842
80588,-95.746574,36.052845
80587,-95.745995,36.052846
82725,-95.743792,36.050489
80591,-95.743767,36.052478
81878,-95.743935,36.052762
81881,-95.743935,36.052762
81883,-95.743935,36.052762
81880,-95.743765,36.052762
80586,-95.743950,36.054760
77938,-95.717735,36.075449
77941,-95.717729,36.075449
77913,-95.729547,36.072069
77914,-95.729253,36.072051
77915,-95.728097,36.072308
77916,-95.727982,36.072306
77918,-95.727868,36.072304
77973,-95.730177,36.074608
77978,-95.730122,36.074751
77974,-95.730021,36.074617
77975,-95.729842,36.074588
77977,-95.729915,36.074739
77976,-95.729736,36.074710
77931,-95.728047,36.074723
77929,-95.727921,36.074708
77935,-95.725929,36.070878
77933,-95.726104,36.071847
77937,-95.725933,36.071685
77936,-95.725934,36.071847
77945,-95.725927,36.072587
77947,-95.725927,36.072595
77948,-95.725927,36.072631
77949,-95.725926,36.072766
77917,-95.727040,36.074202
77919,-95.726884,36.074134
77920,-95.726871,36.074184
77921,-95.726858,36.074234
77922,-95.727027,36.074252
77924,-95.727014,36.074303
77925,-95.727001,36.074353
77930,-95.726988,36.074403
77923,-95.726845,36.074285
77926,-95.726832,36.074335
77927,-95.726819,36.074385
77928,-95.726807,36.074436
85933,-95.726132,36.075206
85934,-95.726133,36.075303
77946,-95.725948,36.075468
77944,-95.724497,36.075464
77942,-95.723492,36.075462
77943,-95.723492,36.075462
77939,-95.721850,36.075320
77940,-95.721707,36.075457
77905,-95.732028,36.073464
77906,-95.731907,36.073399
77907,-95.731786,36.073334
77998,-95.732283,36.074238
77997,-95.732263,36.074311
77969,-95.731765,36.073487
77970,-95.732085,36.074325
77971,-95.731790,36.074358
77996,-95.732088,36.075224
77995,-95.732092,36.075305
77981,-95.731916,36.075198
77982,-95.731920,36.075278
77968,-95.731644,36.073421
77910,-95.730271,36.072441
77911,-95.730077,36.072281
77912,-95.729830,36.072146
77959,-95.729890,36.072332
77909,-95.730465,36.072601
77908,-95.730660,36.072761
77965,-95.730565,36.072923
77962,-95.730462,36.072793
77961,-95.730268,36.072633
77966,-95.730677,36.073028
77967,-95.730614,36.073082
77964,-95.730503,36.072977
77963,-95.730440,36.073031
77960,-95.730074,36.072473
77972,-95.731607,36.074346
77980,-95.731703,36.074490
77979,-95.731533,36.074479
77988,-95.734137,36.074708
77987,-95.734118,36.074837
77986,-95.734098,36.074967
77989,-95.734010,36.074554
77990,-95.733969,36.074692
77991,-95.733950,36.074821
77992,-95.733930,36.074951
77985,-95.734089,36.075092
77984,-95.734083,36.075222
77993,-95.733919,36.075086
77994,-95.733913,36.075216
77983,-95.733887,36.075311
77762,-95.725355,36.062992
77798,-95.725094,36.062974
77799,-95.725185,36.062992
77800,-95.725185,36.063462
77808,-95.725355,36.063819
77807,-95.725355,36.063837
77806,-95.725355,36.063854
77805,-95.725355,36.063871
77801,-95.725185,36.063824
77802,-95.725185,36.063841
77803,-95.725185,36.063858
77804,-95.725185,36.063876
77797,-95.724153,36.063263
77796,-95.724151,36.063318
77795,-95.724150,36.063373
77794,-95.724149,36.063429
77772,-95.723983,36.063261
77773,-95.723981,36.063316
77774,-95.723980,36.063371
77775,-95.723979,36.063427
77776,-95.723978,36.063482
77793,-95.724295,36.064608
77790,-95.724355,36.064764
77792,-95.724316,36.064660
77791,-95.724336,36.064715
77779,-95.724172,36.064751
77777,-95.724133,36.064648
77778,-95.724154,36.064700
77789,-95.724376,36.064817
77780,-95.724195,36.064808
77781,-95.724216,36.064861
77855,-95.727124,36.065942
77857,-95.726998,36.066047
77853,-95.726929,36.065885
77854,-95.726942,36.065936
77856,-95.726970,36.066000
77859,-95.727092,36.066172
77858,-95.727025,36.066095
77788,-95.724493,36.066114
77782,-95.723954,36.066023
77783,-95.723933,36.066017
77787,-95.723911,36.066156
77786,-95.723890,36.066150
77784,-95.723847,36.066138
77785,-95.723868,36.066144
77934,-95.726094,36.061002
78063,-95.729051,36.062524
78064,-95.728871,36.062494
77820,-95.728728,36.064298
77819,-95.728702,36.064330
77821,-95.728585,36.064225
77822,-95.727331,36.062179
77825,-95.727313,36.062178
77827,-95.727296,36.062178
77831,-95.727235,36.062175
77830,-95.727252,36.062176
77823,-95.727332,36.062317
77824,-95.727314,36.062317
77826,-95.727297,36.062316
77828,-95.727279,36.062315
77829,-95.727253,36.062314
77837,-95.726785,36.063082
77836,-95.726782,36.063179
77834,-95.726912,36.063619
77835,-95.726774,36.063267
77833,-95.726766,36.063354
77832,-95.726756,36.063358
77765,-95.725347,36.062366
77764,-95.725348,36.062481
77763,-95.725351,36.062711
77766,-95.725176,36.062253
77767,-95.725177,36.062368
77768,-95.725178,36.062483
77769,-95.725100,36.062836
77770,-95.725053,36.062834
77771,-95.725005,36.062833
78044,-95.733766,36.065220
78045,-95.733719,36.065084
78046,-95.733681,36.065085
78042,-95.733736,36.065221
78047,-95.733607,36.065088
78048,-95.733379,36.065090
78059,-95.732270,36.063588
78060,-95.732268,36.063589
78067,-95.732283,36.063726
78061,-95.732154,36.063594
78062,-95.732149,36.063594
78066,-95.732164,36.063732
78065,-95.732159,36.063732
78050,-95.731749,36.065081
78606,-95.733967,36.066412
78605,-95.733967,36.066431
78026,-95.733921,36.067826
78029,-95.733795,36.067693
78028,-95.733839,36.067731
78027,-95.733885,36.067783
78025,-95.733965,36.067901
78024,-95.733973,36.067953
78023,-95.733981,36.068005
78017,-95.733781,36.067902
78018,-95.733797,36.067919
78019,-95.733805,36.067971
78020,-95.733813,36.068023
78021,-95.733822,36.068075
78022,-95.733823,36.068085
78040,-95.733684,36.067547
78035,-95.733683,36.067549
78033,-95.733681,36.067551
78031,-95.733679,36.067553
78043,-95.733551,36.067462
78041,-95.733549,36.067464
78039,-95.733547,36.067466
78036,-95.733546,36.067468
78034,-95.733544,36.067470
78032,-95.733542,36.067472
78030,-95.733751,36.067654
78015,-95.733706,36.067818
78037,-95.733534,36.067686
78038,-95.733418,36.067586
78014,-95.733330,36.067652
78016,-95.733745,36.067859
78012,-95.733039,36.067970
78013,-95.732950,36.067852
77888,-95.732472,36.067969
77889,-95.732447,36.067971
77887,-95.732456,36.068108
78011,-95.732395,36.069203
77897,-95.732277,36.069346
77894,-95.732055,36.068789
77895,-95.732118,36.068982
77896,-95.732198,36.069164
78051,-95.731692,36.065081
78052,-95.731636,36.065081
78049,-95.731378,36.065225
78053,-95.730350,36.064852
77818,-95.728665,36.064452
77817,-95.728661,36.064473
77816,-95.728658,36.064489
77815,-95.728653,36.064521
77814,-95.728647,36.064559
77812,-95.728709,36.064920
77809,-95.728732,36.064945
77813,-95.728615,36.064751
77845,-95.728446,36.064738
77810,-95.728585,36.065014
77846,-95.728457,36.064797
77811,-95.728492,36.065007
77847,-95.728385,36.065040
77848,-95.728301,36.064919
77850,-95.728202,36.064944
77849,-95.728287,36.065066
77851,-95.728188,36.065091
77852,-95.728104,36.064970
77883,-95.731477,36.066149
77890,-95.731526,36.066293
77881,-95.731210,36.065862
77882,-95.731259,36.066023
77884,-95.731310,36.066176
77885,-95.731362,36.066329
77891,-95.731465,36.066900
77880,-95.729732,36.065785
77879,-95.729753,36.065866
77878,-95.729782,36.066036
77871,-95.729798,36.066180
77877,-95.729784,36.066054
77876,-95.729785,36.066066
77875,-95.729788,36.066090
77874,-95.729789,36.066102
77873,-95.729791,36.066120
77872,-95.729792,36.066132
77886,-95.731644,36.067578
77892,-95.731472,36.067441
77893,-95.731686,36.067987
77868,-95.729623,36.066135
77869,-95.729627,36.066170
77870,-95.729630,36.066200
77867,-95.729427,36.066053
77866,-95.729364,36.065921
77864,-95.729236,36.065933
77865,-95.729298,36.066065
77863,-95.729170,36.066077
77862,-95.729107,36.065945
77861,-95.729041,36.066089
77860,-95.728913,36.066102
77957,-95.729621,36.067305
77956,-95.729495,36.067221
77958,-95.729488,36.067218
77954,-95.729464,36.067235
77952,-95.729433,36.067250
77951,-95.729401,36.067264
77932,-95.729107,36.067310
77955,-95.729567,36.067346
77953,-95.729535,36.067361
77950,-95.729094,36.067447
78000,-95.734242,36.071561
77999,-95.733806,36.071441
78003,-95.733680,36.071265
78004,-95.733360,36.071129
77904,-95.733339,36.071287
78006,-95.733095,36.070858
77901,-95.732888,36.070808
78005,-95.733208,36.071011
77903,-95.733128,36.071157
77902,-95.732990,36.071000
78009,-95.732556,36.069571
78008,-95.732636,36.069755
78007,-95.732685,36.069865
78010,-95.732475,36.069387
77898,-95.732357,36.069528
77899,-95.732436,36.069710
77900,-95.732516,36.069892
78068,-95.733767,36.061162
77665,-95.733516,36.060834
78069,-95.733597,36.061160
78072,-95.734785,36.061262
78073,-95.734785,36.062427
78071,-95.734961,36.062613
78070,-95.734789,36.062592
78074,-95.734742,36.063517
78054,-95.729309,36.062187
78055,-95.729308,36.062200
78056,-95.729306,36.062237
78057,-95.729305,36.062262
78058,-95.729302,36.062325
