67218,-95.819388,36.042559
67293,-95.818074,36.042567
67294,-95.818013,36.042566
67292,-95.818074,36.042705
67291,-95.818013,36.042704
67295,-95.817952,36.042566
67296,-95.817892,36.042566
67290,-95.817952,36.042704
67289,-95.817892,36.042704
67297,-95.817831,36.042566
67298,-95.817770,36.042566
67288,-95.817831,36.042704
67287,-95.817770,36.042704
67217,-95.819327,36.043243
67216,-95.819316,36.043265
67215,-95.819306,36.043287
67214,-95.819275,36.043333
67387,-95.819153,36.043237
67213,-95.819279,36.044069
67212,-95.819273,36.044100
67211,-95.819266,36.044130
67210,-95.819260,36.044161
67412,-95.817888,36.043469
67413,-95.817838,36.043331
67414,-95.817776,36.043331
67411,-95.817825,36.043469
67410,-95.817762,36.043469
67388,-95.817976,36.044097
67389,-95.817917,36.044097
67390,-95.817857,36.044097
67176,-95.817917,36.044235
67175,-95.817857,36.044235
67391,-95.817798,36.044096
67392,-95.817739,36.044096
67174,-95.817798,36.044234
67173,-95.817739,36.044234
67299,-95.817709,36.042565
67286,-95.817709,36.042703
67415,-95.817714,36.043331
67416,-95.817651,36.043331
67409,-95.817699,36.043469
67408,-95.817637,36.043469
67417,-95.817589,36.043331
67418,-95.817527,36.043331
67407,-95.817574,36.043469
67406,-95.817511,36.043469
67393,-95.817680,36.044096
67394,-95.817621,36.044096
67172,-95.817680,36.044234
67171,-95.817621,36.044234
67395,-95.816496,36.044091
67170,-95.816496,36.044229
67396,-95.816437,36.044091
67397,-95.816377,36.044091
67169,-95.816437,36.044229
67168,-95.816377,36.044229
67167,-95.816318,36.044229
67205,-95.819341,36.045673
67204,-95.819344,36.045703
67203,-95.819347,36.045733
67209,-95.819140,36.044802
67208,-95.819139,36.044825
67207,-95.819138,36.044848
67206,-95.819137,36.044871
67177,-95.818970,36.044842
68205,-95.818948,36.044881
67188,-95.819176,36.045713
67189,-95.819179,36.045743
67178,-95.818361,36.044881
67179,-95.818329,36.044881
67180,-95.818297,36.044881
67181,-95.818266,36.044881
67187,-95.818329,36.045019
67186,-95.818297,36.045019
67185,-95.818266,36.045019
67190,-95.818358,36.045751
67191,-95.818317,36.045751
67192,-95.818275,36.045751
67182,-95.818234,36.044881
67184,-95.818234,36.045019
67183,-95.818202,36.045019
67193,-95.818234,36.045751
67194,-95.818192,36.045751
67199,-95.818358,36.045889
67198,-95.818317,36.045889
67197,-95.818234,36.045889
67196,-95.818192,36.045889
67195,-95.818151,36.045889
60284,-95.815364,36.045312
67375,-95.818441,36.040216
67374,-95.818437,36.040246
67373,-95.818434,36.040276
67343,-95.818269,36.040230
67344,-95.818266,36.040262
67224,-95.819420,36.041525
67223,-95.819418,36.041631
67384,-95.819249,36.041581
67385,-95.819247,36.041684
67222,-95.819416,36.041736
67221,-95.819411,36.041954
67220,-95.819403,36.042155
67219,-95.819395,36.042357
67386,-95.819246,36.041787
67371,-95.818114,36.040831
67369,-95.818129,36.040841
67370,-95.818122,36.040836
67372,-95.818109,36.040810
67368,-95.818021,36.040947
67367,-95.818014,36.040942
67366,-95.817804,36.041116
67319,-95.817997,36.041792
67318,-95.818058,36.041931
67317,-95.817995,36.041930
67320,-95.817934,36.041792
67321,-95.817871,36.041792
67316,-95.817932,36.041930
67315,-95.817869,36.041930
67322,-95.817808,36.041791
67314,-95.817806,36.041929
67313,-95.817743,36.041929
67345,-95.817334,36.040253
67346,-95.817287,36.040252
67347,-95.817241,36.040252
67356,-95.817332,36.040391
67355,-95.817285,36.040390
67354,-95.817239,36.040390
67348,-95.817194,36.040251
67349,-95.817148,36.040251
67350,-95.817102,36.040251
67353,-95.817192,36.040389
67352,-95.817146,36.040389
67351,-95.817100,36.040389
67357,-95.817660,36.041044
67365,-95.817712,36.041297
67364,-95.817689,36.041419
67363,-95.817503,36.041684
67358,-95.817143,36.041031
67359,-95.817122,36.041031
67362,-95.817163,36.041169
67361,-95.817143,36.041169
67360,-95.817122,36.041169
67312,-95.817680,36.041929
67334,-95.816118,36.040727
67333,-95.816118,36.040767
67332,-95.816118,36.040807
67331,-95.816119,36.040847
67330,-95.816119,36.040887
67264,-95.815948,36.040722
67265,-95.815948,36.040763
67266,-95.815948,36.040805
67267,-95.815949,36.040847
67268,-95.815949,36.040889
67269,-95.815949,36.040931
67329,-95.816124,36.041647
67328,-95.816124,36.041687
67327,-95.816124,36.041727
67270,-95.815954,36.041642
67271,-95.815954,36.041684
67272,-95.815954,36.041726
67311,-95.816467,36.041921
67323,-95.816414,36.041782
67324,-95.816360,36.041782
67310,-95.816412,36.041920
67309,-95.816358,36.041920
67325,-95.816251,36.041781
67308,-95.816303,36.041920
67307,-95.816249,36.041919
67306,-95.816194,36.041919
67300,-95.816494,36.042561
67285,-95.816554,36.042700
67284,-95.816494,36.042699
67301,-95.816433,36.042561
67302,-95.816372,36.042561
67283,-95.816433,36.042699
67282,-95.816372,36.042699
67303,-95.816311,36.042561
67304,-95.816260,36.042561
67305,-95.816200,36.042555
67281,-95.816311,36.042699
67280,-95.816240,36.042697
67326,-95.816125,36.041768
67273,-95.815955,36.041768
67274,-95.815951,36.041996
67275,-95.815949,36.042127
67276,-95.815947,36.042258
67277,-95.815945,36.042389
67279,-95.816180,36.042691
67278,-95.815977,36.042557
67419,-95.816408,36.043331
67420,-95.816346,36.043331
67405,-95.816380,36.043469
67404,-95.816333,36.043467
67421,-95.816268,36.043338
67422,-95.816207,36.043347
67403,-95.816272,36.043476
67402,-95.816210,36.043486
67423,-95.816135,36.043362
67424,-95.816076,36.043379
67401,-95.816162,36.043500
67400,-95.816103,36.043518
67425,-95.815867,36.043422
67398,-95.816318,36.044091
67399,-95.816259,36.044091
67166,-95.816259,36.044229
67165,-95.816195,36.044226
67162,-95.815955,36.044026
67163,-95.815955,36.044047
67164,-95.815955,36.044068
67426,-95.815441,36.043431
67489,-95.821690,36.036750
67488,-95.821624,36.036751
67773,-95.821554,36.036614
67487,-95.821558,36.036752
67472,-95.821771,36.037510
67471,-95.821710,36.037521
67470,-95.821638,36.037530
67469,-95.821576,36.037534
67473,-95.821498,36.037403
67468,-95.821514,36.037539
67467,-95.821452,36.037544
67474,-95.821436,36.037408
67475,-95.821374,36.037412
67465,-95.821668,36.038130
67466,-95.821602,36.038093
67463,-95.821735,36.038167
67464,-95.821701,36.038148
67461,-95.821605,36.038262
67460,-95.821572,36.038244
67462,-95.821639,36.038281
67459,-95.821539,36.038225
67774,-95.820164,36.036690
67775,-95.820101,36.036705
67776,-95.820038,36.036720
67486,-95.820149,36.036837
67485,-95.820086,36.036852
67777,-95.819975,36.036735
67779,-95.819855,36.036706
67778,-95.819873,36.036736
67484,-95.820023,36.036867
67483,-95.819961,36.036883
67476,-95.820288,36.037514
67477,-95.820246,36.037522
67478,-95.820163,36.037536
67479,-95.820121,36.037544
67458,-95.820240,36.037663
67457,-95.820199,36.037670
67456,-95.820157,36.037678
67791,-95.819674,36.036643
67793,-95.819683,36.036715
67792,-95.819678,36.036683
67794,-95.819703,36.036766
67482,-95.819577,36.036990
67481,-95.819568,36.036993
67480,-95.819574,36.037063
67795,-95.819506,36.036867
67451,-95.819414,36.037109
67454,-95.819457,36.037207
67455,-95.819471,36.037240
67452,-95.819428,36.037141
67453,-95.819443,36.037174
67802,-95.818884,36.036792
67801,-95.818884,36.036835
67800,-95.818885,36.036868
67799,-95.818894,36.036910
67798,-95.818902,36.036953
67796,-95.818919,36.037038
67797,-95.818910,36.036995
67450,-95.818973,36.037167
67803,-95.818714,36.036794
67804,-95.818714,36.036837
67805,-95.818717,36.036890
67806,-95.818726,36.036932
67807,-95.818734,36.036975
67808,-95.818742,36.037017
67816,-95.817925,36.036802
67815,-95.817925,36.036848
67817,-95.817755,36.036802
67818,-95.817755,36.036848
67814,-95.817925,36.036894
67813,-95.817925,36.036940
67812,-95.817925,36.036986
67811,-95.817925,36.037032
67819,-95.817755,36.036894
67820,-95.817755,36.036940
67821,-95.817755,36.036986
67822,-95.817755,36.037032
67823,-95.817755,36.037078
67449,-95.818096,36.037292
67448,-95.818058,36.037293
67447,-95.818020,36.037294
67809,-95.817976,36.037157
67810,-95.817938,36.037159
67446,-95.817982,36.037295
67445,-95.817944,36.037297
67235,-95.819253,36.039399
67234,-95.819244,36.039424
67233,-95.819218,36.039500
67225,-95.819242,36.039559
67226,-95.819242,36.039559
67227,-95.819242,36.039559
67228,-95.819242,36.039559
67229,-95.819242,36.039559
67230,-95.819242,36.039559
67231,-95.819242,36.039559
67232,-95.819242,36.039559
67377,-95.819134,36.039665
67378,-95.819134,36.039665
67379,-95.819134,36.039665
67380,-95.819134,36.039665
67381,-95.819134,36.039665
67382,-95.819134,36.039665
67383,-95.819134,36.039665
67252,-95.818511,36.039452
67376,-95.818507,36.039590
67253,-95.818485,36.039452
67254,-95.818269,36.039449
67342,-95.818267,36.039587
67236,-95.817911,36.038701
67237,-95.817847,36.038701
67238,-95.817782,36.038701
67251,-95.817782,36.038839
67255,-95.818006,36.039446
67256,-95.817744,36.039444
67444,-95.817592,36.037299
67824,-95.817301,36.037161
67443,-95.817301,36.037299
67826,-95.816993,36.037084
67825,-95.817011,36.037161
67442,-95.817011,36.037299
67439,-95.816246,36.038086
67438,-95.816225,36.038122
67437,-95.816203,36.038158
67430,-95.816073,36.038062
67431,-95.816051,36.038098
67432,-95.816030,36.038134
67436,-95.816182,36.038194
67435,-95.816140,36.038266
67433,-95.816009,36.038170
67434,-95.815988,36.038206
67239,-95.817717,36.038701
67240,-95.817653,36.038701
67250,-95.817717,36.038839
67249,-95.817653,36.038839
67241,-95.817588,36.038701
67242,-95.817524,36.038701
67248,-95.817588,36.038839
67247,-95.817524,36.038839
67341,-95.817480,36.039580
67243,-95.817297,36.039359
67244,-95.817296,36.039381
67245,-95.817296,36.039404
67246,-95.817466,36.039429
67257,-95.816247,36.039627
67258,-95.816198,36.039647
67259,-95.816148,36.039668
67340,-95.816336,36.039744
67339,-95.816284,36.039766
67338,-95.816233,36.039787
67260,-95.816099,36.039689
67337,-95.816181,36.039809
67336,-95.816130,36.039831
67335,-95.816079,36.039853
67261,-95.816050,36.039710
67262,-95.816001,36.039731
67263,-95.815438,36.039809
67786,-95.820150,36.035831
67787,-95.820075,36.035831
67784,-95.820150,36.035969
67783,-95.820075,36.035969
67788,-95.820000,36.035831
67789,-95.819925,36.035831
67782,-95.820000,36.035969
67781,-95.819925,36.035969
67780,-95.819851,36.035969
67790,-95.819662,36.035818
67832,-95.816991,36.036708
67831,-95.816991,36.036771
67830,-95.816992,36.036833
67829,-95.816992,36.036896
67828,-95.816992,36.036959
67827,-95.816993,36.037021
67833,-95.816821,36.036708
67834,-95.816821,36.036771
67835,-95.816822,36.036833
67836,-95.816822,36.036896
67837,-95.816822,36.036959
67838,-95.816823,36.037021
67839,-95.816823,36.037084
67840,-95.816491,36.037161
67441,-95.816513,36.037299
67440,-95.816498,36.037299
67848,-95.816095,36.036819
67847,-95.816095,36.036866
67846,-95.816095,36.036913
67845,-95.816095,36.036960
67844,-95.816095,36.037006
67843,-95.816095,36.037053
67842,-95.816095,36.037100
67849,-95.815925,36.036819
67850,-95.815925,36.036866
67851,-95.815925,36.036913
67852,-95.815925,36.036960
67853,-95.815925,36.037006
67854,-95.815925,36.037053
67855,-95.815925,36.037100
67841,-95.816111,36.037161
67429,-95.816111,36.037299
67856,-95.815925,36.037147
67428,-95.815749,36.037299
67427,-95.815431,36.037299
67680,-95.821924,36.032351
67681,-95.821885,36.032351
67682,-95.821846,36.032351
67691,-95.821924,36.032489
67690,-95.821885,36.032489
67689,-95.821846,36.032489
67675,-95.822865,36.032934
67674,-95.822865,36.033107
67673,-95.822865,36.033357
67672,-95.822865,36.033697
67671,-95.822865,36.033867
67670,-95.822865,36.034151
67669,-95.822865,36.034389
67692,-95.822695,36.033107
67693,-95.821863,36.033121
67748,-95.821936,36.033873
67749,-95.821897,36.033872
67750,-95.821858,36.033872
67759,-95.821934,36.034011
67758,-95.821895,36.034010
67757,-95.821856,36.034010
67667,-95.823206,36.034783
67668,-95.822865,36.034627
67666,-95.822880,36.034780
67647,-95.822851,36.036352
67646,-95.822852,36.036392
67760,-95.822695,36.034627
67665,-95.822542,36.034780
67664,-95.822268,36.034782
67663,-95.821995,36.034785
67648,-95.822681,36.036354
67649,-95.822682,36.036394
67650,-95.822682,36.036435
67651,-95.822682,36.036476
67652,-95.822683,36.036516
67661,-95.821864,36.035729
67660,-95.821867,36.035771
67659,-95.821870,36.035814
67658,-95.821875,36.036521
67657,-95.821875,36.036546
67656,-95.821875,36.036571
67654,-95.822407,36.036611
67655,-95.822198,36.036611
67490,-95.822198,36.036749
67683,-95.821808,36.032351
67684,-95.821769,36.032351
67685,-95.821731,36.032351
67688,-95.821808,36.032489
67687,-95.821769,36.032489
67686,-95.821731,36.032489
67704,-95.820383,36.032316
67703,-95.820377,36.032454
67702,-95.820371,36.032454
67701,-95.820365,36.032454
67705,-95.820189,36.032145
67706,-95.820189,36.032152
67707,-95.820183,36.032461
67860,-95.819628,36.031976
67694,-95.821823,36.033121
67695,-95.821784,36.033121
67696,-95.821744,36.033121
67697,-95.821704,36.033121
67747,-95.821144,36.033259
67746,-95.821065,36.033259
67745,-95.820986,36.033259
67744,-95.820908,36.033259
67743,-95.820829,36.033259
67751,-95.821819,36.033871
67752,-95.821780,36.033871
67753,-95.821741,36.033871
67756,-95.821817,36.034009
67755,-95.821778,36.034009
67754,-95.821739,36.034009
67698,-95.820790,36.033121
67699,-95.820751,36.033121
67742,-95.820751,36.033259
67700,-95.820364,36.033113
67712,-95.820358,36.033251
67708,-95.820181,36.032619
67709,-95.820179,36.032778
67710,-95.820177,36.032937
67711,-95.820176,36.033096
67741,-95.820735,36.033790
67740,-95.820735,36.033817
67739,-95.820735,36.033843
67738,-95.820735,36.034022
67737,-95.820735,36.034329
67713,-95.819940,36.033885
67714,-95.819914,36.033886
67727,-95.819944,36.034023
67726,-95.819918,36.034024
67715,-95.819887,36.033886
67725,-95.819891,36.034024
67761,-95.821805,36.034649
67762,-95.821762,36.034649
67763,-95.821720,36.034650
67662,-95.821722,36.034788
67764,-95.821262,36.034651
67769,-95.821699,36.035779
67770,-95.821702,36.035822
67767,-95.821693,36.035695
67768,-95.821696,36.035737
67771,-95.821705,36.036571
67772,-95.821705,36.036597
67765,-95.820751,36.034651
67736,-95.820735,36.034637
67766,-95.820751,36.034789
67728,-95.820565,36.034637
67735,-95.820499,36.035179
67734,-95.820476,36.035179
67733,-95.820453,36.035179
67732,-95.820430,36.035179
67729,-95.820235,36.034811
67730,-95.820235,36.034880
67731,-95.820235,36.035018
67716,-95.819339,36.034034
67724,-95.819421,36.034156
67723,-95.819395,36.034164
67722,-95.819160,36.034201
67721,-95.819084,36.034202
67717,-95.819004,36.034066
67718,-95.818929,36.034068
67720,-95.819008,36.034204
67719,-95.818933,36.034206
67578,-95.826475,36.033397
67587,-95.826644,36.033583
67579,-95.826474,36.033581
67586,-95.826640,36.033894
67580,-95.826470,36.033892
67585,-95.826636,36.034205
67581,-95.826466,36.034203
67584,-95.826572,36.034541
67582,-95.826424,36.034475
67583,-95.825933,36.034736
67524,-95.824801,36.032331
67679,-95.822865,36.032311
67678,-95.822865,36.032337
67573,-95.825715,36.033134
67572,-95.825715,36.033165
67571,-95.825715,36.033196
67570,-95.825715,36.033227
67551,-95.825545,36.033134
67552,-95.825545,36.033165
67553,-95.825545,36.033196
67554,-95.825545,36.033227
67569,-95.825715,36.033879
67568,-95.825715,36.033910
67567,-95.825715,36.033942
67566,-95.825715,36.033973
67565,-95.825715,36.034004
67555,-95.825545,36.033848
67556,-95.825545,36.033879
67557,-95.825545,36.033910
67558,-95.825545,36.033942
67559,-95.825545,36.033973
67560,-95.825545,36.034004
67550,-95.824779,36.033285
67549,-95.824779,36.033321
67548,-95.824779,36.033357
67525,-95.824610,36.033214
67526,-95.824609,36.033250
67527,-95.824609,36.033285
67528,-95.824609,36.033321
67529,-95.824609,36.033357
67547,-95.824775,36.034036
67530,-95.824605,36.034036
67546,-95.824775,36.034071
67545,-95.824775,36.034107
67544,-95.824775,36.034143
67543,-95.824775,36.034179
67542,-95.824777,36.034360
67541,-95.824778,36.034389
67531,-95.824605,36.034071
67532,-95.824605,36.034107
67533,-95.824605,36.034143
67534,-95.824605,36.034179
67535,-95.824607,36.034364
67536,-95.824608,36.034393
67564,-95.825830,36.034718
67563,-95.825846,36.034747
67561,-95.825668,36.034760
67562,-95.825684,36.034788
67540,-95.824867,36.035036
67539,-95.824883,36.035062
67537,-95.824723,36.035111
67538,-95.824740,36.035138
67785,-95.823899,36.035431
67502,-95.823921,36.036370
67501,-95.823899,36.036417
67500,-95.823877,36.036464
67516,-95.823815,36.032877
67515,-95.823815,36.032924
67514,-95.823815,36.032971
67513,-95.823815,36.033018
67621,-95.823645,36.032914
67622,-95.823645,36.032961
67623,-95.823645,36.033007
67512,-95.823815,36.033065
67511,-95.823815,36.033113
67624,-95.823645,36.033054
67625,-95.823645,36.033101
67677,-95.822865,36.032588
67676,-95.822865,36.032761
67510,-95.823815,36.034008
67626,-95.823645,36.033987
67627,-95.823645,36.034033
67509,-95.823815,36.034055
67508,-95.823815,36.034102
67507,-95.823815,36.034149
67506,-95.823815,36.034197
67628,-95.823645,36.034080
67629,-95.823645,36.034127
67630,-95.823645,36.034173
67505,-95.823815,36.034430
67631,-95.823645,36.034362
67632,-95.823645,36.034545
67504,-95.823863,36.035252
67503,-95.823865,36.035272
67633,-95.823693,36.035242
67634,-95.823695,36.035262
67635,-95.823697,36.035282
67499,-95.823855,36.036510
67498,-95.823809,36.036569
67636,-95.823719,36.036414
67637,-95.823697,36.036460
67638,-95.823677,36.036483
67639,-95.823638,36.036522
67645,-95.822852,36.036433
67644,-95.822852,36.036474
67643,-95.822853,36.036514
67642,-95.822853,36.036555
67641,-95.822854,36.036596
67653,-95.822683,36.036557
67497,-95.823770,36.036608
67496,-95.823785,36.036971
67495,-95.823790,36.036982
67493,-95.823627,36.037019
67494,-95.823632,36.037030
67640,-95.822894,36.036611
67492,-95.822871,36.036749
67491,-95.822432,36.036749
67620,-95.826645,36.032291
67619,-95.826645,36.032308
67618,-95.826645,36.032482
67574,-95.826475,36.032482
67601,-95.828315,36.033452
67600,-95.828315,36.033466
67599,-95.828315,36.033479
67598,-95.828315,36.033773
67597,-95.828315,36.033787
67596,-95.828315,36.033959
67595,-95.828315,36.033973
67594,-95.828315,36.034337
67591,-95.828145,36.034134
67592,-95.828145,36.034142
67593,-95.828145,36.034329
67602,-95.827759,36.033001
67603,-95.827743,36.033001
67604,-95.827398,36.033001
67605,-95.827382,36.033001
67606,-95.827366,36.033001
67607,-95.827351,36.033001
67610,-95.827398,36.033139
67609,-95.827382,36.033139
67608,-95.827366,36.033139
67611,-95.827454,36.033801
67612,-95.827423,36.033801
67613,-95.827392,36.033801
67590,-95.827423,36.033939
67589,-95.827392,36.033939
67588,-95.827361,36.033939
67617,-95.826645,36.032518
67616,-95.826645,36.032555
67615,-95.826645,36.032592
67614,-95.826645,36.032628
67575,-95.826475,36.032520
67576,-95.826475,36.032558
67577,-95.826475,36.032596
67517,-95.825821,36.032331
67518,-95.825785,36.032331
67519,-95.825749,36.032331
67520,-95.825528,36.032331
67521,-95.825346,36.032331
67522,-95.825164,36.032331
67523,-95.824982,36.032331
68044,-95.830804,36.035792
68031,-95.830802,36.035930
68045,-95.830773,36.035792
68046,-95.830742,36.035792
68047,-95.830712,36.035792
68030,-95.830740,36.035930
68029,-95.830687,36.036273
68028,-95.830687,36.036290
68027,-95.830686,36.036306
68024,-95.830517,36.036271
68025,-95.830517,36.036288
68026,-95.830516,36.036304
68007,-95.831473,36.037121
68008,-95.831431,36.037121
68006,-95.831431,36.037259
68009,-95.831389,36.037121
68005,-95.831389,36.037259
67973,-95.831657,36.038540
67972,-95.831656,36.038589
67971,-95.831656,36.038613
67970,-95.831671,36.038651
67974,-95.831487,36.038538
67975,-95.831486,36.038563
67976,-95.831486,36.038587
67977,-95.831486,36.038611
68010,-95.830466,36.037121
68011,-95.830424,36.037121
68004,-95.830466,36.037259
68003,-95.830424,36.037259
68012,-95.830382,36.037121
68013,-95.830340,36.037121
68002,-95.830382,36.037259
68001,-95.830340,36.037259
67983,-95.830721,36.038537
67982,-95.830722,36.038561
67981,-95.830722,36.038586
67978,-95.830770,36.038651
67980,-95.830722,36.038611
67979,-95.830741,36.038651
67984,-95.830551,36.038539
67985,-95.830552,36.038563
67986,-95.830552,36.038588
68139,-95.831880,36.038789
68138,-95.831671,36.038789
68137,-95.830800,36.038789
68136,-95.830770,36.038789
68135,-95.830741,36.038789
68154,-95.830692,36.039477
68155,-95.830692,36.039477
68156,-95.830692,36.039477
68151,-95.830684,36.039615
68152,-95.830684,36.039615
68153,-95.830684,36.039615
68157,-95.830088,36.039455
68158,-95.830726,36.040243
68159,-95.830728,36.040298
68048,-95.829520,36.036125
68049,-95.829468,36.036133
68050,-95.829416,36.036141
68023,-95.829500,36.036267
68022,-95.829448,36.036275
68021,-95.829396,36.036283
68051,-95.829364,36.036149
68052,-95.829312,36.036158
68020,-95.829275,36.037044
68019,-95.829275,36.037076
68053,-95.829105,36.036918
68054,-95.829105,36.036949
68055,-95.829105,36.036981
68056,-95.829105,36.037013
68057,-95.829105,36.037044
68058,-95.829105,36.037076
68059,-95.829105,36.037108
68014,-95.829458,36.037121
68015,-95.829416,36.037121
68000,-95.829458,36.037259
67999,-95.829416,36.037259
68016,-95.829374,36.037121
68017,-95.829332,36.037121
68018,-95.829291,36.037121
67998,-95.829374,36.037259
67997,-95.829332,36.037259
67987,-95.829996,36.038651
67988,-95.829971,36.038651
67989,-95.829605,36.038651
67994,-95.829321,36.037883
67995,-95.829309,36.037883
67996,-95.829298,36.037883
67993,-95.829317,36.038021
67992,-95.829305,36.038021
67991,-95.829294,36.038021
68060,-95.829105,36.037796
68061,-95.829105,36.037852
68062,-95.829103,36.038031
67990,-95.829281,36.038651
68063,-95.829100,36.038232
68064,-95.829098,36.038434
68065,-95.829096,36.038636
68078,-95.828298,36.037095
68079,-95.828142,36.037043
68080,-95.828128,36.037070
68081,-95.828119,36.037085
68082,-95.828100,36.037110
68077,-95.828284,36.037122
68076,-95.828263,36.037157
68075,-95.828244,36.037182
68074,-95.828225,36.037207
68083,-95.828081,36.037135
68073,-95.828318,36.037772
68072,-95.828317,36.037800
68071,-95.828316,36.037827
68070,-95.828316,36.037855
68069,-95.828315,36.038032
68068,-95.828315,36.038036
68067,-95.828315,36.038041
68066,-95.828315,36.038046
68187,-95.828315,36.038268
68186,-95.828315,36.038277
68185,-95.828315,36.038282
68184,-95.828315,36.038381
68183,-95.828315,36.038499
68182,-95.828315,36.038514
68181,-95.828315,36.038613
68188,-95.828145,36.038263
68189,-95.828145,36.038277
68190,-95.828145,36.038377
68191,-95.828145,36.038386
68192,-95.828145,36.038504
68193,-95.828145,36.038509
68194,-95.828145,36.038613
68203,-95.828145,36.038637
68204,-95.828145,36.038637
68134,-95.829996,36.038789
68133,-95.829971,36.038789
68173,-95.829807,36.039376
68172,-95.829993,36.039426
68132,-95.829281,36.038789
68131,-95.828428,36.038789
68130,-95.828395,36.038789
68129,-95.828363,36.038789
68128,-95.828331,36.038789
68127,-95.828118,36.038789
68100,-95.827665,36.037881
68101,-95.827644,36.037881
68102,-95.827622,36.037881
68103,-95.827601,36.037881
68107,-95.827665,36.038019
68106,-95.827644,36.038019
68105,-95.827622,36.038019
68104,-95.827601,36.038019
68108,-95.827501,36.038651
68109,-95.827471,36.038651
68110,-95.827441,36.038651
68111,-95.827411,36.038651
68099,-95.826883,36.037258
68098,-95.826831,36.037264
68084,-95.826809,36.037128
68085,-95.826736,36.037144
68097,-95.826802,36.037270
68096,-95.826753,36.037287
68086,-95.826687,36.037161
68095,-95.826635,36.038373
68094,-95.826635,36.038426
68093,-95.826635,36.038479
68092,-95.826635,36.038532
68091,-95.826635,36.038585
68090,-95.826635,36.038638
68087,-95.826465,36.038479
68088,-95.826465,36.038532
68089,-95.826465,36.038585
68112,-95.826249,36.038651
68126,-95.827687,36.038789
68125,-95.827668,36.038789
68124,-95.827648,36.038789
68123,-95.827629,36.038789
68122,-95.827130,36.038789
68121,-95.826660,36.038789
68120,-95.826448,36.038789
68171,-95.829922,36.040847
68170,-95.829937,36.041010
68176,-95.829771,36.041036
68174,-95.829752,36.040849
68175,-95.829758,36.040978
68113,-95.825786,36.038651
68114,-95.825774,36.038651
68115,-95.825762,36.038651
68116,-95.825751,36.038651
68119,-95.825774,36.038789
68118,-95.825762,36.038789
68117,-95.825751,36.038789
67947,-95.832639,36.038498
67965,-95.832435,36.038258
67966,-95.832435,36.038310
67967,-95.832439,36.038370
67969,-95.832475,36.038532
67968,-95.832448,36.038422
68142,-95.832521,36.038711
68141,-95.832312,36.038767
68140,-95.832089,36.038789
68148,-95.832339,36.040051
68149,-95.832341,36.040108
68147,-95.832532,36.040672
68146,-95.832534,36.040700
68145,-95.832536,36.040757
68144,-95.832537,36.040785
68213,-95.832320,36.041320
68214,-95.832320,36.041320
68161,-95.831245,36.040789
68160,-95.831212,36.040789
68150,-95.831506,36.042056
68212,-95.831511,36.042127
68211,-95.831511,36.042180
68210,-95.831502,36.042215
68162,-95.831343,36.042135
68163,-95.831345,36.042154
68164,-95.831328,36.042224
68209,-95.831486,36.042285
68202,-95.831502,36.042491
68201,-95.831476,36.042481
68165,-95.831320,36.042259
68200,-95.831305,36.042458
68199,-95.831273,36.042465
68166,-95.830531,36.042193
68198,-95.830590,36.042465
68169,-95.830517,36.041959
68168,-95.830520,36.042018
68167,-95.830524,36.042076
68177,-95.830356,36.042084
68178,-95.830363,36.042201
68179,-95.830365,36.042256
68180,-95.830365,36.042315
68197,-95.830381,36.042462
68196,-95.829926,36.042476
68195,-95.829622,36.042485
67959,-95.832616,36.036276
67958,-95.832616,36.036293
67957,-95.832616,36.036309
67956,-95.832613,36.036483
67960,-95.832446,36.036291
67961,-95.832446,36.036307
67962,-95.832443,36.036481
67939,-95.831175,36.034848
67938,-95.831154,36.034884
67937,-95.831133,36.034919
67936,-95.831107,36.034961
67935,-95.831080,36.034994
68039,-95.831798,36.035805
68040,-95.831766,36.035804
68041,-95.831735,36.035804
68042,-95.831704,36.035803
68043,-95.831673,36.035803
68038,-95.831700,36.035941
68037,-95.831655,36.036274
68036,-95.831655,36.036290
68035,-95.831655,36.036306
68032,-95.831485,36.036274
68033,-95.831485,36.036290
68034,-95.831485,36.036306
67920,-95.830981,36.034859
67921,-95.830965,36.034887
67922,-95.830938,36.034920
67934,-95.831032,36.035039
67923,-95.830659,36.035011
67933,-95.830677,36.035149
67932,-95.830671,36.035149
67931,-95.830665,36.035149
67930,-95.830659,36.035149
67924,-95.830522,36.035011
67925,-95.830516,36.035011
67926,-95.830511,36.035011
67929,-95.830522,36.035149
67928,-95.830516,36.035149
67927,-95.830511,36.035149
67955,-95.832610,36.036691
67954,-95.832608,36.036899
67953,-95.832606,36.037108
67963,-95.832440,36.036689
67964,-95.832436,36.037106
73628,-95.840368,36.035478
73629,-95.840352,36.035519
73630,-95.840336,36.035560
73617,-95.840348,36.036380
73618,-95.840262,36.036391
73599,-95.840288,36.036527
73724,-95.839846,36.034418
73725,-95.839807,36.034406
73726,-95.839769,36.034394
73723,-95.839788,36.034546
73722,-95.839749,36.034534
73727,-95.839730,36.034383
73728,-95.839691,36.034371
73729,-95.839628,36.034343
73721,-95.839711,36.034522
73720,-95.839672,36.034511
73719,-95.839633,36.034499
73718,-95.839595,36.034487
73715,-95.840096,36.035253
73716,-95.839759,36.035196
73717,-95.839435,36.035184
73619,-95.840168,36.036412
73598,-95.840214,36.036544
73597,-95.840131,36.036564
73620,-95.840085,36.036432
73621,-95.840001,36.036451
73596,-95.840047,36.036583
73622,-95.839917,36.036471
73595,-95.839963,36.036603
73625,-95.839759,36.036385
73624,-95.839781,36.036432
73623,-95.839834,36.036491
73627,-95.839715,36.036292
73626,-95.839737,36.036339
73325,-95.839557,36.036340
73324,-95.839536,36.036294
73328,-95.839623,36.036480
73329,-95.839645,36.036527
73326,-95.839579,36.036387
73327,-95.839601,36.036433
73594,-95.839880,36.036623
73367,-95.839497,36.037642
73375,-95.839514,36.037780
73374,-95.839489,36.037785
73368,-95.839472,36.037648
73369,-95.839447,36.037653
73370,-95.839422,36.037658
73371,-95.839397,36.037664
73373,-95.839464,36.037790
73372,-95.839439,36.037796
73366,-95.839019,36.037064
73365,-95.838984,36.037075
73332,-95.838820,36.036857
73333,-95.838791,36.036819
73334,-95.838762,36.036780
73331,-95.838849,36.036895
73330,-95.838879,36.036934
73344,-95.838735,36.037006
73350,-95.838728,36.037052
73359,-95.838850,36.037146
73360,-95.838815,36.037175
73358,-95.838780,36.037204
73361,-95.838745,36.037234
73357,-95.838722,36.037258
73335,-95.838720,36.036733
73336,-95.838683,36.036700
73337,-95.838645,36.036667
73339,-95.838596,36.036825
73340,-95.838618,36.036852
73338,-95.838559,36.036792
73343,-95.838705,36.036967
73342,-95.838676,36.036929
73341,-95.838647,36.036891
73349,-95.838693,36.037081
73351,-95.838658,36.037110
73348,-95.838623,36.037140
73362,-95.838693,36.037292
73356,-95.838664,36.037325
73363,-95.838635,36.037358
73352,-95.838584,36.037178
73347,-95.838555,36.037212
73353,-95.838526,36.037245
73346,-95.838497,36.037278
73345,-95.838439,36.037345
72463,-95.838225,36.038910
73925,-95.836238,36.031811
73320,-95.836571,36.032452
73321,-95.836548,36.032452
73322,-95.836525,36.032452
73323,-95.836502,36.032452
73250,-95.835894,36.032458
73251,-95.835876,36.032458
73252,-95.835857,36.032458
73253,-95.835839,36.032459
73924,-95.834782,36.031811
73319,-95.836569,36.032590
73318,-95.836546,36.032590
73317,-95.836523,36.032590
73316,-95.836500,36.032590
73315,-95.836557,36.033377
73314,-95.836544,36.033410
73313,-95.836531,36.033443
73258,-95.836397,36.033335
73310,-95.836414,36.034140
73311,-95.836365,36.034131
73312,-95.836343,36.034088
73309,-95.836337,36.034266
73308,-95.836329,36.034265
73307,-95.836321,36.034264
73287,-95.836173,36.034088
73257,-95.835898,36.032596
73256,-95.835880,36.032596
73255,-95.835861,36.032596
73254,-95.835843,36.032597
73286,-95.835351,36.033534
73259,-95.835279,36.033410
73260,-95.835236,36.033427
73261,-95.835184,36.033454
73262,-95.835144,36.033476
73288,-95.835795,36.034556
73285,-95.835308,36.033551
73284,-95.835280,36.033568
73283,-95.835240,36.033590
73263,-95.834213,36.033754
73264,-95.834166,36.033759
73265,-95.834118,36.033764
73282,-95.834235,36.033890
73281,-95.834188,36.033895
73280,-95.834140,36.033900
73306,-95.835432,36.034828
73289,-95.835244,36.034752
73290,-95.835222,36.034762
73291,-95.835173,36.034744
73305,-95.835387,36.034847
73304,-95.835342,36.034865
73303,-95.835298,36.034884
73292,-95.835041,36.034830
73294,-95.835046,36.034835
73293,-95.835043,36.034832
73302,-95.834289,36.035369
73301,-95.834240,36.035371
73300,-95.834191,36.035372
73299,-95.834142,36.035374
73777,-95.833109,36.031949
73266,-95.834071,36.033770
73279,-95.834093,36.033906
73267,-95.833855,36.034551
73926,-95.833091,36.034504
67907,-95.832547,36.033998
67908,-95.832519,36.033996
67909,-95.832298,36.033991
67946,-95.832490,36.034238
67945,-95.832490,36.034243
67944,-95.832490,36.034247
67943,-95.832490,36.034252
67940,-95.832322,36.034247
67941,-95.832322,36.034251
67942,-95.832322,36.034256
73268,-95.833855,36.034577
73278,-95.834025,36.035149
73277,-95.834025,36.035175
73276,-95.834025,36.035201
73275,-95.834025,36.035228
73298,-95.834093,36.035375
73297,-95.834044,36.035377
73269,-95.833855,36.035097
73270,-95.833855,36.035123
73271,-95.833855,36.035149
73272,-95.833855,36.035175
73273,-95.833855,36.035201
73274,-95.833855,36.035228
73296,-95.833295,36.035386
73295,-95.833272,36.035387
67910,-95.832045,36.033991
67911,-95.831793,36.033991
67912,-95.831541,36.033991
67913,-95.831066,36.033991
67914,-95.831053,36.033991
67915,-95.831040,36.033991
67919,-95.831040,36.034129
67918,-95.831027,36.034129
67917,-95.830738,36.034132
67916,-95.830725,36.034135
72464,-95.838198,36.038895
72465,-95.838171,36.038879
72446,-95.837696,36.038831
72445,-95.837629,36.038834
72444,-95.837562,36.038838
72443,-95.837526,36.038849
72442,-95.837491,36.038861
72441,-95.837441,36.038897
72466,-95.837380,36.038758
72467,-95.837355,36.038775
72468,-95.837331,36.038793
74452,-95.833256,36.038252
67952,-95.832605,36.038258
67951,-95.832605,36.038310
67950,-95.832607,36.038352
67949,-95.832616,36.038404
67948,-95.832623,36.038447
68143,-95.832718,36.038660
73778,-95.842802,36.031943
73903,-95.845221,36.033491
73901,-95.845221,36.033629
73900,-95.845205,36.034203
73899,-95.845205,36.034227
73898,-95.845211,36.034867
73897,-95.845211,36.034893
73896,-95.845212,36.034918
73895,-95.845212,36.034943
73819,-95.845333,36.035161
73818,-95.845304,36.035160
73817,-95.845274,36.035160
73816,-95.845244,36.035160
73695,-95.845134,36.035798
73696,-95.845099,36.035797
73697,-95.845064,36.035796
73698,-95.845029,36.035795
73699,-95.844994,36.035794
73694,-95.845023,36.035933
73693,-95.844988,36.035932
73692,-95.845124,36.036518
73691,-95.845133,36.036543
73673,-95.844952,36.036534
73674,-95.844962,36.036558
73675,-95.844971,36.036583
73780,-95.843882,36.032728
73916,-95.843884,36.032866
73904,-95.844041,36.033491
73905,-95.843984,36.033491
73906,-95.843926,36.033491
73907,-95.843869,36.033491
73781,-95.843824,36.032728
73782,-95.843765,36.032728
73783,-95.843707,36.032729
73784,-95.843648,36.032729
73785,-95.843590,36.032730
73915,-95.843826,36.032866
73914,-95.843767,36.032866
73913,-95.843709,36.032867
73912,-95.843650,36.032867
73911,-95.843592,36.032868
73908,-95.843812,36.033491
73909,-95.843754,36.033491
73910,-95.843697,36.033491
73868,-95.843419,36.033368
73869,-95.843419,36.033393
73870,-95.843420,36.033417
73871,-95.843421,36.033441
73878,-95.843984,36.033629
73877,-95.843926,36.033629
73876,-95.843869,36.033629
73879,-95.844020,36.034241
73880,-95.843963,36.034241
73881,-95.843906,36.034241
73882,-95.843849,36.034241
73894,-95.844020,36.034379
73893,-95.843963,36.034379
73892,-95.843906,36.034379
73891,-95.843849,36.034379
73875,-95.843812,36.033629
73874,-95.843754,36.033629
73873,-95.843697,36.033629
73872,-95.843639,36.033629
73883,-95.843792,36.034241
73884,-95.843735,36.034241
73885,-95.843678,36.034241
73886,-95.843621,36.034241
73890,-95.843792,36.034379
73889,-95.843735,36.034379
73888,-95.843678,36.034379
73887,-95.843621,36.034379
73786,-95.843142,36.032731
73789,-95.842638,36.032703
73788,-95.842638,36.032711
73787,-95.842638,36.032720
73790,-95.842470,36.032697
73791,-95.842470,36.032705
73792,-95.842470,36.032714
73867,-95.842635,36.033618
73866,-95.842635,36.033655
73865,-95.842635,36.033693
73864,-95.842635,36.033731
73863,-95.842635,36.033769
73862,-95.842635,36.033807
73793,-95.842465,36.033580
73794,-95.842465,36.033618
73795,-95.842465,36.033655
73796,-95.842465,36.033693
73797,-95.842465,36.033731
73798,-95.842465,36.033769
73849,-95.843935,36.035021
73850,-95.843866,36.035021
73815,-95.843981,36.035159
73814,-95.843916,36.035159
73813,-95.843850,36.035159
73851,-95.843798,36.035021
73852,-95.843730,36.035021
73853,-95.843661,36.035021
73854,-95.843593,36.035021
73855,-95.843525,36.035021
73812,-95.843785,36.035159
73811,-95.843719,36.035159
73810,-95.843654,36.035159
73809,-95.843589,36.035159
73700,-95.844144,36.035783
73701,-95.844109,36.035782
73702,-95.844074,36.035782
73703,-95.844039,36.035782
73672,-95.844101,36.036431
73670,-95.844118,36.036477
73671,-95.844110,36.036454
73658,-95.843948,36.036494
73659,-95.843956,36.036517
73704,-95.843818,36.035781
73705,-95.843481,36.035781
73657,-95.843481,36.035919
73856,-95.843288,36.035021
73808,-95.843288,36.035159
73861,-95.842641,36.034753
73860,-95.842642,36.034795
73859,-95.842642,36.034838
73858,-95.842642,36.034880
73857,-95.842643,36.034922
73799,-95.842471,36.034711
73800,-95.842471,36.034753
73801,-95.842472,36.034795
73802,-95.842472,36.034838
73803,-95.842472,36.034880
73804,-95.842473,36.034922
73807,-95.842722,36.035159
73806,-95.842697,36.035159
73805,-95.842673,36.035159
73706,-95.843031,36.035781
73654,-95.843137,36.036539
73656,-95.843117,36.036489
73655,-95.843127,36.036514
73640,-95.842957,36.036533
73642,-95.842977,36.036583
73641,-95.842967,36.036558
73923,-95.840821,36.031810
73773,-95.840859,36.032304
73774,-95.840830,36.032304
73775,-95.840801,36.032303
73776,-95.840773,36.032303
73772,-95.840884,36.032443
73771,-95.840855,36.032442
73770,-95.840826,36.032442
73769,-95.840797,36.032441
73768,-95.840769,36.032441
73750,-95.841701,36.033821
73749,-95.841701,36.033959
73767,-95.840613,36.032926
73763,-95.840738,36.033063
73764,-95.840702,36.033055
73765,-95.840665,36.033047
73766,-95.840649,36.033040
73762,-95.840731,36.033203
73761,-95.840694,36.033195
73760,-95.840658,36.033187
73757,-95.840535,36.033146
73759,-95.840621,36.033179
73758,-95.840569,36.033160
73751,-95.840382,36.033745
73752,-95.840325,36.033734
73753,-95.840293,36.033718
73735,-95.840342,36.033879
73734,-95.840285,36.033868
73748,-95.841685,36.035218
73747,-95.841685,36.035286
73746,-95.841680,36.035358
73745,-95.841674,36.035425
73744,-95.841668,36.035493
73743,-95.841657,36.035571
73736,-95.841515,36.035286
73737,-95.841512,36.035348
73738,-95.841506,36.035415
73739,-95.841500,36.035483
73740,-95.841493,36.035537
73638,-95.842115,36.035902
73639,-95.842145,36.035906
73637,-95.842086,36.035898
73707,-95.841843,36.035704
73708,-95.841795,36.035692
73709,-95.841747,36.035680
73710,-95.841699,36.035668
73742,-95.841636,36.035638
73636,-95.841616,36.035792
73741,-95.841472,36.035604
73635,-95.841407,36.035739
73711,-95.840704,36.035407
73712,-95.840663,36.035396
73633,-95.840721,36.035555
73713,-95.840622,36.035385
73632,-95.840530,36.035518
73714,-95.840408,36.035331
73634,-95.841064,36.035647
73631,-95.840491,36.035621
73615,-95.840520,36.036357
73616,-95.840434,36.036369
73600,-95.840374,36.036516
73756,-95.840139,36.033649
73754,-95.840242,36.033695
73755,-95.840190,36.033672
73730,-95.840057,36.033769
73733,-95.840211,36.033838
73732,-95.840160,36.033815
73731,-95.840108,36.033792
73676,-95.845041,36.037153
73677,-95.845041,36.037179
73678,-95.845041,36.037206
73669,-95.844239,36.036987
73668,-95.844240,36.037011
73667,-95.844241,36.037035
73666,-95.844241,36.037059
73665,-95.844242,36.037083
73660,-95.844069,36.036991
73661,-95.844070,36.037015
73662,-95.844071,36.037039
73663,-95.844071,36.037063
73664,-95.844072,36.037087
73569,-95.843721,36.037871
73570,-95.843651,36.037871
73568,-95.843721,36.038009
73567,-95.843651,36.038009
73571,-95.843581,36.037871
73572,-95.843511,36.037871
73573,-95.843441,36.037871
73574,-95.843371,36.037871
73566,-95.843581,36.038009
73565,-95.843511,36.038009
73564,-95.843441,36.038009
73563,-95.843371,36.038009
73653,-95.843277,36.037148
73652,-95.843277,36.037174
73651,-95.843277,36.037200
73643,-95.843107,36.037176
73644,-95.843107,36.037202
73614,-95.842332,36.037156
73613,-95.842332,36.037181
73612,-95.842332,36.037205
73611,-95.842331,36.037229
73610,-95.842331,36.037253
73650,-95.843284,36.037804
73575,-95.843301,36.037871
73649,-95.843284,36.037830
73645,-95.843114,36.037780
73646,-95.843114,36.037806
73647,-95.843114,36.037832
73648,-95.843115,36.037859
73562,-95.843301,36.038009
73609,-95.842325,36.037810
73608,-95.842325,36.037834
73607,-95.842325,36.037859
73561,-95.842433,36.038009
73560,-95.842402,36.038009
73559,-95.842371,36.038009
73558,-95.842341,36.038009
73547,-95.842420,36.038641
73548,-95.842385,36.038641
73549,-95.842351,36.038641
73601,-95.842162,36.037203
73602,-95.842161,36.037227
73603,-95.842161,36.037251
73604,-95.842155,36.037808
73605,-95.842155,36.037832
73606,-95.842155,36.037857
73557,-95.841470,36.038059
73556,-95.841433,36.038073
73555,-95.841396,36.038087
73550,-95.841585,36.038639
73551,-95.841552,36.038631
73552,-95.841519,36.038623
73553,-95.841380,36.038550
73554,-95.841372,36.038534
73587,-95.840387,36.037287
73588,-95.840353,36.037153
73589,-95.840313,36.037159
73590,-95.840273,36.037166
73586,-95.840347,36.037293
73585,-95.840307,36.037300
73584,-95.840266,36.037307
73576,-95.841255,36.037989
73577,-95.841215,36.038005
73578,-95.841125,36.038004
73399,-95.841009,36.038104
73579,-95.840830,36.037898
73401,-95.841218,36.038590
73402,-95.841226,36.038606
73400,-95.841209,36.038574
73580,-95.840548,36.037896
73581,-95.840277,36.037907
73396,-95.840289,36.038434
73398,-95.840287,36.038403
73397,-95.840288,36.038418
73407,-95.841595,36.038779
73406,-95.841537,36.038771
73405,-95.841504,36.038763
73404,-95.841471,36.038755
73403,-95.841438,36.038748
73591,-95.840232,36.037173
73592,-95.840192,36.037180
73593,-95.840152,36.037187
73583,-95.840226,36.037314
73582,-95.840186,36.037321
73376,-95.840120,36.038424
73377,-95.840121,36.038440
73354,-95.840108,36.038451
73364,-95.839769,36.038451
73355,-95.839431,36.038451
73919,-95.848483,36.031810
73920,-95.847491,36.031811
73917,-95.846411,36.031949
73500,-95.847255,36.033941
73501,-95.846957,36.033947
73491,-95.848252,36.035989
73492,-95.848252,36.035989
73493,-95.848252,36.035989
73494,-95.848252,36.035989
73495,-95.848252,36.035989
73496,-95.848252,36.035989
73497,-95.848252,36.035989
73498,-95.848252,36.035989
73499,-95.848252,36.035989
73485,-95.848137,36.036497
73484,-95.848128,36.036521
73483,-95.848110,36.036568
73482,-95.848101,36.036592
73514,-95.847948,36.036528
73515,-95.847939,36.036552
73486,-95.847472,36.035797
73487,-95.847439,36.035797
73488,-95.847406,36.035796
73489,-95.847373,36.035795
73490,-95.847340,36.035794
73503,-95.847274,36.035793
73513,-95.847162,36.036517
73512,-95.847154,36.036541
73504,-95.847006,36.036457
73505,-95.847002,36.036469
73506,-95.846990,36.036505
75715,-95.849086,36.036688
75716,-95.849035,36.036686
75717,-95.848985,36.036684
75718,-95.848546,36.036675
73463,-95.848777,36.037362
73462,-95.848771,36.037386
73461,-95.848765,36.037410
73460,-95.848715,36.037981
73459,-95.848715,36.038005
73464,-95.848564,36.037682
73465,-95.848563,36.037700
73466,-95.848545,36.038125
73467,-95.848545,36.038143
73458,-95.848715,36.038493
73457,-95.848715,36.038518
73456,-95.848715,36.038542
73455,-95.848715,36.038566
73454,-95.848715,36.038591
73453,-95.848715,36.038615
73468,-95.848545,36.038161
73469,-95.848545,36.038564
73470,-95.848545,36.038582
73471,-95.848545,36.038600
73472,-95.848545,36.038618
73481,-95.847852,36.037103
73480,-95.847845,36.037119
73516,-95.847701,36.037038
73517,-95.847694,36.037053
73518,-95.847687,36.037069
73479,-95.847739,36.037792
73478,-95.847738,36.037816
73477,-95.847737,36.037841
73476,-95.847741,36.038515
73475,-95.847742,36.038540
73474,-95.847742,36.038565
73473,-95.847742,36.038590
73511,-95.847025,36.037076
73510,-95.847025,36.037100
73433,-95.847074,36.037280
73432,-95.847048,36.037282
73509,-95.847025,36.037125
73507,-95.846855,36.037076
73508,-95.846855,36.037100
73519,-95.846618,36.037154
73431,-95.846620,36.037292
73434,-95.847201,36.037851
73435,-95.847186,36.037851
73436,-95.847171,36.037851
73440,-95.847217,36.037989
73439,-95.847201,36.037989
73438,-95.847186,36.037989
73437,-95.847171,36.037989
73441,-95.847193,36.038631
73442,-95.847177,36.038631
73443,-95.847161,36.038631
73452,-95.847853,36.038770
73451,-95.847822,36.038770
73450,-95.847791,36.038770
73449,-95.847760,36.038770
75753,-95.847502,36.039539
75755,-95.847457,36.039505
75754,-95.847479,36.039522
75752,-95.847525,36.039557
73448,-95.847225,36.038769
73447,-95.847209,36.038769
73446,-95.847193,36.038769
73445,-95.847177,36.038769
73444,-95.847161,36.038769
73779,-95.844701,36.031939
73831,-95.846155,36.033399
73830,-95.846155,36.033425
73829,-95.846155,36.033451
73828,-95.846155,36.033478
73841,-95.845985,36.033464
73827,-95.846155,36.033715
73826,-95.846155,36.033863
73842,-95.845985,36.033789
73843,-95.845985,36.033937
73502,-95.846171,36.034089
73832,-95.845247,36.032717
73833,-95.845213,36.032717
73834,-95.845178,36.032718
73835,-95.845144,36.032718
73840,-95.845215,36.032855
73839,-95.845180,36.032856
73838,-95.845146,36.032856
73836,-95.845110,36.032719
73837,-95.845112,36.032857
73902,-95.845251,36.033491
73825,-95.846147,36.034812
73824,-95.846146,36.034849
73823,-95.846146,36.034887
73822,-95.846145,36.034924
73821,-95.846145,36.034961
73820,-95.846145,36.034999
73844,-95.845977,36.034791
73845,-95.845976,36.034829
73846,-95.845976,36.034866
73847,-95.845976,36.034903
73848,-95.845975,36.034941
73526,-95.846157,36.036549
73525,-95.846157,36.036570
73524,-95.846157,36.036592
73527,-95.845987,36.036572
73528,-95.845987,36.036594
73523,-95.846158,36.036613
73522,-95.846164,36.037104
73529,-95.845988,36.036615
73530,-95.845994,36.037106
73521,-95.846164,36.037125
73520,-95.846165,36.037147
73531,-95.845994,36.037127
73532,-95.845995,36.037149
73430,-95.846161,36.037709
73429,-95.846161,36.037726
73428,-95.846161,36.037744
73427,-95.846158,36.038115
73426,-95.846158,36.038132
73533,-95.845991,36.037709
73534,-95.845991,36.037726
73535,-95.845991,36.037744
73536,-95.845988,36.038132
73425,-95.846158,36.038150
73424,-95.846158,36.038168
73423,-95.846158,36.038185
73537,-95.845988,36.038150
73538,-95.845988,36.038168
73539,-95.845988,36.038185
75794,-95.845985,36.038591
75795,-95.845985,36.038609
75796,-95.845985,36.038627
73690,-95.845211,36.037155
73689,-95.845211,36.037181
73688,-95.845211,36.037208
73687,-95.845205,36.037806
73686,-95.845205,36.037832
73685,-95.845205,36.037859
73679,-95.845035,36.037804
73680,-95.845035,36.037830
73684,-95.845212,36.038551
73683,-95.845212,36.038576
73682,-95.845212,36.038601
73681,-95.845213,36.038626
73422,-95.845321,36.038779
73421,-95.845291,36.038779
73420,-95.845261,36.038779
73419,-95.845231,36.038779
73540,-95.843769,36.038641
73541,-95.843701,36.038641
73542,-95.843633,36.038641
73543,-95.843565,36.038641
73544,-95.843497,36.038641
73545,-95.843429,36.038641
73546,-95.843361,36.038641
73418,-95.843837,36.038779
73417,-95.843769,36.038779
73416,-95.843701,36.038779
73415,-95.843633,36.038779
73414,-95.843565,36.038779
73413,-95.843497,36.038779
73412,-95.843429,36.038779
73411,-95.843361,36.038779
75734,-95.848024,36.040147
75735,-95.848024,36.040147
75736,-95.848024,36.040147
75737,-95.848024,36.040147
75733,-95.848002,36.040166
75732,-95.847959,36.040204
75738,-95.847898,36.040055
75739,-95.847898,36.040055
75740,-95.847898,36.040055
75731,-95.847916,36.040243
75730,-95.847873,36.040281
75741,-95.847342,36.040553
75742,-95.847317,36.040576
75743,-95.847293,36.040598
75756,-95.846477,36.040133
75751,-95.846543,36.040276
75750,-95.846466,36.040344
75749,-95.846428,36.040378
75779,-95.848741,36.042036
75780,-95.848722,36.042039
75720,-95.848224,36.041932
75719,-95.848220,36.041971
75778,-95.848240,36.042107
75721,-95.848057,36.041911
75722,-95.848056,36.041922
75777,-95.847755,36.042067
75729,-95.847008,36.041050
75728,-95.846963,36.041087
75727,-95.846848,36.041156
75726,-95.846795,36.041186
75744,-95.846753,36.041043
75745,-95.846707,36.041069
75746,-95.846688,36.041079
75725,-95.846727,36.041217
75723,-95.846749,36.041287
75724,-95.846719,36.041235
75775,-95.846862,36.041643
75774,-95.846567,36.041293
75776,-95.847276,36.041903
75995,-95.847858,36.043284
75994,-95.847813,36.043312
75993,-95.847768,36.043344
75992,-95.847723,36.043376
75996,-95.847613,36.043272
75997,-95.847568,36.043304
75991,-95.847678,36.043408
75990,-95.847632,36.043440
75989,-95.847587,36.043471
75988,-95.847554,36.043494
75998,-95.847522,36.043336
75999,-95.847477,36.043367
75987,-95.847518,36.043532
75986,-95.847481,36.043570
75985,-95.847444,36.043609
75762,-95.847310,36.042860
75761,-95.847297,36.042886
75760,-95.847289,36.042903
75763,-95.847124,36.042868
75765,-95.847124,36.042868
75764,-95.847116,36.042885
75766,-95.847116,36.042885
76000,-95.847420,36.043410
76001,-95.847384,36.043448
76002,-95.847347,36.043486
75984,-95.847407,36.043647
76003,-95.847310,36.043525
75983,-95.847370,36.043685
76004,-95.847273,36.043563
76005,-95.847236,36.043601
75767,-95.846868,36.043205
75768,-95.846849,36.043228
75769,-95.846837,36.043243
75770,-95.846824,36.043258
75771,-95.846556,36.043527
75772,-95.846541,36.043541
75773,-95.846526,36.043555
76006,-95.846405,36.044267
75982,-95.846459,36.044406
75757,-95.846400,36.040201
75758,-95.846304,36.040286
75748,-95.846389,36.040412
75747,-95.846355,36.040444
75759,-95.846265,36.040320
75781,-95.844555,36.039562
75782,-95.844458,36.039527
75783,-95.844333,36.039490
75784,-95.844227,36.039469
75785,-95.844139,36.039461
75808,-95.844114,36.039602
75807,-95.844113,36.039666
75809,-95.843943,36.039666
75786,-95.843414,36.039451
75787,-95.843391,36.039451
75793,-95.843427,36.039589
75792,-95.843403,36.039589
75806,-95.844113,36.039731
75805,-95.844112,36.039795
75810,-95.843943,36.039731
75811,-95.843942,36.039795
75791,-95.843097,36.039586
73410,-95.842385,36.038779
73409,-95.842351,36.038779
73408,-95.842317,36.038779
75879,-95.846266,36.043254
75878,-95.846253,36.043263
75880,-95.846143,36.043159
75881,-95.846130,36.043168
75882,-95.846117,36.043177
75883,-95.846104,36.043186
75884,-95.846092,36.043195
75877,-95.846240,36.043272
75876,-95.846227,36.043281
75875,-95.846214,36.043290
75874,-95.846202,36.043299
76066,-95.846202,36.043299
75903,-95.846067,36.043407
75904,-95.846078,36.043418
76007,-95.846357,36.044296
76008,-95.846310,36.044326
76009,-95.846072,36.044457
75885,-95.845061,36.043123
75886,-95.845013,36.043133
75887,-95.844984,36.043141
75888,-95.844935,36.043143
75889,-95.844887,36.043145
75902,-95.844992,36.043279
75901,-95.844943,36.043281
75897,-95.844888,36.043291
75898,-95.844891,36.043313
75900,-95.844899,36.043359
75899,-95.844895,36.043336
75896,-95.844720,36.043311
75895,-95.844723,36.043333
75894,-95.844727,36.043356
75893,-95.844731,36.043379
75892,-95.844735,36.043402
75909,-95.844394,36.044479
75910,-95.844382,36.044476
75804,-95.844121,36.041265
75803,-95.844136,36.041329
75815,-95.843983,36.041399
75816,-95.844014,36.041460
75812,-95.843940,36.041228
75813,-95.843955,36.041291
75814,-95.843963,36.041323
75844,-95.842325,36.042291
75845,-95.842317,36.042291
75846,-95.842308,36.042291
75843,-95.842325,36.042429
75842,-95.842317,36.042429
75891,-95.843990,36.042816
75890,-95.843967,36.042786
75911,-95.843442,36.043861
75912,-95.843366,36.043889
75913,-95.843291,36.043917
75914,-95.843215,36.043944
75915,-95.843130,36.043979
75928,-95.843079,36.044167
75916,-95.843059,36.044015
75917,-95.842989,36.044051
75927,-95.843008,36.044203
75918,-95.842918,36.044087
75919,-95.842848,36.044123
75788,-95.842031,36.039433
75789,-95.841985,36.039432
75790,-95.842017,36.039571
73388,-95.841050,36.039404
73389,-95.841006,36.039396
73390,-95.840961,36.039388
73391,-95.840926,36.039382
73392,-95.840883,36.039370
73387,-95.841012,36.039538
73386,-95.840968,36.039530
73385,-95.840924,36.039522
73384,-95.840872,36.039511
73383,-95.840829,36.039500
73394,-95.840698,36.039282
73395,-95.840663,36.039260
73393,-95.840733,36.039305
73382,-95.840629,36.039413
73381,-95.840594,36.039390
73379,-95.840524,36.039345
73380,-95.840559,36.039368
73378,-95.840489,36.039323
75847,-95.842300,36.042291
75848,-95.842291,36.042291
75841,-95.842300,36.042429
75840,-95.842291,36.042429
75849,-95.842115,36.042291
75850,-95.842106,36.042291
75851,-95.842098,36.042291
75852,-95.842090,36.042291
75853,-95.842081,36.042291
75839,-95.842123,36.042429
75838,-95.842115,36.042429
75837,-95.842106,36.042429
75836,-95.842098,36.042429
75835,-95.842090,36.042429
75854,-95.841930,36.042291
75855,-95.841921,36.042291
75834,-95.841921,36.042429
75856,-95.841913,36.042291
75857,-95.841904,36.042291
75858,-95.841896,36.042291
75833,-95.841913,36.042429
75832,-95.841904,36.042429
75831,-95.841896,36.042429
75830,-95.841888,36.042429
75829,-95.841879,36.042429
75828,-95.841871,36.042429
75862,-95.841608,36.042210
75861,-95.841614,36.042232
75822,-95.841442,36.042238
75820,-95.841430,36.042194
75821,-95.841436,36.042216
72361,-95.841617,36.042243
75860,-95.841620,36.042254
72360,-95.841623,36.042266
72373,-95.841451,36.042271
75823,-95.841448,36.042260
72374,-95.841457,36.042294
75824,-95.841454,36.042282
75797,-95.840946,36.041546
75798,-95.840938,36.041543
75799,-95.840929,36.041541
75873,-95.840890,36.041676
75872,-95.840882,36.041673
75871,-95.840873,36.041671
75817,-95.840523,36.041461
75818,-95.840515,36.041460
75800,-95.840756,36.041492
75801,-95.840748,36.041490
75802,-95.840739,36.041488
75870,-95.840700,36.041622
75869,-95.840692,36.041620
75867,-95.840675,36.041615
75866,-95.840683,36.041617
75868,-95.840683,36.041618
75819,-95.840506,36.041459
75865,-95.840510,36.041598
75864,-95.840501,36.041597
75863,-95.840493,36.041596
75859,-95.841650,36.043067
72359,-95.841649,36.043097
72358,-95.841648,36.043128
72357,-95.841647,36.043158
72356,-95.841646,36.043188
72375,-95.841479,36.043093
72376,-95.841478,36.043124
75825,-95.841478,36.043124
72377,-95.841477,36.043154
75826,-95.841477,36.043154
72378,-95.841476,36.043184
75827,-95.841476,36.043184
76010,-95.845920,36.044537
76011,-95.845769,36.044618
75926,-95.842938,36.044239
75925,-95.842867,36.044275
75920,-95.842777,36.044159
75921,-95.842707,36.044195
75922,-95.842625,36.044262
75924,-95.842797,36.044311
75923,-95.842765,36.044338
72355,-95.841314,36.043747
72354,-95.841281,36.043762
72351,-95.841475,36.044718
72350,-95.841484,36.044757
72349,-95.841494,36.044797
72509,-95.841299,36.044711
72510,-95.841314,36.044764
72379,-95.841165,36.043658
72380,-95.841132,36.043673
72385,-95.840646,36.043117
72382,-95.840707,36.043213
72381,-95.840728,36.043245
72383,-95.840687,36.043181
72384,-95.840666,36.043149
72397,-95.840516,36.043213
72398,-95.840537,36.043245
72396,-95.840496,36.043181
72395,-95.840475,36.043149
72399,-95.840557,36.043277
72353,-95.841249,36.043778
72352,-95.841216,36.043793
72362,-95.840091,36.041457
72363,-95.840082,36.041457
72364,-95.840074,36.041457
72365,-95.840065,36.041457
72366,-95.840056,36.041457
72367,-95.840047,36.041457
72368,-95.840039,36.041458
72372,-95.840069,36.041595
72371,-95.840060,36.041595
72370,-95.840051,36.041595
72369,-95.840043,36.041596
72393,-95.840076,36.042459
72394,-95.840091,36.042492
72391,-95.840047,36.042391
72392,-95.840062,36.042425
72400,-95.839971,36.043498
72401,-95.839910,36.043492
72508,-95.839951,36.043634
72507,-95.839920,36.043631
75976,-95.846529,36.045046
75975,-95.846531,36.045076
75974,-95.846532,36.045106
75973,-95.846533,36.045136
75972,-95.846534,36.045165
75971,-95.846513,36.045229
75977,-95.846363,36.045140
75979,-95.846365,36.045161
75978,-95.846364,36.045169
75981,-95.845401,36.045182
75980,-95.845438,36.045193
75970,-95.845493,36.045356
75969,-95.845455,36.045345
75968,-95.845418,36.045334
75967,-95.845380,36.045323
75954,-95.845266,36.045042
75955,-95.845253,36.045060
75956,-95.845239,36.045077
75957,-95.845226,36.045095
75958,-95.845123,36.045261
75959,-95.845116,36.045275
75966,-95.845343,36.045312
75965,-95.845190,36.045633
75964,-95.845191,36.045649
75963,-95.845192,36.045666
76067,-95.845192,36.045666
75960,-95.845020,36.045639
75961,-95.845021,36.045654
75962,-95.845022,36.045670
76045,-95.845022,36.045670
76046,-95.845022,36.045670
75908,-95.844021,36.045287
75929,-95.843857,36.045257
75930,-95.843848,36.045289
75907,-95.844012,36.045319
75906,-95.844003,36.045352
75905,-95.843994,36.045385
75953,-95.843900,36.045702
75952,-95.843898,36.045709
75936,-95.842675,36.045251
75935,-95.842675,36.045260
75937,-95.842505,36.045235
75938,-95.842505,36.045243
75939,-95.842505,36.045251
75940,-95.842505,36.045260
75934,-95.842675,36.045447
75933,-95.842675,36.045455
75932,-95.842675,36.045464
75931,-95.842675,36.045659
75947,-95.842687,36.045823
75941,-95.842505,36.045447
75942,-95.842505,36.045455
75943,-95.842505,36.045464
75944,-95.842505,36.045651
75945,-95.842505,36.045659
75946,-95.842505,36.045668
75951,-95.842893,36.045829
75950,-95.842853,36.045829
75949,-95.842768,36.045826
75948,-95.842727,36.045824
72348,-95.841604,36.045563
72414,-95.838785,36.040698
72415,-95.838763,36.040643
72386,-95.839867,36.041226
72387,-95.839861,36.041280
72388,-95.839856,36.041333
72389,-95.839855,36.041393
72390,-95.839855,36.041448
72413,-95.838802,36.040764
72412,-95.838814,36.040821
72407,-95.838870,36.042513
72411,-95.838627,36.042099
72427,-95.838506,36.042004
72410,-95.838581,36.042143
72409,-95.838535,36.042187
72408,-95.838489,36.042232
72428,-95.838458,36.042050
72429,-95.838409,36.042097
72430,-95.838361,36.042144
72432,-95.838251,36.042091
72431,-95.838335,36.042146
72402,-95.839747,36.043452
72403,-95.839699,36.043432
72404,-95.839651,36.043413
72406,-95.839582,36.043380
72405,-95.839603,36.043394
72497,-95.839623,36.043556
72496,-95.839575,36.043537
72506,-95.839811,36.044078
72505,-95.839810,36.044099
72504,-95.839809,36.044120
72503,-95.839808,36.044141
72498,-95.839644,36.044051
72499,-95.839643,36.044072
72500,-95.839642,36.044093
72501,-95.839641,36.044114
72502,-95.839640,36.044135
72495,-95.838580,36.042927
72494,-95.838567,36.042937
72493,-95.838554,36.042946
72492,-95.838541,36.042956
72489,-95.838455,36.042835
72490,-95.838442,36.042844
72491,-95.838429,36.042854
72433,-95.838168,36.042036
72434,-95.838089,36.041984
72488,-95.838150,36.042200
72486,-95.837993,36.042097
72487,-95.838071,36.042148
72347,-95.841604,36.045616
72521,-95.840646,36.045199
72511,-95.840587,36.045066
72512,-95.840544,36.045089
72513,-95.840513,36.045108
72520,-95.840615,36.045218
72519,-95.840584,36.045237
72518,-95.840553,36.045256
72517,-95.840522,36.045276
72514,-95.840482,36.045127
72515,-95.840451,36.045146
72516,-95.840420,36.045166
72459,-95.839271,36.038958
72460,-95.839113,36.038910
72454,-95.839099,36.039412
72455,-95.839050,36.039382
72458,-95.839016,36.039303
72457,-95.839006,36.039316
72456,-95.839001,36.039353
72452,-95.839197,36.039471
72453,-95.839148,36.039441
72451,-95.839147,36.039611
72450,-95.839048,36.039551
72449,-95.838999,36.039522
72461,-95.838864,36.039240
72462,-95.838854,36.039254
72448,-95.838950,36.039492
72447,-95.838901,36.039463
72416,-95.838651,36.040442
72417,-95.838618,36.040413
72421,-95.838490,36.040300
72419,-95.838554,36.040357
72418,-95.838586,36.040385
72420,-95.838522,36.040329
72423,-95.838482,36.040496
72424,-95.838512,36.040522
72425,-95.838592,36.040660
72422,-95.838452,36.040470
72426,-95.838632,36.040766
72439,-95.837708,36.039902
72438,-95.837723,36.039968
72437,-95.837736,36.040027
72436,-95.837741,36.040431
72435,-95.837701,36.040601
72440,-95.837688,36.039845
72469,-95.837461,36.039724
72470,-95.837484,36.039763
72472,-95.837521,36.039869
72473,-95.837539,36.039922
72471,-95.837502,36.039816
72474,-95.837552,36.039969
72475,-95.837564,36.040023
72476,-95.837582,36.040200
72477,-95.837579,36.040281
72478,-95.837576,36.040363
72479,-95.837568,36.040433
72483,-95.837764,36.041931
72485,-95.837914,36.042040
72484,-95.837839,36.041986
72481,-95.837610,36.041803
72482,-95.837689,36.041877
72480,-95.837553,36.041736
72346,-95.841596,36.046199
72345,-95.841596,36.046226
67906,-95.830382,36.031968
67905,-95.830136,36.031969
67904,-95.830115,36.031969
67903,-95.830094,36.031969
67902,-95.830073,36.031969
67901,-95.830052,36.031969
67900,-95.830031,36.031969
67899,-95.830010,36.031969
67898,-95.829968,36.031969
67897,-95.829947,36.031969
67896,-95.829926,36.031969
67895,-95.829905,36.031969
67894,-95.829884,36.031969
67893,-95.829863,36.031969
67892,-95.829842,36.031969
67891,-95.829800,36.031969
67890,-95.829779,36.031969
67889,-95.829758,36.031969
67888,-95.829737,36.031969
67887,-95.829716,36.031969
67886,-95.829695,36.031969
67885,-95.829674,36.031969
67884,-95.829653,36.031969
67883,-95.829611,36.031969
67882,-95.829590,36.031969
67881,-95.829569,36.031969
67880,-95.829548,36.031969
67879,-95.829527,36.031969
67878,-95.829506,36.031969
67877,-95.829485,36.031969
67876,-95.829464,36.031969
67875,-95.829443,36.031969
67874,-95.829422,36.031969
67873,-95.829380,36.031969
67872,-95.829359,36.031969
67871,-95.829338,36.031969
67870,-95.829317,36.031969
67869,-95.829296,36.031969
67868,-95.829275,36.031969
67867,-95.829254,36.031969
68215,-95.829216,36.031831
67866,-95.829233,36.031969
67865,-95.829212,36.031969
67864,-95.829191,36.031969
67863,-95.829171,36.031969
67862,-95.828968,36.031969
67861,-95.826661,36.031969
69776,-95.819401,36.031810
69777,-95.819402,36.031829
67859,-95.819388,36.031979
67858,-95.817763,36.031979
67857,-95.817531,36.031979
69725,-95.817345,36.031808
69726,-95.817345,36.031827
61935,-95.842344,36.026174
61936,-95.842354,36.026312
61564,-95.841295,36.023805
61563,-95.841295,36.023826
61562,-95.841295,36.023846
61561,-95.841295,36.023866
61590,-95.841125,36.023843
61591,-95.841125,36.023863
61592,-95.841123,36.024305
61565,-95.840451,36.023392
61566,-95.840415,36.023402
61567,-95.840380,36.023412
61568,-95.840344,36.023422
61589,-95.840399,36.023553
61873,-95.838389,36.022178
61874,-95.838354,36.022181
61875,-95.838302,36.022181
61876,-95.838249,36.022181
61901,-95.840048,36.022450
61902,-95.840011,36.022469
61925,-95.840138,36.022566
61924,-95.840101,36.022585
61923,-95.840064,36.022604
61922,-95.840027,36.022623
61903,-95.839974,36.022488
61904,-95.839900,36.022527
61921,-95.839990,36.022643
61569,-95.840127,36.023501
61588,-95.840215,36.023619
61570,-95.839878,36.023606
61587,-95.839859,36.023784
61571,-95.839638,36.023764
61586,-95.839612,36.024061
61584,-95.839656,36.024085
61585,-95.839634,36.024073
61581,-95.839542,36.024189
61580,-95.839520,36.024177
61583,-95.839586,36.024212
61582,-95.839564,36.024201
61572,-95.839456,36.023964
61920,-95.839176,36.023000
61919,-95.839145,36.023013
61918,-95.839114,36.023026
61917,-95.839084,36.023040
61916,-95.839053,36.023053
61895,-95.838423,36.022312
61894,-95.838354,36.022319
61893,-95.838302,36.022319
61892,-95.838249,36.022319
61905,-95.838628,36.023175
61906,-95.838580,36.023213
61907,-95.838530,36.023263
61579,-95.838776,36.024299
61578,-95.838743,36.024299
61908,-95.838491,36.023306
61915,-95.838548,36.023475
61909,-95.838451,36.023349
61887,-95.838289,36.023508
61886,-95.838272,36.023498
61914,-95.838369,36.023716
61577,-95.838711,36.024299
61913,-95.838228,36.023934
61573,-95.838421,36.024161
61576,-95.838421,36.024299
61575,-95.838247,36.024299
61560,-95.841285,36.024347
61559,-95.841278,36.024367
61558,-95.841272,36.024386
61593,-95.841117,36.024324
61594,-95.841110,36.024344
61557,-95.841135,36.024816
61595,-95.840965,36.024827
61556,-95.841135,36.024837
61555,-95.841135,36.024857
61621,-95.840380,36.024922
61622,-95.840349,36.024922
61623,-95.840318,36.024921
61624,-95.840288,36.024921
61625,-95.840257,36.024921
61596,-95.840965,36.026264
61554,-95.841131,36.026454
61553,-95.841128,36.026599
61552,-95.841125,36.026743
61597,-95.840962,36.026411
61598,-95.840958,36.026559
61599,-95.840955,36.026707
61600,-95.840952,36.026855
61551,-95.841122,36.026888
61550,-95.841119,36.027032
61549,-95.841116,36.027176
61548,-95.841094,36.027343
61601,-95.840949,36.027002
61602,-95.840946,36.027150
61603,-95.840937,36.027292
61547,-95.841009,36.027490
61604,-95.840888,36.027394
61605,-95.840778,36.027512
61546,-95.840896,36.027611
61545,-95.840773,36.027715
61606,-95.840659,36.027614
61544,-95.840650,36.027819
61607,-95.840534,36.027721
61608,-95.840408,36.027827
61543,-95.840527,36.027924
61542,-95.840382,36.028024
61609,-95.840278,36.027916
61620,-95.840155,36.025662
61619,-95.840155,36.025707
61618,-95.840155,36.025752
61617,-95.840155,36.025798
61626,-95.839985,36.025633
61627,-95.839985,36.025680
61628,-95.839985,36.025727
61629,-95.839985,36.025774
61616,-95.840151,36.026074
61615,-95.840147,36.026298
61630,-95.839983,36.025961
61631,-95.839979,36.026173
61736,-95.838739,36.024921
61737,-95.838727,36.024921
61738,-95.838716,36.024921
61739,-95.838506,36.024923
61740,-95.838219,36.024928
61654,-95.839185,36.025686
61653,-95.839185,36.025736
61652,-95.839185,36.025787
61651,-95.839185,36.025838
61655,-95.839015,36.025640
61656,-95.839015,36.025697
61657,-95.839015,36.025753
61658,-95.839015,36.025809
61659,-95.839013,36.026001
61650,-95.839181,36.026120
61649,-95.839178,36.026356
61660,-95.839010,36.026204
61614,-95.840143,36.026522
61613,-95.840139,36.026746
61632,-95.839975,36.026385
61633,-95.839972,36.026597
61634,-95.839968,36.026809
61612,-95.840135,36.026970
61611,-95.840132,36.027194
61635,-95.839964,36.027022
61636,-95.839961,36.027234
61610,-95.840128,36.027418
61637,-95.839957,36.027446
61638,-95.839966,36.027669
61639,-95.839669,36.028121
61640,-95.839649,36.028126
61648,-95.839174,36.026591
61661,-95.839007,36.026407
61662,-95.839004,36.026611
61647,-95.839171,36.026827
61663,-95.839001,36.026814
61646,-95.839168,36.027062
61664,-95.838998,36.027017
61645,-95.839165,36.027298
61665,-95.838996,36.027221
61644,-95.839161,36.027533
61666,-95.838993,36.027424
61667,-95.838990,36.027628
61643,-95.839158,36.027769
61668,-95.838987,36.027831
61642,-95.839155,36.028004
61669,-95.838988,36.028043
61641,-95.839184,36.028232
61670,-95.839016,36.028247
61671,-95.838259,36.028274
61877,-95.838197,36.022181
61879,-95.837985,36.022155
61880,-95.837985,36.022167
61891,-95.838155,36.022711
61890,-95.838155,36.022728
61881,-95.837985,36.022711
61882,-95.837985,36.022728
61889,-95.838166,36.023111
61888,-95.838167,36.023127
61883,-95.837997,36.023103
61884,-95.837998,36.023119
61885,-95.837999,36.023135
61912,-95.838148,36.024152
61910,-95.837981,36.024118
61911,-95.837980,36.024144
61574,-95.837814,36.024299
61741,-95.837361,36.024938
61742,-95.837330,36.024938
61743,-95.837300,36.024938
61744,-95.837270,36.024939
61686,-95.838198,36.025832
61685,-95.838197,36.025911
61684,-95.838197,36.025990
61683,-95.838196,36.026069
61687,-95.838027,36.025910
61688,-95.838027,36.025982
61689,-95.838026,36.026054
61682,-95.838196,36.026148
61681,-95.838195,36.026227
61680,-95.838195,36.026307
61690,-95.838026,36.026126
61691,-95.838025,36.026198
61692,-95.838025,36.026270
61710,-95.837233,36.025956
61709,-95.837232,36.026020
61708,-95.837230,36.026084
61707,-95.837229,36.026148
61706,-95.837228,36.026212
61705,-95.837226,36.026276
61745,-95.836509,36.024954
61746,-95.836478,36.024954
61747,-95.836448,36.024955
61748,-95.836417,36.024955
61749,-95.836386,36.024956
61711,-95.837065,36.025890
61712,-95.837063,36.025954
61713,-95.837062,36.026018
61714,-95.837060,36.026082
61715,-95.837059,36.026146
61716,-95.837058,36.026210
61717,-95.837056,36.026274
61735,-95.836261,36.025986
61734,-95.836258,36.026053
61733,-95.836256,36.026120
61732,-95.836254,36.026187
61731,-95.836251,36.026254
61730,-95.836249,36.026321
61679,-95.838190,36.026575
61693,-95.838023,36.026471
61678,-95.838186,36.026779
61694,-95.838017,36.026716
61677,-95.838181,36.026983
61695,-95.838012,36.026961
61676,-95.838177,36.027187
61675,-95.838172,36.027391
61696,-95.838006,36.027206
61704,-95.837222,36.026474
61703,-95.837215,36.026719
61702,-95.837208,36.026964
61701,-95.837201,36.027209
61674,-95.838168,36.027595
61697,-95.838001,36.027451
61673,-95.838162,36.027864
61698,-95.837996,36.027696
61672,-95.838156,36.028095
61540,-95.837986,36.028023
61541,-95.838139,36.028370
61700,-95.837194,36.027454
61699,-95.837187,36.027699
61539,-95.837249,36.027849
61538,-95.837217,36.027849
61718,-95.837052,36.026470
61719,-95.837045,36.026715
61720,-95.837038,36.026960
61721,-95.837031,36.027205
61729,-95.836247,36.026389
61728,-95.836231,36.026650
61727,-95.836217,36.026838
61726,-95.836204,36.027026
61725,-95.836190,36.027214
61722,-95.837024,36.027450
61723,-95.837017,36.027695
61537,-95.836994,36.027844
61536,-95.836219,36.027695
61535,-95.836178,36.027683
61750,-95.836091,36.025982
61751,-95.836088,36.026049
61752,-95.836086,36.026116
61753,-95.836084,36.026183
61754,-95.836081,36.026250
61755,-95.836079,36.026317
61769,-95.835306,36.025665
61768,-95.835305,36.025741
61767,-95.835305,36.025760
61766,-95.835305,36.025779
61765,-95.835305,36.025818
61764,-95.835280,36.026229
61783,-95.834794,36.025093
61782,-95.834779,36.025093
61781,-95.834765,36.025093
61770,-95.834526,36.024952
61771,-95.834498,36.024952
61772,-95.834470,36.024952
61773,-95.834442,36.024952
61780,-95.834440,36.025090
61784,-95.834657,36.025831
61785,-95.834636,36.025831
61795,-95.834657,36.025969
61794,-95.834636,36.025969
61786,-95.834615,36.025831
61787,-95.834133,36.025831
61793,-95.834615,36.025969
61792,-95.834133,36.025969
61756,-95.836077,36.026385
61757,-95.836049,36.026830
61758,-95.836036,36.027018
61759,-95.836022,36.027206
61760,-95.835990,36.027380
61763,-95.835249,36.026681
61762,-95.835240,36.026978
61761,-95.835236,36.027248
61724,-95.836154,36.027412
61534,-95.836137,36.027672
61533,-95.836097,36.027661
61532,-95.835807,36.027581
61531,-95.835611,36.027527
61530,-95.835415,36.027474
61796,-95.834613,36.026691
61797,-95.834594,36.026691
61798,-95.834574,36.026691
61807,-95.834613,36.026829
61806,-95.834594,36.026829
61805,-95.834574,36.026829
61799,-95.834120,36.026691
61804,-95.834120,36.026829
61779,-95.834043,36.025096
61778,-95.833648,36.025106
61774,-95.833328,36.024975
61775,-95.833288,36.024976
61776,-95.833248,36.024978
61777,-95.833254,36.025116
61788,-95.834112,36.025831
61789,-95.834091,36.025831
61791,-95.834112,36.025969
61790,-95.834091,36.025969
61800,-95.834100,36.026691
61801,-95.834081,36.026691
61803,-95.834100,36.026829
61802,-95.834081,36.026829
74453,-95.833083,36.027136
61954,-95.844699,36.020081
61955,-95.844628,36.019972
61953,-95.844729,36.020199
61956,-95.844532,36.019876
61957,-95.844435,36.019804
61959,-95.844514,36.020085
61958,-95.844459,36.020007
61808,-95.842435,36.018833
61809,-95.842386,36.018884
61966,-95.842518,36.018968
61965,-95.841962,36.019560
61810,-95.841825,36.019474
61811,-95.841812,36.019496
61826,-95.840516,36.019598
61835,-95.838302,36.019511
61836,-95.838282,36.019511
61837,-95.838263,36.019511
61838,-95.838244,36.019511
61844,-95.838263,36.019649
61843,-95.838244,36.019649
61960,-95.844557,36.020415
61952,-95.844511,36.020721
61961,-95.844001,36.020778
61951,-95.843840,36.020978
61962,-95.843220,36.021022
61950,-95.843163,36.021184
61964,-95.842375,36.021174
61949,-95.842483,36.021378
61963,-95.842427,36.021248
61945,-95.843308,36.023264
61946,-95.843243,36.023268
61947,-95.843179,36.023272
61948,-95.843105,36.023268
61929,-95.842935,36.023252
61944,-95.843320,36.023400
61943,-95.843255,36.023404
61942,-95.843191,36.023408
61941,-95.843127,36.023412
61940,-95.843106,36.023577
61930,-95.842935,36.023432
61931,-95.842942,36.024251
61932,-95.842942,36.024285
61939,-95.843116,36.024785
61933,-95.842949,36.025105
61934,-95.842949,36.025139
61938,-95.843077,36.025964
61937,-95.843048,36.026021
61812,-95.842188,36.021158
61813,-95.842217,36.021222
61814,-95.842247,36.021287
61825,-95.840280,36.020472
61822,-95.840334,36.020589
61824,-95.840298,36.020511
61823,-95.840316,36.020550
61821,-95.840639,36.021238
61928,-95.841176,36.022055
61927,-95.841121,36.022076
61926,-95.841067,36.022098
61817,-95.840962,36.021927
61816,-95.840972,36.021948
61815,-95.840982,36.021969
61820,-95.840650,36.021261
61819,-95.840661,36.021284
61818,-95.840672,36.021308
61828,-95.840140,36.020559
61829,-95.840158,36.020598
61830,-95.840176,36.020637
61827,-95.840122,36.020520
61867,-95.839568,36.021018
61866,-95.839537,36.021029
61865,-95.839507,36.021040
61834,-95.839365,36.020754
61832,-95.839407,36.020858
61833,-95.839386,36.020806
61831,-95.839428,36.020910
61846,-95.839247,36.020900
61847,-95.839268,36.020952
61864,-95.839308,36.021112
61868,-95.839558,36.021749
61900,-95.839607,36.021882
61869,-95.839511,36.021767
61899,-95.839559,36.021901
61898,-95.839512,36.021919
61870,-95.839464,36.021786
61871,-95.839417,36.021804
61872,-95.839369,36.021822
61897,-95.839465,36.021937
61896,-95.839441,36.021946
61845,-95.839205,36.020796
61849,-95.838498,36.021233
61850,-95.838486,36.021209
61851,-95.838475,36.021186
61852,-95.838463,36.021162
61853,-95.838319,36.021238
61863,-95.838672,36.021356
61862,-95.838642,36.021368
61861,-95.838612,36.021380
61848,-95.838510,36.021257
61855,-95.838342,36.021285
61860,-95.838419,36.021459
61854,-95.838330,36.021261
61839,-95.837780,36.019511
61840,-95.837760,36.019511
61842,-95.837780,36.019649
61841,-95.837760,36.019649
61859,-95.838198,36.021552
61856,-95.837777,36.021461
61857,-95.837768,36.021461
61858,-95.837759,36.021461
61878,-95.837985,36.021886
