82862,-95.761531,36.048390
82861,-95.761484,36.048391
82869,-95.760426,36.047382
82868,-95.760425,36.047417
82867,-95.760409,36.048122
82866,-95.760409,36.048157
82865,-95.760408,36.048193
82864,-95.760407,36.048228
82863,-95.760406,36.048263
82834,-95.761047,36.049849
82833,-95.761046,36.049876
82832,-95.761046,36.049902
82835,-95.760847,36.049131
82837,-95.760798,36.049131
82838,-95.760750,36.049131
82841,-95.760702,36.049132
82843,-95.760654,36.049132
82836,-95.760849,36.049269
82839,-95.760800,36.049269
82840,-95.760752,36.049269
82842,-95.760704,36.049270
82844,-95.760656,36.049270
82845,-95.760605,36.049132
82846,-95.760557,36.049133
82847,-95.760607,36.049270
82830,-95.761046,36.049929
82831,-95.760876,36.049927
82829,-95.760842,36.050077
82870,-95.760256,36.047380
82871,-95.760255,36.047415
82889,-95.759439,36.047699
82872,-95.760239,36.048120
82873,-95.760239,36.048155
82874,-95.760238,36.048191
82875,-95.760237,36.048226
82876,-95.760236,36.048261
82877,-95.760236,36.048297
82860,-95.760227,36.048455
82859,-95.760196,36.048457
82858,-95.760166,36.048459
82857,-95.760136,36.048462
82888,-95.759451,36.048192
82886,-95.759451,36.048217
82884,-95.759452,36.048242
82882,-95.759452,36.048266
82881,-95.759453,36.048291
82878,-95.759454,36.048316
82890,-95.758550,36.046921
82891,-95.758524,36.046921
82893,-95.758497,36.046921
82894,-95.758471,36.046921
82892,-95.758550,36.047059
82896,-95.758455,36.047667
82887,-95.759281,36.048219
82885,-95.759282,36.048244
82883,-95.759282,36.048268
82880,-95.759283,36.048293
82879,-95.759284,36.048318
82856,-95.759269,36.048470
82855,-95.759236,36.048470
82772,-95.758455,36.048200
82774,-95.758455,36.048225
82775,-95.758455,36.048250
82778,-95.758455,36.048276
82780,-95.758455,36.048301
82782,-95.758455,36.048327
82376,-95.756801,36.046042
82375,-95.756798,36.046200
82374,-95.756796,36.046358
82373,-95.756626,36.046356
82895,-95.758260,36.046921
82897,-95.757748,36.046921
82898,-95.757738,36.046921
82770,-95.757738,36.047059
82771,-95.758285,36.048200
82773,-95.758285,36.048225
82776,-95.758285,36.048250
82777,-95.758285,36.048276
82779,-95.758285,36.048301
82781,-95.758285,36.048327
82767,-95.757479,36.048079
82766,-95.757478,36.048131
82764,-95.757478,36.048183
82762,-95.757477,36.048234
82760,-95.757476,36.048286
82759,-95.757476,36.048338
82899,-95.757310,36.046919
82901,-95.757272,36.046918
82902,-95.757235,36.046917
82903,-95.757197,36.046916
82769,-95.757306,36.047057
82900,-95.757268,36.047056
82910,-95.756375,36.047451
82909,-95.756377,36.047471
82908,-95.756380,36.047491
82768,-95.757308,36.048181
82765,-95.757307,36.048232
82763,-95.757306,36.048284
82761,-95.757306,36.048336
82758,-95.757289,36.048489
82757,-95.757263,36.048489
82754,-95.756636,36.048344
82752,-95.756611,36.048343
82750,-95.756586,36.048343
82756,-95.756659,36.048482
82755,-95.756634,36.048482
82753,-95.756609,36.048481
82751,-95.756584,36.048481
82849,-95.759641,36.049140
82848,-95.759643,36.049278
82851,-95.759593,36.049140
82850,-95.759595,36.049278
82852,-95.759547,36.049279
82828,-95.760143,36.050073
82826,-95.760080,36.049935
82824,-95.760051,36.049934
82822,-95.760022,36.049934
82827,-95.760114,36.050073
82825,-95.760085,36.050073
82823,-95.760056,36.050072
82821,-95.760027,36.050072
82820,-95.759994,36.049934
82854,-95.758447,36.049032
82853,-95.758446,36.049138
82818,-95.759228,36.049931
82817,-95.759201,36.049931
82814,-95.759174,36.049931
82819,-95.759228,36.050069
82816,-95.759201,36.050069
82815,-95.759174,36.050069
82812,-95.758554,36.049934
82809,-95.758500,36.049934
82808,-95.758473,36.049934
82813,-95.758554,36.050072
82811,-95.758527,36.050072
82810,-95.758500,36.050072
82783,-95.758277,36.049004
82784,-95.758277,36.049030
82785,-95.758276,36.049136
82788,-95.758200,36.049148
82790,-95.758142,36.049147
82786,-95.758257,36.049287
82787,-95.758224,36.049286
82789,-95.758192,36.049286
82791,-95.757450,36.049278
82794,-95.757385,36.049277
82805,-95.757854,36.049937
82807,-95.757881,36.050075
82806,-95.757854,36.050075
82792,-95.756807,36.049133
82793,-95.756749,36.049132
82795,-95.756691,36.049132
82796,-95.756462,36.049127
82797,-95.756456,36.049126
82798,-95.756451,36.049126
82803,-95.756438,36.049592
82802,-95.756420,36.049574
82804,-95.756457,36.049610
82728,-95.756160,36.047036
82911,-95.755860,36.046860
82905,-95.756209,36.047485
82904,-95.756207,36.047465
82906,-95.756212,36.047505
82907,-95.756214,36.047525
82729,-95.755690,36.046864
82730,-95.755675,36.046893
82748,-95.756034,36.048337
82746,-95.756009,36.048337
82744,-95.755983,36.048336
82749,-95.756032,36.048475
82747,-95.756007,36.048475
82745,-95.755981,36.048474
82743,-95.755956,36.048474
82742,-95.755931,36.048474
82734,-95.755365,36.048158
82736,-95.755365,36.048208
82738,-95.755365,36.048258
82731,-95.755196,36.047959
82732,-95.755196,36.048009
82733,-95.755195,36.048058
82735,-95.755195,36.048108
82737,-95.755195,36.048158
82739,-95.755195,36.048208
82740,-95.755195,36.048258
82741,-95.755195,36.048308
82800,-95.756276,36.049435
82799,-95.756271,36.049430
82801,-95.756281,36.049440
82430,-95.756304,36.041317
82428,-95.756303,36.041354
82426,-95.756302,36.041390
82423,-95.756300,36.041427
82421,-95.756299,36.041463
82419,-95.756298,36.041500
82416,-95.756898,36.042444
82415,-95.756867,36.042442
82414,-95.756836,36.042440
82418,-95.756311,36.042115
82417,-95.756312,36.042135
82389,-95.757082,36.043171
82390,-95.757072,36.043171
82388,-95.757077,36.043309
82391,-95.756668,36.043171
82392,-95.756647,36.043171
82387,-95.756828,36.044136
82386,-95.756828,36.044154
82385,-95.756827,36.044171
82384,-95.756827,36.044189
82349,-95.756658,36.044123
82350,-95.756658,36.044141
82351,-95.756657,36.044158
82352,-95.756657,36.044176
82353,-95.756615,36.044198
82354,-95.756591,36.044198
82357,-95.756613,36.044336
82356,-95.756589,36.044336
82355,-95.756565,36.044336
82429,-95.756134,36.041313
82427,-95.756133,36.041350
82425,-95.756132,36.041386
82424,-95.756130,36.041423
82422,-95.756129,36.041459
82420,-95.756128,36.041496
82566,-95.756079,36.041507
82567,-95.756075,36.041645
82565,-95.756044,36.041644
82564,-95.756013,36.041644
82455,-95.755335,36.041296
82454,-95.755335,36.041332
82453,-95.755335,36.041368
82452,-95.755335,36.041404
82451,-95.755335,36.041440
82568,-95.756141,36.042119
82569,-95.756142,36.042139
82570,-95.756068,36.042178
82571,-95.755971,36.042198
82413,-95.756149,36.042305
82412,-95.756116,36.042310
82411,-95.756084,36.042316
82410,-95.756052,36.042322
82409,-95.755330,36.042467
82408,-95.755297,36.042467
82446,-95.755165,36.041296
82447,-95.755165,36.041332
82448,-95.755165,36.041368
82449,-95.755165,36.041440
82450,-95.755165,36.041477
82563,-95.755149,36.041630
82562,-95.755115,36.041630
82561,-95.755081,36.041630
82475,-95.754333,36.041305
82474,-95.754333,36.041341
82473,-95.754333,36.041378
82472,-95.754333,36.041414
82471,-95.754334,36.041487
82407,-95.755264,36.042467
82406,-95.755230,36.042466
82405,-95.755197,36.042466
82572,-95.755072,36.042326
82573,-95.755028,36.042325
82574,-95.754984,36.042325
82404,-95.754498,36.042456
82393,-95.756165,36.043171
82394,-95.756145,36.043171
82348,-95.756165,36.043309
82347,-95.756145,36.043309
82395,-95.755660,36.043184
82396,-95.755640,36.043185
82346,-95.755666,36.043322
82345,-95.755646,36.043323
82397,-95.754972,36.043189
82398,-95.754907,36.043187
82399,-95.754842,36.043185
82400,-95.754777,36.043183
82344,-95.754966,36.043327
82343,-95.754901,36.043325
82342,-95.754836,36.043323
82341,-95.754771,36.043321
82401,-95.754712,36.043181
82402,-95.754648,36.043179
82340,-95.754706,36.043319
82332,-95.755087,36.043833
82331,-95.755083,36.043843
82330,-95.755080,36.043853
82333,-95.754921,36.043801
82334,-95.754918,36.043811
82329,-95.754993,36.044015
82328,-95.754959,36.044062
82327,-95.754926,36.044110
82335,-95.754778,36.044042
82326,-95.754864,36.044164
82325,-95.754815,36.044203
82324,-95.754767,36.044241
82336,-95.754746,36.044066
82337,-95.754697,36.044105
82465,-95.754163,36.041305
82466,-95.754163,36.041341
82467,-95.754163,36.041378
82468,-95.754163,36.041414
82469,-95.754163,36.041450
82470,-95.754164,36.041487
82559,-95.753809,36.041649
82557,-95.753808,36.041649
82558,-95.753808,36.041649
82545,-95.753352,36.041171
82546,-95.753352,36.041208
82548,-95.753352,36.041245
82550,-95.753353,36.041282
82552,-95.753353,36.041319
82555,-95.753354,36.041356
88544,-95.753387,36.041501
88541,-95.753365,36.041476
88542,-95.753356,36.041472
88543,-95.753356,36.041472
88539,-95.753274,36.041592
88538,-95.753273,36.041592
88540,-95.753302,36.041605
82576,-95.753800,36.042309
82577,-95.753782,36.042308
82547,-95.753182,36.041173
82549,-95.753182,36.041210
82551,-95.753182,36.041247
82553,-95.753183,36.041284
82554,-95.753183,36.041321
82556,-95.753184,36.041358
82540,-95.752402,36.041423
82578,-95.753168,36.042301
82579,-95.753141,36.042301
82706,-95.753168,36.042439
82705,-95.753141,36.042439
82538,-95.752460,36.042323
82537,-95.752477,36.042361
82536,-95.752495,36.042400
82539,-95.752448,36.042291
82532,-95.752273,36.042284
82533,-95.752284,36.042323
82534,-95.752302,36.042369
82535,-95.752319,36.042407
82580,-95.752320,36.042479
82581,-95.752282,36.042495
82704,-95.752402,36.042599
82703,-95.752364,36.042615
82702,-95.752326,36.042632
82701,-95.752288,36.042649
82700,-95.752251,36.042666
82699,-95.752213,36.042683
82403,-95.753361,36.042946
82339,-95.753380,36.043796
82338,-95.753386,36.043990
82713,-95.753222,36.044189
82707,-95.753193,36.043133
82708,-95.753193,36.043143
82709,-95.753197,36.043314
82710,-95.753203,36.043532
82711,-95.753209,36.043751
82712,-95.753215,36.043970
82587,-95.751399,36.042584
82586,-95.751398,36.042633
82585,-95.751398,36.042682
82584,-95.751397,36.042731
82604,-95.751229,36.042582
82605,-95.751228,36.042631
82606,-95.751227,36.042729
82583,-95.751396,36.042780
82582,-95.751396,36.042829
82607,-95.751226,36.042778
82608,-95.751226,36.042827
82609,-95.751179,36.042841
82698,-95.751208,36.042979
82697,-95.751179,36.042979
82696,-95.751150,36.042979
82695,-95.751121,36.042979
82724,-95.751094,36.043925
82383,-95.756825,36.044909
82382,-95.756825,36.044935
82381,-95.756825,36.044961
82380,-95.756825,36.044987
82379,-95.756808,36.045738
82378,-95.756807,36.045768
82377,-95.756807,36.045798
82358,-95.756655,36.044935
82359,-95.756618,36.045004
82360,-95.756585,36.045005
82361,-95.756552,36.045006
82365,-95.756591,36.045143
82364,-95.756558,36.045144
82362,-95.756519,36.045007
82363,-95.756525,36.045145
82366,-95.756637,36.045779
82367,-95.756617,36.045812
82368,-95.756591,36.045812
82369,-95.756566,36.045812
82372,-95.756593,36.045950
82371,-95.756568,36.045950
82370,-95.756543,36.045950
82319,-95.754691,36.045021
82320,-95.754639,36.045021
82321,-95.754586,36.045021
82322,-95.754534,36.045021
82318,-95.754691,36.045159
82317,-95.754639,36.045159
82316,-95.754586,36.045159
82315,-95.754534,36.045159
82323,-95.754481,36.045021
82314,-95.754481,36.045159
82313,-95.754429,36.045159
82307,-95.754747,36.045831
82308,-95.754693,36.045831
82309,-95.754640,36.045831
82306,-95.754749,36.045969
82305,-95.754695,36.045969
82304,-95.754642,36.045969
82310,-95.754586,36.045832
82311,-95.754533,36.045832
82303,-95.754588,36.045970
82302,-95.754535,36.045970
82312,-95.754480,36.045832
82301,-95.754482,36.045970
82727,-95.754557,36.048758
82726,-95.754325,36.048549
82714,-95.753240,36.044927
82715,-95.753240,36.044954
82716,-95.753241,36.044981
82717,-95.753242,36.045008
82718,-95.753252,36.045740
82719,-95.753252,36.045769
82720,-95.753252,36.045798
82721,-95.753253,36.045828
82722,-95.753255,36.046117
82723,-95.753255,36.046367
89134,-95.756565,36.034534
89135,-95.756395,36.034508
89133,-95.756395,36.034586
89127,-95.756960,36.036421
89132,-95.756565,36.035769
89130,-95.756565,36.035848
89128,-95.756395,36.035716
89131,-95.756395,36.035743
89129,-95.756395,36.035821
89124,-95.756347,36.036010
89126,-95.756789,36.036306
89125,-95.756618,36.036191
82437,-95.756295,36.039527
82436,-95.756317,36.040475
82435,-95.756318,36.040511
82433,-95.756319,36.040548
82432,-95.756320,36.040584
89122,-95.755092,36.034995
89102,-95.754995,36.034563
89101,-95.754955,36.034657
89100,-95.754919,36.034737
89099,-95.754773,36.034662
89120,-95.754997,36.034932
89118,-95.754902,36.034869
89119,-95.754857,36.035017
89123,-95.755047,36.035143
89121,-95.754952,36.035080
89117,-95.754639,36.034872
89116,-95.753790,36.034138
89115,-95.753729,36.034273
89113,-95.753662,36.034229
82438,-95.756108,36.039541
82440,-95.756077,36.039541
82441,-95.756046,36.039541
82439,-95.756108,36.039679
82442,-95.756015,36.039541
82434,-95.756149,36.040550
82431,-95.756150,36.040586
82458,-95.755335,36.040503
82457,-95.755335,36.040539
82456,-95.755335,36.040575
82459,-95.755148,36.039541
82460,-95.755115,36.039541
82461,-95.755082,36.039541
82462,-95.755049,36.039541
82443,-95.755165,36.040503
82444,-95.755165,36.040539
82445,-95.755165,36.040575
82478,-95.754329,36.040507
82477,-95.754329,36.040544
82476,-95.754329,36.040580
82479,-95.754138,36.039541
82480,-95.754107,36.039541
82482,-95.754077,36.039541
82481,-95.754107,36.039679
82463,-95.754159,36.040544
82464,-95.754159,36.040580
82487,-95.753348,36.040264
82488,-95.753348,36.040289
82483,-95.753201,36.039530
82484,-95.753180,36.040212
82485,-95.753179,36.040236
82486,-95.753178,36.040260
82544,-95.753130,36.040297
82489,-95.753156,36.040436
82492,-95.752417,36.040188
82491,-95.752416,36.040242
82490,-95.752416,36.040269
82524,-95.752246,36.040213
82525,-95.752246,36.040240
82526,-95.752246,36.040267
82543,-95.752403,36.041302
82542,-95.752403,36.041342
82541,-95.752402,36.041383
82527,-95.752234,36.041259
82528,-95.752233,36.041300
82529,-95.752233,36.041340
82530,-95.752232,36.041381
82531,-95.752232,36.041421
82493,-95.752137,36.039512
82494,-95.752107,36.039512
82495,-95.752077,36.039512
82523,-95.752109,36.039650
82496,-95.752047,36.039512
82497,-95.752018,36.039513
82498,-95.751208,36.039521
82499,-95.751179,36.039521
82522,-95.751208,36.039659
82521,-95.751179,36.039659
82595,-95.751411,36.040222
82594,-95.751412,36.040246
82596,-95.751241,36.040224
82597,-95.751242,36.040248
82500,-95.751150,36.039521
82501,-95.751121,36.039521
82502,-95.750299,36.039519
82520,-95.750297,36.039657
82503,-95.750269,36.039518
82504,-95.750239,36.039518
82505,-95.750209,36.039518
82519,-95.750267,36.039656
82622,-95.750492,36.040212
82621,-95.750493,36.040236
82623,-95.750323,36.040238
82506,-95.749369,36.039510
82507,-95.749294,36.039509
82518,-95.749292,36.039647
82508,-95.749220,36.039509
82517,-95.749218,36.039647
82516,-95.749144,36.039646
82649,-95.749385,36.039976
82650,-95.749385,36.039989
82648,-95.749555,36.040251
82647,-95.749555,36.040277
82678,-95.749384,36.040442
82679,-95.749383,36.040527
82680,-95.749383,36.040612
82681,-95.749383,36.040697
82677,-95.749368,36.040291
82676,-95.749301,36.040291
82651,-95.749301,36.040429
82675,-95.749235,36.040291
82674,-95.749169,36.040291
82652,-95.749235,36.040429
82653,-95.749169,36.040429
82509,-95.749071,36.039508
82510,-95.748997,36.039508
82515,-95.749069,36.039646
82514,-95.748995,36.039646
82511,-95.748923,36.039507
82512,-95.748848,36.039507
82513,-95.748774,36.039507
82673,-95.749102,36.040291
82654,-95.749102,36.040429
82655,-95.749036,36.040429
82593,-95.751418,36.041364
82592,-95.751417,36.041413
82591,-95.751416,36.041462
82598,-95.751248,36.041362
82599,-95.751247,36.041411
82600,-95.751246,36.041460
82590,-95.751416,36.041511
82589,-95.751415,36.041560
82588,-95.751414,36.041608
82601,-95.751246,36.041509
82602,-95.751245,36.041558
82603,-95.751244,36.041606
82620,-95.750490,36.041357
82619,-95.750490,36.041406
82618,-95.750490,36.041455
82617,-95.750489,36.041504
82616,-95.750489,36.041553
82615,-95.750489,36.041602
82624,-95.750320,36.041357
82625,-95.750320,36.041406
82626,-95.750320,36.041455
82627,-95.750319,36.041504
82628,-95.750319,36.041553
82629,-95.750319,36.041602
82614,-95.750485,36.042582
82613,-95.750485,36.042631
82612,-95.750485,36.042680
82611,-95.750485,36.042729
82630,-95.750315,36.042582
82631,-95.750315,36.042631
82632,-95.750315,36.042680
82633,-95.750315,36.042729
82610,-95.750485,36.042778
82634,-95.750315,36.042778
82635,-95.750298,36.042841
82694,-95.750298,36.042979
82636,-95.750267,36.042841
82693,-95.750267,36.042979
82692,-95.750237,36.042979
82691,-95.750207,36.042979
82646,-95.749550,36.041381
82645,-95.749550,36.041429
82644,-95.749550,36.041477
82643,-95.749549,36.041526
82642,-95.749549,36.041574
82641,-95.749545,36.042586
82640,-95.749545,36.042634
82639,-95.749545,36.042682
82638,-95.749545,36.042730
82682,-95.749376,36.042401
82683,-95.749376,36.042486
82684,-95.749375,36.042571
82685,-95.749375,36.042656
82686,-95.749375,36.042741
82670,-95.748486,36.041136
82669,-95.748515,36.041162
82672,-95.748428,36.041084
82671,-95.748457,36.041110
82666,-95.748331,36.041202
82665,-95.748302,36.041176
82664,-95.748273,36.041150
82668,-95.748389,36.041254
82667,-95.748360,36.041228
82637,-95.749545,36.042778
82687,-95.749358,36.042841
82690,-95.749358,36.042979
82689,-95.749357,36.042979
82688,-95.749356,36.042979
89620,-95.749747,36.044240
88533,-95.748505,36.043003
88534,-95.748503,36.043005
88532,-95.748602,36.043116
88531,-95.748583,36.043127
88535,-95.748487,36.043014
88536,-95.748487,36.043014
88530,-95.748549,36.043147
88537,-95.748469,36.043024
82657,-95.747651,36.040377
82656,-95.747678,36.040403
82662,-95.747659,36.040616
82660,-95.747496,36.040441
82659,-95.747469,36.040416
82658,-95.747442,36.040390
82661,-95.747523,36.040467
82663,-95.747547,36.040512
89095,-95.759637,36.031997
89145,-95.759840,36.032000
82294,-95.759516,36.035127
89142,-95.756565,36.033063
89141,-95.756565,36.033141
89138,-95.756565,36.033220
89143,-95.756395,36.033115
89140,-95.756395,36.033194
89139,-95.756395,36.033273
89137,-95.756565,36.034376
89136,-95.756565,36.034455
89105,-95.755072,36.033143
89104,-95.755073,36.033227
89103,-95.755074,36.033312
89096,-95.754903,36.033199
89097,-95.754903,36.033284
89098,-95.754904,36.033369
89107,-95.753629,36.032949
89109,-95.753629,36.033018
89106,-95.753459,36.032995
89110,-95.753629,36.033088
89108,-95.753459,36.033064
89111,-95.753458,36.033134
89114,-95.753734,36.034098
89112,-95.753527,36.034102
82116,-95.760217,36.014739
82115,-95.760217,36.014761
82114,-95.760217,36.014869
82106,-95.760047,36.014761
82107,-95.760047,36.014782
82108,-95.760047,36.014869
82113,-95.760223,36.015782
82112,-95.760224,36.015912
82109,-95.760053,36.015804
82111,-95.760054,36.015934
82222,-95.758161,36.013262
82240,-95.758309,36.013347
82239,-95.758268,36.013471
82238,-95.758244,36.013545
82223,-95.758137,36.013336
82224,-95.758112,36.013410
82225,-95.758080,36.013509
82237,-95.757825,36.014706
82226,-95.757710,36.014562
82236,-95.757799,36.014753
82235,-95.757760,36.014822
82227,-95.757658,36.014673
82228,-95.757619,36.014743
82229,-95.757627,36.015984
82234,-95.757994,36.017076
82230,-95.757831,36.017121
82232,-95.758030,36.017278
82233,-95.758008,36.017152
82231,-95.757862,36.017298
82251,-95.756189,36.012750
82253,-95.756189,36.012824
82254,-95.756189,36.012898
82250,-95.756019,36.012762
82252,-95.756019,36.012836
82255,-95.756019,36.012910
82256,-95.756019,36.012984
82258,-95.756187,36.014029
82257,-95.756017,36.014047
82260,-95.756187,36.014103
82262,-95.756187,36.014176
82264,-95.756187,36.014250
82259,-95.756017,36.014121
82261,-95.756017,36.014195
82263,-95.756017,36.014269
82265,-95.756185,36.015209
82267,-95.756185,36.015283
82269,-95.756185,36.015357
82271,-95.756185,36.015588
82266,-95.756015,36.015233
82268,-95.756015,36.015307
82270,-95.756015,36.015522
82272,-95.756015,36.015619
82208,-95.753953,36.013265
82207,-95.753783,36.013265
82206,-95.753953,36.013323
82204,-95.753953,36.013381
82202,-95.753953,36.013440
82205,-95.753783,36.013323
82203,-95.753783,36.013381
82201,-95.753783,36.013440
82200,-95.753949,36.014215
82197,-95.753949,36.014273
82195,-95.753949,36.014331
82199,-95.753779,36.014215
82198,-95.753779,36.014273
82196,-95.753779,36.014331
82194,-95.753949,36.014389
82193,-95.753779,36.014389
82192,-95.753945,36.015203
82190,-95.753945,36.015261
82187,-95.753945,36.015319
82191,-95.753775,36.015203
82189,-95.753775,36.015261
82188,-95.753775,36.015319
82186,-95.753944,36.015522
82185,-95.753774,36.015522
82273,-95.756185,36.017015
82275,-95.756185,36.017114
82274,-95.756015,36.016988
82276,-95.756015,36.017118
82278,-95.756185,36.017214
82279,-95.756185,36.017313
82277,-95.756015,36.017216
82280,-95.756015,36.017314
82184,-95.753936,36.016961
82182,-95.753936,36.017069
82183,-95.753766,36.016961
82181,-95.753766,36.017069
82179,-95.753935,36.017177
82178,-95.753935,36.017285
82180,-95.753765,36.017177
82177,-95.753765,36.017285
82242,-95.758693,36.010923
82243,-95.758640,36.010907
82219,-95.758474,36.011002
82220,-95.758633,36.011051
82244,-95.756213,36.010437
82217,-95.755980,36.010599
82218,-95.756192,36.011644
82247,-95.756191,36.011718
82248,-95.756191,36.011792
82245,-95.756022,36.011649
82246,-95.756021,36.011724
82249,-95.756021,36.011798
82216,-95.753961,36.011483
82215,-95.753791,36.011483
82105,-95.760040,36.013739
82241,-95.758659,36.012287
82221,-95.758486,36.012275
82213,-95.753957,36.012335
82211,-95.753957,36.012393
82210,-95.753957,36.012452
82214,-95.753787,36.012335
82212,-95.753787,36.012393
82209,-95.753787,36.012452
82080,-95.760291,35.998314
82101,-95.760381,35.998452
82100,-95.760266,35.998452
82099,-95.758081,35.998440
82081,-95.757991,35.998302
82082,-95.756956,35.998296
82098,-95.756977,35.998434
82083,-95.756197,35.998292
82097,-95.756195,35.998430
82084,-95.755554,35.998283
82096,-95.755550,35.998421
82095,-95.754952,35.998406
82560,-95.754710,35.998191
82575,-95.754698,35.998259
78604,-95.754699,35.998401
82092,-95.753989,35.998280
82075,-95.760862,35.996491
82078,-95.760729,35.996629
82076,-95.760244,35.996629
82077,-95.759803,35.996491
78607,-95.759371,35.996491
78608,-95.759371,35.996491
78609,-95.759371,35.996491
78610,-95.759371,35.996491
78611,-95.759371,35.996491
78602,-95.759371,35.996629
78603,-95.759371,35.996629
82086,-95.755625,35.996467
82085,-95.755157,35.996600
82087,-95.754562,35.996462
82088,-95.754140,35.996464
82091,-95.754142,35.996602
82089,-95.753328,35.996469
82090,-95.753330,35.996607
82093,-95.753670,35.998290
82094,-95.753356,35.998439
82061,-95.758426,35.988350
82063,-95.758759,35.988490
82060,-95.759916,35.990383
82042,-95.759917,35.990416
82043,-95.759917,35.990423
82059,-95.759919,35.990581
82057,-95.759921,35.990713
82044,-95.759704,35.990760
82058,-95.759648,35.990898
82045,-95.758793,35.990753
82062,-95.758003,35.988347
82064,-95.757545,35.988344
82049,-95.757102,35.988951
82051,-95.756932,35.988973
82048,-95.757099,35.989497
82046,-95.757883,35.990746
82055,-95.757899,35.990884
82047,-95.757099,35.989541
82052,-95.756928,35.989738
82053,-95.756927,35.990066
82054,-95.756926,35.990285
82050,-95.755775,35.988471
82011,-95.759927,35.988643
82012,-95.759757,35.988704
82013,-95.759757,35.988708
82065,-95.754224,35.988323
82066,-95.752606,35.988312
82068,-95.752346,35.988448
82067,-95.748981,35.988310
82131,-95.743817,35.989679
82134,-95.743991,35.991782
82132,-95.743822,35.992676
82133,-95.743823,35.992900
82126,-95.748227,36.002819
82130,-95.743983,35.995138
82129,-95.743981,35.995361
82128,-95.743963,35.997374
82148,-95.742463,35.999904
82149,-95.742059,35.999904
82127,-95.743945,36.001832
82147,-95.742981,36.002365
82165,-95.743946,36.003067
82166,-95.743778,36.003302
82150,-95.741579,35.999914
82144,-95.741609,36.000051
82151,-95.741312,35.999919
82143,-95.741342,36.000056
82152,-95.741033,35.999952
82138,-95.741444,36.001027
82139,-95.741364,36.001038
82137,-95.741408,36.001172
82136,-95.741328,36.001183
82140,-95.741283,36.001049
82141,-95.741123,36.001072
82135,-95.741167,36.001206
82158,-95.740965,36.001402
82153,-95.740780,36.000087
82156,-95.740731,36.000722
82154,-95.740531,36.000346
82142,-95.740435,36.000378
82155,-95.740314,36.000485
82157,-95.740871,36.001014
82145,-95.741895,36.003301
82146,-95.741890,36.003387
82159,-95.740913,36.002081
82160,-95.740761,36.002477
82161,-95.740745,36.002704
82167,-95.743796,36.005105
82168,-95.743796,36.005163
82164,-95.742025,36.004275
82163,-95.741843,36.004434
82162,-95.737462,36.002977
82124,-95.752006,36.002954
82125,-95.751805,36.002818
82169,-95.743805,36.006211
82170,-95.743808,36.006502
82171,-95.743814,36.007229
82172,-95.743815,36.007288
82173,-95.743792,36.009027
82175,-95.743957,36.009674
82174,-95.743786,36.009804
82176,-95.743776,36.010807
89034,-95.741139,36.011250
89033,-95.741139,36.011363
89032,-95.741137,36.011514
89038,-95.740968,36.011388
89031,-95.741136,36.011665
89039,-95.740967,36.011539
89040,-95.740966,36.011678
89030,-95.741135,36.011816
89053,-95.740039,36.010847
89052,-95.740036,36.011008
89054,-95.739870,36.010787
89055,-95.739869,36.010822
89056,-95.739869,36.010858
89041,-95.740965,36.011828
89051,-95.740031,36.011425
89050,-95.740028,36.011733
89035,-95.739688,36.011017
89018,-95.739862,36.011311
89036,-95.739527,36.011015
89019,-95.739859,36.011675
89020,-95.739856,36.011983
89037,-95.739384,36.011014
89057,-95.739135,36.011012
89017,-95.739133,36.011150
89072,-95.738777,36.010114
89071,-95.738433,36.010111
89058,-95.738599,36.011006
89070,-95.738203,36.010109
89059,-95.738242,36.011003
89016,-95.738597,36.011144
89015,-95.738240,36.011141
89005,-95.737912,36.012030
89073,-95.736596,36.009971
89074,-95.736163,36.009971
89075,-95.735837,36.009971
89069,-95.737464,36.010109
89060,-95.737447,36.011004
89068,-95.737030,36.010109
89014,-95.737449,36.011142
89061,-95.737017,36.011008
89013,-95.737019,36.011146
89067,-95.736596,36.010109
89066,-95.736163,36.010109
89065,-95.735837,36.010109
89062,-95.736587,36.011012
89012,-95.736589,36.011150
89063,-95.736158,36.011016
89011,-95.736160,36.011154
89064,-95.735835,36.011019
89010,-95.735837,36.011157
89076,-95.735565,36.009826
89077,-95.735565,36.009957
89078,-95.735565,36.010374
89079,-95.735565,36.010699
89080,-95.735565,36.011007
89081,-95.735565,36.011396
89082,-95.735565,36.011713
78682,-95.743419,36.014438
78681,-95.743436,36.014576
82110,-95.743728,36.016002
78683,-95.742456,36.014431
78684,-95.742248,36.014428
78685,-95.741963,36.014563
89042,-95.740960,36.012267
89029,-95.741128,36.012386
89043,-95.740956,36.012524
89028,-95.741124,36.012643
89027,-95.741121,36.012877
89044,-95.740951,36.012828
89026,-95.741117,36.013157
89045,-95.740948,36.013062
89049,-95.740025,36.012041
89048,-95.740022,36.012377
89047,-95.740020,36.012657
89046,-95.740016,36.013021
89025,-95.740205,36.013370
89024,-95.740030,36.013369
78686,-95.741455,36.014420
78687,-95.741285,36.014418
78680,-95.740962,36.014553
78688,-95.740171,36.014406
78689,-95.740076,36.014405
78690,-95.739963,36.014404
78679,-95.739980,36.014542
78665,-95.743270,36.017336
89094,-95.742633,36.017470
78666,-95.742136,36.017328
78667,-95.741569,36.017324
78668,-95.741092,36.017321
78669,-95.740344,36.017316
89021,-95.739853,36.012347
89022,-95.739850,36.012655
89023,-95.739845,36.013216
89002,-95.738589,36.012092
89001,-95.738585,36.012230
89003,-95.738342,36.012086
89000,-95.738338,36.012224
89004,-95.738177,36.012083
88999,-95.738173,36.012221
88998,-95.737915,36.012490
88985,-95.738830,36.013297
88986,-95.738588,36.013156
88984,-95.738458,36.013292
88987,-95.738341,36.013153
88988,-95.738176,36.013151
88983,-95.738211,36.013290
78691,-95.739680,36.014401
78678,-95.739696,36.014539
78677,-95.739414,36.014539
78692,-95.739376,36.014401
78693,-95.739074,36.014401
78676,-95.739131,36.014539
78662,-95.739672,36.015860
78663,-95.739618,36.015860
78664,-95.739622,36.015998
78660,-95.739344,36.015858
78658,-95.739214,36.015857
78661,-95.739342,36.015996
78659,-95.739218,36.015995
78655,-95.739026,36.015856
78654,-95.738940,36.015856
78657,-95.739072,36.015994
78656,-95.739029,36.015994
78653,-95.738933,36.015993
78675,-95.738658,36.014539
78694,-95.738262,36.014401
78674,-95.738262,36.014539
78651,-95.738827,36.015855
78649,-95.738649,36.015854
78652,-95.738830,36.015993
78650,-95.738653,36.015992
78647,-95.738471,36.015853
78648,-95.738469,36.015991
78695,-95.737930,36.015312
78645,-95.738272,36.015851
78643,-95.738165,36.015851
78646,-95.738303,36.015990
78644,-95.738249,36.015989
78642,-95.738163,36.015989
89006,-95.737029,36.012088
88997,-95.737031,36.012226
88989,-95.737460,36.013148
88982,-95.737460,36.013286
88990,-95.737022,36.013146
88981,-95.737022,36.013284
89007,-95.736595,36.012092
88996,-95.736597,36.012230
89008,-95.736162,36.012096
88995,-95.736164,36.012234
89009,-95.735836,36.012099
88991,-95.736584,36.013144
88980,-95.736694,36.013283
88979,-95.736256,36.013281
88992,-95.736146,36.013142
88993,-95.735818,36.013141
88978,-95.735818,36.013279
88973,-95.737450,36.014398
88972,-95.737472,36.014536
88974,-95.737232,36.014397
88971,-95.737036,36.014534
88963,-95.737046,36.015846
88970,-95.736753,36.014533
88975,-95.736491,36.014394
88969,-95.736491,36.014532
88976,-95.736143,36.014392
88968,-95.736143,36.014530
88977,-95.735838,36.014391
88967,-95.735838,36.014529
88964,-95.736501,36.015844
88962,-95.736501,36.015982
88965,-95.736174,36.015842
88961,-95.736174,36.015980
88966,-95.735848,36.015841
88960,-95.735848,36.015979
78670,-95.739800,36.017312
78671,-95.739323,36.017309
78672,-95.738893,36.017306
78696,-95.737935,36.016211
78673,-95.738666,36.017304
78641,-95.738303,36.017302
78697,-95.737562,36.017296
78698,-95.737205,36.017293
78699,-95.736582,36.017288
78700,-95.736403,36.017286
78640,-95.736555,36.017426
78639,-95.736304,36.017423
89083,-95.735565,36.012049
88994,-95.735728,36.012485
89084,-95.735558,36.012501
89085,-95.735551,36.012822
89086,-95.735546,36.013126
89088,-95.735554,36.013824
89087,-95.735550,36.013603
89089,-95.735565,36.014646
89090,-95.735569,36.015171
89091,-95.735572,36.015564
89092,-95.735575,36.016200
89093,-95.735558,36.017281
78636,-95.735299,36.017419
78635,-95.734709,36.017419
78634,-95.734507,36.017418
78638,-95.733556,36.017276
78633,-95.733642,36.017414
78637,-95.733267,36.017274
78632,-95.733181,36.017412
78631,-95.730385,36.017400
84270,-95.735959,36.031911
84837,-95.728253,36.024508
78137,-95.740614,35.988427
78138,-95.739745,35.988419
78139,-95.737920,35.988419
78141,-95.731737,35.988291
78140,-95.731724,35.988291
78142,-95.731550,35.988291
78144,-95.729281,35.988429
78143,-95.729041,35.988291
78145,-95.727002,35.988291
78150,-95.757963,35.986647
78601,-95.726135,35.997507
78612,-95.725965,35.997313
78600,-95.726128,35.999172
78599,-95.726132,36.002771
78613,-95.725520,36.002772
78598,-95.726104,36.004893
78597,-95.725934,36.004893
78596,-95.726087,36.008713
84410,-95.726075,36.017622
84408,-95.726075,36.018794
84411,-95.725905,36.018765
84409,-95.725905,36.018794
84291,-95.725662,36.018860
84292,-95.725654,36.018862
84294,-95.725459,36.018940
84293,-95.725554,36.019052
84296,-95.725539,36.019060
84295,-95.725451,36.018944
84298,-95.725405,36.019158
84299,-95.725396,36.019165
84297,-95.725284,36.019062
84300,-95.725278,36.019067
84302,-95.725147,36.019171
84303,-95.725138,36.019178
84305,-95.725131,36.019183
84306,-95.725122,36.019190
84304,-95.725259,36.019273
84301,-95.725256,36.019276
84395,-95.725243,36.019285
84323,-95.723824,36.018261
84321,-95.723794,36.018289
84322,-95.723683,36.018185
84324,-95.723543,36.018178
84406,-95.726092,36.020814
84407,-95.725921,36.020695
84405,-95.725922,36.020857
84404,-95.725915,36.021812
84403,-95.725914,36.021843
84279,-95.726079,36.022272
84278,-95.726078,36.022349
84402,-95.725832,36.023569
84280,-95.725786,36.023431
84281,-95.725666,36.023419
84401,-95.725677,36.023561
84288,-95.725115,36.021491
84290,-95.724622,36.021708
84289,-95.724117,36.022136
84287,-95.724095,36.022155
84285,-95.724062,36.022182
84400,-95.725542,36.023538
84399,-95.725402,36.023507
84398,-95.725260,36.023470
84286,-95.723823,36.022740
84284,-95.723653,36.022711
84282,-95.723634,36.022747
84283,-95.723796,36.022787
84276,-95.725915,36.025477
84277,-95.725915,36.025522
84275,-95.725916,36.026198
84273,-95.725917,36.027054
84325,-95.722147,36.018081
84326,-95.722063,36.018081
84328,-95.721979,36.018081
84327,-95.722007,36.018219
84320,-95.722217,36.019584
84319,-95.722143,36.019645
84318,-95.722031,36.019736
84317,-95.721836,36.019701
84316,-95.721956,36.019797
84315,-95.721761,36.019762
84314,-95.721844,36.019889
84313,-95.721686,36.019823
78463,-95.720984,36.017257
84329,-95.720628,36.018081
84348,-95.720555,36.018081
84349,-95.719315,36.018081
84350,-95.719217,36.018081
84351,-95.719169,36.018081
78464,-95.718100,36.017255
84353,-95.717929,36.018081
78465,-95.717696,36.017255
84354,-95.717840,36.018081
84347,-95.719242,36.018219
84331,-95.719301,36.019632
84330,-95.719361,36.019777
84332,-95.719240,36.019876
84333,-95.719059,36.019829
84334,-95.719059,36.020024
84335,-95.718938,36.020123
84336,-95.718818,36.020027
84352,-95.717958,36.018219
84355,-95.717869,36.018219
78466,-95.717120,36.017254
84356,-95.716418,36.018081
84358,-95.716299,36.018081
84361,-95.716211,36.018081
84357,-95.716418,36.018219
84346,-95.716934,36.019631
84345,-95.716764,36.019784
84343,-95.716623,36.019945
84344,-95.716485,36.019865
84342,-95.716563,36.020028
84359,-95.716329,36.018219
84360,-95.716240,36.018219
84382,-95.716117,36.020160
84380,-95.716038,36.020133
84378,-95.715958,36.020106
80663,-95.721849,36.022009
84393,-95.721675,36.022234
84392,-95.721626,36.022216
84391,-95.721593,36.022205
84397,-95.723509,36.022868
84396,-95.723407,36.022833
84394,-95.723305,36.022797
84389,-95.720902,36.021811
84390,-95.720867,36.021949
84388,-95.720834,36.021937
84387,-95.720801,36.021926
84312,-95.720296,36.021224
84311,-95.720097,36.021220
84310,-95.720219,36.021322
84309,-95.720178,36.021402
84307,-95.720137,36.021482
84308,-95.720022,36.021348
84523,-95.719455,36.023754
84425,-95.722737,36.025594
84412,-95.722567,36.025515
84424,-95.722737,36.025673
84413,-95.722567,36.025614
84414,-95.722567,36.025693
84426,-95.722016,36.024567
84423,-95.722740,36.026487
84422,-95.722740,36.026586
84415,-95.722570,36.026506
84416,-95.722570,36.026606
84421,-95.722740,36.026665
84417,-95.722570,36.026685
84418,-95.722573,36.027498
84419,-95.722573,36.027597
84420,-95.722744,36.027677
84801,-95.720492,36.025819
84803,-95.720493,36.025961
84804,-95.720494,36.026046
84522,-95.719446,36.024481
84800,-95.720322,36.025847
84802,-95.720323,36.025989
84805,-95.720324,36.026103
84807,-95.720502,36.027238
84808,-95.720503,36.027380
84810,-95.720504,36.027494
84806,-95.720332,36.027267
84809,-95.720333,36.027409
84811,-95.720334,36.027522
84338,-95.718757,36.020271
84337,-95.718576,36.020224
84340,-95.718587,36.020413
84339,-95.718350,36.020447
84341,-95.718187,36.020704
84386,-95.717990,36.020956
84385,-95.717956,36.020945
84384,-95.717429,36.020767
84383,-95.717395,36.020756
84524,-95.719285,36.023776
84525,-95.719282,36.023972
84799,-95.719240,36.023949
84798,-95.719105,36.023949
84797,-95.718970,36.023949
84527,-95.717925,36.023259
84526,-95.717925,36.023260
84528,-95.717755,36.023259
84529,-95.717755,36.023261
80811,-95.717755,36.023774
84796,-95.717712,36.023949
84795,-95.717577,36.023950
84794,-95.717443,36.023951
78215,-95.716444,36.021843
78214,-95.716438,36.021879
78213,-95.716434,36.021906
78212,-95.716433,36.021912
78211,-95.716429,36.021938
78210,-95.716426,36.021959
78209,-95.716424,36.021979
84381,-95.716113,36.020308
78216,-95.716308,36.021748
78217,-95.716266,36.021890
78218,-95.716265,36.021896
78219,-95.716261,36.021922
78220,-95.716258,36.021943
78221,-95.716254,36.021977
78479,-95.716410,36.023270
78478,-95.716410,36.023342
78477,-95.716410,36.023344
78476,-95.716410,36.023346
78475,-95.716409,36.023352
84532,-95.716405,36.023795
84531,-95.716405,36.023799
84530,-95.716405,36.023804
84453,-95.716405,36.023809
78531,-95.716240,36.023342
78532,-95.716239,36.023348
84533,-95.716235,36.023723
84534,-95.716235,36.023728
84535,-95.716235,36.023794
84536,-95.716235,36.023799
84447,-95.716235,36.023807
84448,-95.716235,36.023807
84449,-95.716235,36.023807
84450,-95.716235,36.023807
84452,-95.716235,36.023807
84537,-95.716163,36.023821
84793,-95.716192,36.023959
84792,-95.716057,36.023960
84791,-95.715923,36.023961
84520,-95.718417,36.025814
84519,-95.718417,36.025955
84517,-95.718418,36.026068
84521,-95.718247,36.025842
84518,-95.718247,36.025983
84516,-95.718248,36.026096
84515,-95.718420,36.027226
84513,-95.718421,36.027368
84511,-95.718421,36.027481
84514,-95.718250,36.027255
84512,-95.718251,36.027509
84446,-95.717115,36.024712
84445,-95.716944,36.025237
84784,-95.715499,36.025139
84785,-95.715414,36.025137
84786,-95.715330,36.025136
84783,-95.715370,36.025275
84444,-95.716334,36.025988
84427,-95.716196,36.025910
84274,-95.725920,36.029308
84272,-95.726093,36.031651
84271,-95.726103,36.032764
84834,-95.725951,36.036100
84835,-95.725949,36.037143
84836,-95.725947,36.038185
84833,-95.722393,36.031925
84832,-95.721584,36.031784
84813,-95.720655,36.028644
84815,-95.720655,36.028786
84817,-95.720655,36.028900
84812,-95.720485,36.028673
84814,-95.720485,36.028815
84816,-95.720485,36.028928
84818,-95.720655,36.030064
84820,-95.720655,36.030206
84819,-95.720485,36.030092
84822,-95.720655,36.030319
84821,-95.720485,36.030234
84823,-95.720485,36.030348
84824,-95.720655,36.031484
84826,-95.720655,36.031626
84829,-95.720655,36.031739
84825,-95.720485,36.031512
84827,-95.720485,36.031654
84828,-95.720485,36.031768
84831,-95.720467,36.031918
84830,-95.720098,36.031914
84489,-95.720397,36.032511
84490,-95.719851,36.032356
84487,-95.720459,36.032872
84486,-95.720534,36.033457
84484,-95.720567,36.034419
84488,-95.720417,36.032631
84480,-95.720244,36.032621
84481,-95.720270,36.032773
84482,-95.720320,36.033060
84483,-95.720411,36.033952
84485,-95.720419,36.034074
84471,-95.720160,36.036473
84470,-95.720150,36.036470
84472,-95.720140,36.036467
84469,-95.720078,36.036595
84509,-95.718424,36.028639
84507,-95.718424,36.028780
84506,-95.718424,36.028893
84504,-95.718420,36.030052
84502,-95.718420,36.030193
84499,-95.718419,36.030306
84510,-95.718254,36.028667
84508,-95.718254,36.028809
84505,-95.718254,36.028922
84503,-95.718250,36.030080
84501,-95.718250,36.030221
84500,-95.718249,36.030334
84497,-95.718415,36.031465
84491,-95.719221,36.032482
84496,-95.718415,36.031606
84493,-95.718415,36.031719
84498,-95.718245,36.031493
84495,-95.718245,36.031634
84494,-95.718245,36.031748
84456,-95.717969,36.031897
84455,-95.717932,36.031897
84492,-95.718355,36.032240
84479,-95.719132,36.032948
84462,-95.718987,36.033029
84461,-95.718693,36.032751
84478,-95.718934,36.033726
84463,-95.718542,36.033848
84477,-95.718488,36.034083
84460,-95.718333,36.032725
84457,-95.718146,36.032574
84458,-95.718103,36.032570
84459,-95.718070,36.032705
84476,-95.718082,36.034539
84464,-95.717513,36.033986
84465,-95.717517,36.034162
88804,-95.718430,36.036261
88805,-95.718425,36.036257
84475,-95.718059,36.034857
84474,-95.718055,36.035367
84466,-95.717885,36.035066
84467,-95.717885,36.035367
84473,-95.718091,36.035621
84468,-95.717923,36.035639
88803,-95.718398,36.036244
88802,-95.718379,36.036382
88801,-95.718371,36.036380
88800,-95.718364,36.036379
88799,-95.718353,36.036377
84379,-95.715110,36.019967
84377,-95.714792,36.019710
84374,-95.714686,36.019674
84376,-95.714370,36.019715
84375,-95.714300,36.019691
84373,-95.714247,36.019673
78539,-95.714885,36.021514
78538,-95.714885,36.021529
78537,-95.714885,36.021544
78536,-95.714885,36.021559
78535,-95.714885,36.021574
78540,-95.714715,36.021507
78541,-95.714715,36.021522
78542,-95.714715,36.021537
78543,-95.714715,36.021552
78544,-95.714715,36.021567
78545,-95.714715,36.021582
84554,-95.713359,36.022197
84553,-95.713359,36.022267
84542,-95.714885,36.023400
84541,-95.714885,36.023422
84540,-95.714885,36.023750
84539,-95.714885,36.023773
84538,-95.714885,36.023795
84543,-95.714715,36.023385
84544,-95.714715,36.023408
84545,-95.714715,36.023430
84546,-95.714715,36.023758
84547,-95.714715,36.023780
84548,-95.714715,36.023803
84790,-95.714669,36.023967
84789,-95.714534,36.023966
84552,-95.713359,36.022337
84551,-95.713355,36.023413
84550,-95.713355,36.023437
84549,-95.713355,36.023684
84556,-95.713189,36.022210
84557,-95.713189,36.022279
84558,-95.713189,36.022349
84559,-95.713185,36.023367
84560,-95.713185,36.023437
84774,-95.713185,36.023704
84787,-95.715245,36.025135
84782,-95.715286,36.025274
84781,-95.715201,36.025273
84788,-95.715161,36.025134
84974,-95.713432,36.025112
84975,-95.713430,36.025250
84780,-95.713465,36.025722
84778,-95.713295,36.025714
84779,-95.713297,36.025732
84428,-95.715107,36.027168
84443,-95.714868,36.027682
84429,-95.714688,36.027653
84442,-95.714396,36.028150
84430,-95.713942,36.028238
84775,-95.713191,36.024484
84776,-95.713234,36.025093
84777,-95.713253,36.025267
84431,-95.713304,36.028759
84441,-95.713469,36.029469
84432,-95.713299,36.029528
84440,-95.713465,36.030060
84433,-95.713295,36.030120
84454,-95.713908,36.031736
78529,-95.715656,36.012661
78528,-95.715628,36.012661
78530,-95.715683,36.012799
78527,-95.715628,36.012799
78525,-95.715601,36.012799
78526,-95.715546,36.012661
78524,-95.715408,36.012661
78533,-95.715452,36.015681
78480,-95.714826,36.010874
78482,-95.714773,36.010870
78481,-95.714795,36.011010
78484,-95.714749,36.011008
78485,-95.714728,36.011008
78486,-95.714708,36.011008
78483,-95.712554,36.010861
78487,-95.712421,36.010861
78488,-95.711380,36.010861
78489,-95.711241,36.010861
78490,-95.711206,36.010861
78493,-95.711169,36.010999
78492,-95.711074,36.010999
78491,-95.711011,36.010999
78523,-95.714166,36.012797
78474,-95.715164,36.015819
78534,-95.714587,36.015681
78473,-95.714587,36.015819
78472,-95.714011,36.015819
78494,-95.712413,36.012594
78495,-95.711669,36.012638
78496,-95.711651,36.012638
78512,-95.711633,36.012776
78497,-95.711597,36.012638
78511,-95.711597,36.012776
78513,-95.712245,36.013488
78514,-95.712245,36.013545
78515,-95.712245,36.013601
78516,-95.712245,36.013657
78522,-95.712415,36.014852
78521,-95.712415,36.014967
78520,-95.712415,36.015081
78519,-95.712415,36.015196
78518,-95.712415,36.015310
78517,-95.712415,36.015425
78546,-95.712415,36.015539
78471,-95.712530,36.015794
78470,-95.712471,36.015788
78469,-95.712399,36.015770
78467,-95.715043,36.017253
84362,-95.714907,36.018081
84365,-95.714818,36.018081
84366,-95.714729,36.018081
84363,-95.714937,36.018219
84364,-95.714848,36.018219
84369,-95.714759,36.018219
84372,-95.713378,36.019327
78468,-95.712378,36.017226
78462,-95.711643,36.017381
78461,-95.711368,36.017378
84367,-95.713205,36.018788
84368,-95.713205,36.018918
84370,-95.713221,36.019055
84371,-95.713266,36.019209
78510,-95.710804,36.012774
78509,-95.710732,36.012773
78498,-95.710714,36.012635
78499,-95.710678,36.012635
78508,-95.710696,36.012773
78552,-95.710487,36.014051
78553,-95.710425,36.014051
78554,-95.710363,36.014052
78559,-95.710520,36.014189
78558,-95.710499,36.014189
78557,-95.710479,36.014189
78551,-95.710815,36.015322
78547,-95.710872,36.015531
78550,-95.710815,36.015378
78549,-95.710815,36.015434
78563,-95.710815,36.015434
78548,-95.710815,36.015490
78582,-95.710914,36.015669
78581,-95.710886,36.015669
78580,-95.710858,36.015669
78579,-95.710831,36.015669
78564,-95.710645,36.015378
78560,-95.710645,36.015406
78565,-95.710645,36.015462
78561,-95.710645,36.015518
78556,-95.709492,36.014196
78562,-95.709441,36.015531
78578,-95.709542,36.015669
78577,-95.709491,36.015669
78576,-95.709441,36.015669
78501,-95.708998,36.012071
78500,-95.708999,36.012110
78502,-95.708828,36.012054
78503,-95.708828,36.012083
78504,-95.708829,36.012102
78505,-95.708829,36.012121
78507,-95.708806,36.012769
78506,-95.708795,36.012631
78586,-95.708235,36.012068
78585,-95.708236,36.012285
78584,-95.708237,36.012326
78555,-95.708835,36.014008
84582,-95.708073,36.012618
78566,-95.708529,36.015525
78571,-95.710609,36.016590
78572,-95.710605,36.016589
78573,-95.710601,36.016589
78574,-95.710598,36.016589
78575,-95.710594,36.016589
78570,-95.710603,36.016727
78569,-95.710599,36.016727
78568,-95.710596,36.016727
78567,-95.710592,36.016727
78583,-95.710784,36.017235
85179,-95.710680,36.017372
85178,-95.710677,36.017372
85177,-95.710672,36.017372
85176,-95.710549,36.017370
85175,-95.710513,36.017370
85174,-95.710456,36.017369
85173,-95.709088,36.017218
85172,-95.709042,36.017217
85170,-95.709030,36.017217
85169,-95.708912,36.017216
85168,-95.708875,36.017216
84992,-95.708818,36.017215
84993,-95.708776,36.017215
84994,-95.708756,36.017215
84950,-95.708356,36.017211
84555,-95.713194,36.021192
84567,-95.710845,36.021412
84566,-95.710845,36.021483
84565,-95.710845,36.021555
84568,-95.710675,36.021376
84569,-95.710675,36.021483
84570,-95.710675,36.021519
84571,-95.710675,36.021591
84773,-95.711594,36.023574
84772,-95.711563,36.023574
84564,-95.710853,36.023131
84563,-95.710853,36.023203
84562,-95.710854,36.023274
84572,-95.710683,36.023167
84573,-95.710683,36.023238
84561,-95.710854,36.023346
84574,-95.710684,36.023310
84769,-95.710522,36.023431
84771,-95.710619,36.023569
84770,-95.710571,36.023569
84768,-95.709408,36.023569
84767,-95.709360,36.023569
84575,-95.709336,36.023569
84579,-95.708235,36.021372
84580,-95.708235,36.021372
84581,-95.708235,36.021372
84578,-95.708235,36.021784
85183,-95.707546,36.021221
84583,-95.708065,36.021784
85196,-95.707293,36.021359
84576,-95.708253,36.023416
84577,-95.708242,36.024087
84584,-95.708239,36.024242
84766,-95.708083,36.023581
84765,-95.708219,36.026904
84585,-95.708049,36.026928
84951,-95.704678,36.017221
85180,-95.704667,36.017698
85184,-95.707045,36.021221
85185,-95.705983,36.021221
85186,-95.705943,36.021221
85197,-95.705165,36.022205
85207,-95.706157,36.022345
85206,-95.705539,36.022344
85205,-95.705240,36.022344
85188,-95.704834,36.021221
85189,-95.704236,36.021224
85190,-95.704190,36.021224
85194,-95.704785,36.021359
85195,-95.703921,36.021364
85187,-95.703903,36.021364
85198,-95.703088,36.022202
85204,-95.704678,36.022343
85203,-95.704641,36.022343
85202,-95.703088,36.022340
85064,-95.706367,36.024399
85069,-95.705807,36.024395
85061,-95.705794,36.024533
85063,-95.703243,36.024517
85067,-95.703230,36.024517
85065,-95.703136,36.024379
85066,-95.703134,36.024379
85062,-95.703102,36.024517
85191,-95.702444,36.021227
85199,-95.702395,36.022339
85068,-95.702969,36.024379
85070,-95.702868,36.024378
84434,-95.713289,36.031007
84439,-95.713455,36.031718
84435,-95.713285,36.031718
84436,-95.710932,36.031725
84437,-95.709851,36.031723
84764,-95.708209,36.028600
84763,-95.708217,36.030344
84762,-95.708217,36.030368
84586,-95.708037,36.029031
84587,-95.708047,36.030394
84761,-95.708219,36.030511
84760,-95.708231,36.031467
84759,-95.708232,36.031611
84438,-95.708251,36.031859
84588,-95.708048,36.030490
84589,-95.708061,36.031493
84590,-95.708063,36.031637
85181,-95.703924,36.017441
85182,-95.703806,36.017401
85192,-95.701293,36.021221
85193,-95.701090,36.021359
85201,-95.701474,36.022210
85200,-95.701052,36.022365
84990,-95.695703,36.014617
85123,-95.697445,36.017973
85122,-95.697511,36.018102
85124,-95.697294,36.017993
85121,-95.697078,36.018138
85112,-95.698235,36.019333
85111,-95.698408,36.019600
85089,-95.698255,36.019803
85110,-95.698362,36.020121
85113,-95.697893,36.019198
85114,-95.697716,36.019179
85088,-95.697694,36.019315
85125,-95.696493,36.017946
85120,-95.696509,36.018085
85126,-95.696138,36.017955
85119,-95.696152,36.018091
85118,-95.695858,36.018111
85127,-95.695578,36.017996
85128,-95.694913,36.018059
85115,-95.696557,36.019197
85087,-95.696894,36.019317
85086,-95.696571,36.019333
85117,-95.695024,36.018187
85116,-95.695248,36.018995
85133,-95.695158,36.019147
85132,-95.694931,36.018803
85134,-95.695637,36.019644
85135,-95.695706,36.019947
84988,-95.692046,36.014099
85129,-95.694645,36.018252
85130,-95.694527,36.018308
85131,-95.694487,36.018315
85161,-95.694015,36.020026
85162,-95.693459,36.019733
85009,-95.693417,36.019867
85163,-95.693050,36.019606
85008,-95.692942,36.019719
85167,-95.692647,36.018065
84995,-95.692537,36.017961
84996,-95.692353,36.018101
84997,-95.691817,36.018027
84998,-95.691778,36.018012
85000,-95.691764,36.018158
84999,-95.691576,36.018105
85166,-95.692475,36.018197
85165,-95.692182,36.018624
85001,-95.691958,36.018232
85164,-95.692524,36.019389
85002,-95.692186,36.019275
85007,-95.692047,36.019461
85006,-95.691833,36.019505
85003,-95.691731,36.019383
85005,-95.691628,36.019545
85004,-95.691495,36.019419
85109,-95.698317,36.020441
85090,-95.698149,36.020435
85108,-95.698535,36.021276
85107,-95.698610,36.022002
85093,-95.698373,36.021317
85091,-95.697903,36.020441
85092,-95.697897,36.020579
85080,-95.697204,36.021869
85079,-95.697176,36.022005
85078,-95.697117,36.021857
85094,-95.698443,36.022392
85106,-95.698596,36.022683
85095,-95.698267,36.022932
85105,-95.698352,36.023051
85096,-95.698081,36.023017
85104,-95.698134,36.023149
85103,-95.697922,36.023225
85102,-95.697527,36.023397
85097,-95.697326,36.023338
85101,-95.697344,36.023492
85098,-95.697167,36.023438
85100,-95.697174,36.023619
85099,-95.696961,36.023593
85085,-95.695926,36.020403
85084,-95.695956,36.020662
85083,-95.695936,36.020798
85081,-95.695913,36.021390
85077,-95.696383,36.022130
85139,-95.696113,36.021862
85136,-95.695751,36.020629
85082,-95.695772,36.020970
85137,-95.695602,36.020947
85138,-95.695775,36.021468
85076,-95.696200,36.022563
85140,-95.696044,36.022508
85141,-95.695917,36.022699
85075,-95.695963,36.022907
85074,-95.696642,36.024153
85145,-95.696397,36.023994
85146,-95.696526,36.024255
85144,-95.696271,36.023684
85143,-95.695943,36.023371
85142,-95.695794,36.022922
84965,-95.698750,36.024381
85060,-95.698387,36.024554
85071,-95.698183,36.024483
85072,-95.697933,36.024617
85059,-95.698302,36.024993
85058,-95.698565,36.025353
85057,-95.698723,36.026102
85056,-95.698727,36.026133
85055,-95.698555,36.026112
85054,-95.698411,36.025409
85073,-95.697748,36.024732
85147,-95.697491,36.024888
85053,-95.697003,36.025430
85148,-95.696536,36.025581
85052,-95.696584,36.025717
85051,-95.696437,36.025791
85149,-95.695816,36.025697
85050,-95.695852,36.025847
85150,-95.695330,36.025547
85049,-95.695289,36.025681
85160,-95.694248,36.020528
85010,-95.694085,36.020578
85159,-95.694154,36.021095
85011,-95.693981,36.021124
85158,-95.694112,36.021651
85012,-95.693941,36.021694
85157,-95.694081,36.022122
85013,-95.693580,36.021678
85038,-95.693887,36.022310
85156,-95.693888,36.022778
85039,-95.693707,36.022775
85155,-95.693733,36.023151
85040,-95.693551,36.023292
85154,-95.693778,36.023674
85041,-95.693628,36.023753
85042,-95.693816,36.024147
85015,-95.692581,36.021011
85021,-95.692417,36.021047
85016,-95.692266,36.020735
85017,-95.691845,36.020672
85020,-95.692208,36.020863
85019,-95.691863,36.020808
85014,-95.692622,36.021350
85037,-95.692545,36.022216
85022,-95.691989,36.021982
85027,-95.691961,36.022118
85026,-95.691920,36.022112
85025,-95.691882,36.022107
85018,-95.691509,36.020839
85036,-95.692309,36.022635
85151,-95.694595,36.024575
85152,-95.694555,36.024433
85153,-95.694487,36.024467
85048,-95.694368,36.024904
85047,-95.694154,36.024615
85046,-95.693709,36.024547
85043,-95.693587,36.024433
84840,-95.693043,36.006115
84839,-95.692902,36.006114
84841,-95.692238,36.005972
84838,-95.690843,36.006101
84848,-95.694568,36.008298
84846,-95.692222,36.008292
84847,-95.691092,36.008290
84842,-95.690684,36.005962
84845,-95.690385,36.007003
84849,-95.690385,36.009174
84859,-95.690385,36.009357
84860,-95.690385,36.009522
84851,-95.690161,36.009371
84852,-95.690137,36.009371
84853,-95.690100,36.009371
84850,-95.690199,36.009509
84858,-95.690186,36.009509
84856,-95.690137,36.009509
84857,-95.689643,36.009509
84855,-95.688926,36.009509
84861,-95.690393,36.010660
84862,-95.690223,36.010660
84870,-95.690225,36.011439
84863,-95.688853,36.010586
84864,-95.688755,36.010553
84869,-95.688732,36.010693
84854,-95.688310,36.009367
84865,-95.688578,36.010493
84867,-95.688453,36.010451
84868,-95.688699,36.010681
84866,-95.688400,36.010581
84987,-95.690474,36.012781
84903,-95.690377,36.012746
84871,-95.690225,36.012049
84904,-95.690233,36.012569
84905,-95.690235,36.012732
84906,-95.690406,36.013147
84873,-95.688767,36.012081
84985,-95.690413,36.015225
84949,-95.689875,36.015529
84948,-95.689749,36.015529
84907,-95.689585,36.014978
84908,-95.688806,36.014229
84947,-95.689076,36.015620
84874,-95.687934,36.012365
84875,-95.687934,36.012371
84876,-95.687934,36.012377
84880,-95.687766,36.012371
84879,-95.687766,36.012377
84878,-95.687766,36.012383
84877,-95.687767,36.012389
84881,-95.687529,36.012143
84882,-95.687433,36.012147
84883,-95.687395,36.012149
84884,-95.687288,36.012291
84885,-95.687127,36.012160
84886,-95.687025,36.012164
84911,-95.688215,36.014517
84924,-95.688197,36.014899
84910,-95.687815,36.014814
84909,-95.688255,36.015284
84925,-95.688356,36.015713
84946,-95.687929,36.016036
84923,-95.687266,36.014715
84912,-95.686872,36.014571
84984,-95.690402,36.016197
84983,-95.690386,36.017178
84945,-95.688828,36.016615
84900,-95.683199,36.010909
84901,-95.682892,36.010794
84902,-95.682892,36.010794
84899,-95.682860,36.010895
84897,-95.682690,36.010895
84898,-95.682690,36.010895
84896,-95.682821,36.011719
84895,-95.682651,36.011694
84944,-95.688317,36.016691
84943,-95.687847,36.016253
84926,-95.687504,36.016575
84927,-95.686910,36.016566
84942,-95.687045,36.016706
84913,-95.685526,36.014566
84914,-95.684892,36.014562
84939,-95.685536,36.015782
84932,-95.684994,36.015611
84934,-95.684938,36.015795
84935,-95.684935,36.015817
84936,-95.684934,36.015824
84938,-95.684769,36.015786
84937,-95.684767,36.015801
84892,-95.683629,36.012374
84890,-95.683635,36.012531
84891,-95.683644,36.012799
84887,-95.683461,36.012387
84888,-95.683477,36.012813
84889,-95.683477,36.012831
84893,-95.682654,36.012042
84915,-95.684275,36.014581
84933,-95.684514,36.015611
84916,-95.682866,36.014534
84928,-95.686159,36.016494
84941,-95.685943,36.016550
88778,-95.684240,36.016631
88779,-95.684232,36.016632
88780,-95.684225,36.016632
88777,-95.684195,36.016497
88776,-95.684175,36.016499
88775,-95.684166,36.016499
88774,-95.684158,36.016500
88773,-95.684145,36.016501
88772,-95.684135,36.016501
88771,-95.684127,36.016502
88770,-95.684118,36.016502
88769,-95.684111,36.016503
88781,-95.684216,36.016633
88782,-95.684207,36.016633
88783,-95.684202,36.016634
88784,-95.684192,36.016634
88785,-95.684187,36.016635
88786,-95.684176,36.016635
88787,-95.684168,36.016636
88788,-95.684156,36.016637
88789,-95.684147,36.016637
88790,-95.684137,36.016638
88791,-95.684126,36.016638
84917,-95.682525,36.014160
84894,-95.682336,36.014882
84922,-95.682489,36.015377
84921,-95.682487,36.015558
84918,-95.682317,36.015576
84920,-95.682479,36.016545
84919,-95.682476,36.017004
85023,-95.691568,36.021940
85024,-95.691140,36.021928
85035,-95.692221,36.022980
85034,-95.691974,36.023292
85033,-95.691838,36.023314
85028,-95.691630,36.023135
85031,-95.691595,36.023274
85029,-95.691451,36.023018
85030,-95.691369,36.023144
85032,-95.691712,36.023308
85045,-95.693315,36.024564
85044,-95.693218,36.024409
78205,-95.707671,35.988367
78190,-95.708277,35.990085
78227,-95.708103,35.991256
78228,-95.708099,35.992303
78229,-95.708099,35.992320
78230,-95.708099,35.992356
78231,-95.708099,35.992409
78232,-95.708097,35.993030
78234,-95.708095,35.994945
78233,-95.708095,35.994969
78235,-95.708095,35.994993
78236,-95.708095,35.995017
78237,-95.708095,35.995017
78238,-95.708038,35.995031
78250,-95.708038,35.995169
78204,-95.704567,35.988360
78192,-95.704081,35.988221
78193,-95.704081,35.988221
78194,-95.704081,35.988221
78196,-95.704081,35.988221
78195,-95.704081,35.988359
78197,-95.704081,35.988359
78198,-95.704081,35.988359
78199,-95.704081,35.988359
78200,-95.704081,35.988359
78201,-95.704081,35.988359
78202,-95.704081,35.988359
78203,-95.704081,35.988359
78239,-95.707016,35.995030
78240,-95.706996,35.995030
78241,-95.706976,35.995030
78249,-95.706996,35.995168
78248,-95.706956,35.995168
78242,-95.705934,35.995027
78247,-95.705934,35.995165
78243,-95.704992,35.995023
78246,-95.704992,35.995161
78244,-95.704531,35.995022
78245,-95.704531,35.995160
78252,-95.708245,35.998578
78251,-95.708075,35.998578
78288,-95.708248,36.000736
78287,-95.708245,36.001257
78253,-95.708021,35.999834
78256,-95.707909,35.999836
78254,-95.708025,35.999972
78255,-95.707913,35.999974
78283,-95.707999,36.001272
78285,-95.708043,36.001410
78284,-95.708001,36.001410
78281,-95.707621,36.001277
78280,-95.707579,36.001278
78278,-95.707537,36.001278
78276,-95.707203,36.001279
78274,-95.707161,36.001279
78282,-95.707623,36.001415
78279,-95.707581,36.001416
78277,-95.707539,36.001416
78275,-95.707201,36.001417
78273,-95.707159,36.001417
78258,-95.706898,35.999847
78257,-95.706896,35.999985
78260,-95.706785,35.999846
78259,-95.706783,35.999984
78262,-95.706672,35.999844
78261,-95.706670,35.999982
78263,-95.705771,35.999834
78264,-95.705769,35.999972
78265,-95.705658,35.999833
78266,-95.705656,35.999971
78300,-95.705492,36.001266
78299,-95.705104,36.001401
78267,-95.704525,35.999764
78268,-95.704525,35.999785
78269,-95.704525,36.000831
78270,-95.704525,36.000961
78271,-95.704525,36.001091
78272,-95.704525,36.001221
78307,-95.703275,36.000150
78306,-95.702667,36.000147
78308,-95.702603,36.000008
78305,-95.702596,36.000146
78309,-95.701974,36.000001
78310,-95.701935,36.000001
78304,-95.701780,36.000137
78311,-95.701280,35.999994
78303,-95.700893,36.000128
78312,-95.700625,35.999987
78313,-95.699699,36.000460
78302,-95.699882,36.001045
78314,-95.699712,36.001020
78301,-95.699879,36.001298
78315,-95.699705,36.001733
78298,-95.699875,36.001934
78316,-95.699705,36.001934
78348,-95.698257,35.992623
78347,-95.698257,35.993379
78344,-95.698255,35.993594
78346,-95.698086,35.993484
78345,-95.698085,35.993592
78349,-95.697251,35.992426
78350,-95.696957,35.992424
78342,-95.698263,35.994553
78343,-95.698087,35.994454
78341,-95.698095,35.994561
78340,-95.698273,35.994660
78405,-95.697410,35.994713
78403,-95.697504,35.994852
78406,-95.696971,35.995316
78351,-95.696642,35.992422
78353,-95.696424,35.992421
78355,-95.696413,35.992421
78354,-95.696402,35.992421
78356,-95.696392,35.992421
78352,-95.696236,35.992718
78358,-95.696148,35.993078
78357,-95.696072,35.992684
78359,-95.695982,35.993056
78360,-95.696053,35.993556
78361,-95.695900,35.993469
78362,-95.696031,35.993985
78363,-95.695863,35.993983
78364,-95.695855,35.994379
78365,-95.695543,35.994974
78367,-95.695659,35.995252
78366,-95.695495,35.995343
78339,-95.698613,35.995938
78338,-95.698614,35.996097
78404,-95.698444,35.996099
78337,-95.698612,35.996258
78336,-95.698442,35.996256
78334,-95.698593,35.997527
78332,-95.698591,35.997686
78335,-95.698424,35.997493
78333,-95.698421,35.997684
78402,-95.697137,35.995979
78407,-95.696966,35.996014
78401,-95.697130,35.996644
78408,-95.696960,35.996642
78400,-95.697122,35.997168
78399,-95.697113,35.997692
78331,-95.698589,35.997844
78329,-95.698588,35.997908
78327,-95.698587,35.997940
78330,-95.698419,35.997842
78328,-95.698404,35.999112
78326,-95.698401,35.999429
78409,-95.696943,35.997725
78398,-95.697105,35.998216
78410,-95.696934,35.998354
78397,-95.697103,35.998913
78411,-95.696932,35.998983
78396,-95.697101,35.999437
78412,-95.696931,35.999472
78369,-95.695681,35.995823
78368,-95.695513,35.995856
78370,-95.695677,35.996254
78371,-95.695509,35.996223
78372,-95.695499,35.996680
78375,-95.695491,35.997051
78373,-95.695654,35.997281
78374,-95.695651,35.997424
78377,-95.695648,35.997566
78376,-95.695481,35.997536
78379,-95.695640,35.997966
78378,-95.695472,35.997964
78381,-95.695634,35.998364
78380,-95.695463,35.998450
78383,-95.695631,35.998821
78382,-95.695461,35.998849
78385,-95.695629,35.999278
78384,-95.695459,35.999306
78325,-95.698395,36.000223
78323,-95.698568,36.001017
78324,-95.698398,36.000858
78322,-95.698398,36.001017
78413,-95.696929,35.999996
78395,-95.697098,36.000485
78414,-95.696928,36.000520
78623,-95.715905,35.999822
78622,-95.716087,36.001693
78621,-95.716088,36.001898
78620,-95.716089,36.002102
78619,-95.716091,36.002307
78618,-95.716092,36.002512
78624,-95.715110,36.002731
78625,-95.714393,36.002731
78627,-95.712768,36.002731
78628,-95.712686,36.002731
78626,-95.712355,36.002731
78629,-95.711144,36.002728
78630,-95.710813,36.002726
78591,-95.710402,36.002861
78588,-95.710022,36.003819
78590,-95.708913,36.002714
78286,-95.708235,36.002670
78587,-95.708729,36.003798
78289,-95.708002,36.002709
78290,-95.707890,36.002709
78589,-95.708227,36.004728
78460,-95.708235,36.008731
78291,-95.706876,36.002706
78292,-95.706763,36.002706
78293,-95.706651,36.002706
78294,-95.705749,36.002703
78295,-95.705637,36.002703
78296,-95.704506,36.002659
78297,-95.701402,36.002687
81497,-95.699875,36.002650
81496,-95.699875,36.002651
81495,-95.699875,36.002659
81494,-95.699875,36.002665
78459,-95.699688,36.002819
78317,-95.699682,36.002819
78431,-95.699070,36.002819
78387,-95.695626,35.999734
78386,-95.695456,35.999734
78394,-95.697096,36.001183
78415,-95.696925,36.001288
78416,-95.696914,36.001667
78321,-95.698573,36.002287
78320,-95.698574,36.002445
78318,-95.698574,36.002572
78319,-95.698404,36.002445
78418,-95.698861,36.002819
78433,-95.698058,36.002819
78458,-95.698018,36.003507
78457,-95.698019,36.003699
78432,-95.697795,36.002819
78434,-95.697847,36.003185
78435,-95.697849,36.003699
78388,-95.695624,36.000105
78389,-95.695454,36.000191
78390,-95.695451,36.000647
78392,-95.695620,36.000790
78391,-95.696765,36.001990
78417,-95.696737,36.001999
78393,-95.696782,36.002133
78444,-95.696436,36.002669
78419,-95.695075,36.002681
78430,-95.695349,36.002819
78420,-95.694292,36.002680
78429,-95.693999,36.002817
78421,-95.693628,36.002678
78422,-95.693510,36.002678
78424,-95.693119,36.002677
78423,-95.693139,36.002815
78428,-95.693412,36.002816
78425,-95.692337,36.002675
78427,-95.692161,36.002675
78426,-95.692141,36.002675
78455,-95.698580,36.004551
78454,-95.698634,36.004762
78453,-95.698633,36.004812
78452,-95.698633,36.004863
78446,-95.698443,36.004628
78447,-95.698463,36.004826
78456,-95.698023,36.004246
78445,-95.698263,36.004544
78451,-95.698632,36.004950
78448,-95.698463,36.004876
78449,-95.698462,36.004954
78450,-95.698462,36.005035
78436,-95.697852,36.004149
78437,-95.697762,36.004465
78442,-95.697294,36.004692
78443,-95.697294,36.004692
78441,-95.697293,36.004786
78438,-95.697124,36.004692
78439,-95.697124,36.004692
78440,-95.697123,36.004802
85171,-95.698625,36.006256
84844,-95.690385,36.002822
84843,-95.690385,36.003013
78614,-95.722347,36.002773
78615,-95.722236,36.002772
78595,-95.720506,36.002889
78616,-95.718469,36.002735
78617,-95.717410,36.002731
78594,-95.718245,36.002872
78593,-95.718182,36.002871
78592,-95.718119,36.002871
78223,-95.716950,35.988252
78222,-95.716101,35.988251
78224,-95.715685,35.988249
78225,-95.715332,35.988248
78226,-95.714237,35.988245
78207,-95.712399,35.988241
82003,-95.757756,35.973833
81948,-95.756607,35.973669
82014,-95.759307,35.977738
82016,-95.759334,35.977876
82015,-95.759291,35.977876
81949,-95.755841,35.973657
81975,-95.756249,35.974685
81983,-95.755148,35.974100
81972,-95.754992,35.973800
81950,-95.754865,35.973789
81951,-95.754809,35.973789
81958,-95.754972,35.974294
81959,-95.754965,35.974605
81960,-95.754963,35.974683
81961,-95.754961,35.974762
81953,-95.752634,35.971655
81998,-95.756236,35.975218
81999,-95.756236,35.975218
82001,-95.756236,35.975218
81973,-95.756068,35.975216
81974,-95.756068,35.975216
81976,-95.756068,35.975216
81977,-95.756068,35.975216
82000,-95.756068,35.975216
82002,-95.756068,35.975216
81971,-95.754965,35.975294
81970,-95.754646,35.975586
81993,-95.756134,35.979132
81994,-95.756134,35.979132
81995,-95.756134,35.979132
81996,-95.756134,35.979132
81997,-95.756134,35.979132
81978,-95.755966,35.979132
81979,-95.755966,35.979132
81980,-95.755966,35.979132
81981,-95.755966,35.979132
81982,-95.755966,35.979132
81962,-95.754084,35.975441
81963,-95.754061,35.975441
81968,-95.754007,35.976378
81969,-95.754007,35.976397
81964,-95.753839,35.976378
81967,-95.754009,35.976874
81966,-95.754010,35.977199
81965,-95.753841,35.976874
81952,-95.752062,35.972804
81957,-95.751240,35.973759
81992,-95.756252,35.979519
81991,-95.756235,35.979716
81984,-95.756066,35.979752
81990,-95.756234,35.980052
81989,-95.756234,35.980120
81988,-95.755873,35.981775
81987,-95.756104,35.982292
81986,-95.756048,35.982394
81985,-95.755963,35.982494
81896,-95.756301,35.965522
81927,-95.758456,35.970955
81936,-95.760128,35.971965
81935,-95.760108,35.971965
81934,-95.759474,35.972094
81933,-95.759454,35.972093
81923,-95.759250,35.972090
81926,-95.758454,35.971155
81924,-95.758471,35.971636
81925,-95.758480,35.971877
81943,-95.760226,35.973737
81944,-95.760195,35.973737
82006,-95.760204,35.973875
82005,-95.760166,35.973875
81945,-95.760125,35.973738
81946,-95.760047,35.973738
82004,-95.760034,35.973876
81947,-95.759700,35.973738
81928,-95.758295,35.971409
81929,-95.758312,35.971891
81932,-95.758298,35.972079
81931,-95.758292,35.972079
81930,-95.758287,35.972079
81891,-95.756209,35.965406
81893,-95.756209,35.965406
81895,-95.756209,35.965406
81897,-95.756209,35.965406
81898,-95.756163,35.965429
81899,-95.756118,35.965453
81900,-95.756073,35.965476
81901,-95.756039,35.965493
81894,-95.754697,35.965734
81892,-95.753948,35.964608
81955,-95.752492,35.968882
81954,-95.752653,35.969137
81956,-95.752472,35.969637
81908,-95.756355,35.961165
81886,-95.755350,35.959329
81909,-95.756247,35.961059
81910,-95.755609,35.962084
81903,-95.755584,35.962297
81907,-95.755565,35.962290
81911,-95.755465,35.962180
81887,-95.753877,35.960238
81888,-95.753273,35.961789
81905,-95.756265,35.962892
81904,-95.756123,35.962968
81906,-95.756123,35.962968
81902,-95.754532,35.963207
81912,-95.754490,35.963073
81914,-95.753820,35.963125
81915,-95.753761,35.963097
81913,-95.753857,35.963138
81889,-95.753825,35.963272
81890,-95.753847,35.963296
81916,-95.753702,35.963069
81876,-95.751319,35.959139
81885,-95.750807,35.959271
81884,-95.749359,35.959255
81874,-95.746751,35.959087
81879,-95.745935,35.959217
81875,-95.744891,35.959074
81877,-95.744481,35.959073
81882,-95.743578,35.959067
78153,-95.725966,35.982982
78149,-95.726134,35.984702
78152,-95.726134,35.984907
78151,-95.726134,35.984915
78147,-95.726135,35.985147
78148,-95.726135,35.985326
78146,-95.726137,35.986003
78208,-95.720499,35.988257
78173,-95.710306,35.973661
78174,-95.709820,35.973663
78175,-95.709754,35.973663
78177,-95.708319,35.975213
78176,-95.708319,35.975406
78180,-95.708317,35.976102
78178,-95.708151,35.975252
78179,-95.708151,35.975445
78181,-95.708149,35.976179
78182,-95.708312,35.978189
78184,-95.708307,35.980546
78186,-95.708306,35.980933
78185,-95.708139,35.980546
78183,-95.708305,35.981513
78189,-95.709732,35.986265
78187,-95.708300,35.983368
78188,-95.708126,35.986267
78191,-95.709467,35.988233
78206,-95.708098,35.988368
78169,-95.715099,35.973639
78171,-95.713597,35.973646
78170,-95.713398,35.973647
78172,-95.712184,35.973652
78163,-95.722608,35.973606
78164,-95.721813,35.973747
78156,-95.726174,35.973742
78158,-95.726174,35.973742
78159,-95.726174,35.973742
78160,-95.726006,35.973742
78165,-95.726006,35.973742
78166,-95.725722,35.973730
78162,-95.724552,35.973597
78161,-95.724552,35.973735
78155,-95.726006,35.975376
78154,-95.726006,35.975502
78167,-95.718478,35.973624
78168,-95.718103,35.973764
81840,-95.751833,35.915575
81837,-95.750564,35.916401
81841,-95.750396,35.917206
81836,-95.750564,35.918470
81842,-95.750396,35.918470
81832,-95.750564,35.919245
81835,-95.750564,35.919734
81834,-95.750564,35.919820
81833,-95.750564,35.919906
81844,-95.750396,35.920596
81845,-95.750396,35.920682
81831,-95.750565,35.921314
81843,-95.750396,35.921084
81846,-95.750397,35.921285
81830,-95.750571,35.922607
81828,-95.750572,35.922808
81829,-95.750573,35.922836
81847,-95.750404,35.922779
81848,-95.750410,35.923957
81827,-95.750579,35.924187
81849,-95.750411,35.924043
81826,-95.750581,35.924589
81852,-95.750415,35.925135
81850,-95.750413,35.925479
81851,-95.750412,35.925652
81839,-95.747737,35.915556
81838,-95.744175,35.915717
81853,-95.750407,35.926657
81825,-95.750575,35.926830
81824,-95.750574,35.927002
81823,-95.750571,35.927490
81855,-95.750401,35.928008
81822,-95.750566,35.928525
81854,-95.750399,35.928352
81856,-95.750396,35.929013
81821,-95.750578,35.929788
81819,-95.750578,35.929817
81820,-95.750580,35.929903
81857,-95.750413,35.929962
81858,-95.743911,35.930050
81859,-95.743911,35.930050
81860,-95.743911,35.930050
81861,-95.743911,35.930050
81862,-95.743911,35.930050
81863,-95.743911,35.930050
81864,-95.746426,35.930181
81872,-95.751944,35.944641
81871,-95.759287,35.944650
