75654,-95.814482,36.097839
75655,-95.814410,36.097806
75656,-95.814374,36.097790
75657,-95.814303,36.097770
75658,-95.814262,36.097767
75659,-95.814220,36.097764
75660,-95.814153,36.097764
75653,-95.814400,36.097959
75652,-95.814364,36.097942
75651,-95.814328,36.097926
75648,-95.814758,36.099127
75649,-95.814725,36.099108
75650,-95.814267,36.098663
75647,-95.814555,36.099108
75600,-95.814645,36.099363
75599,-95.814624,36.099389
75598,-95.814580,36.099441
75597,-95.814559,36.099466
75596,-95.813780,36.099855
75595,-95.813758,36.099870
75594,-95.813736,36.099886
75711,-95.813019,36.095841
75710,-95.812730,36.095992
75709,-95.812441,36.096144
75696,-95.812430,36.096174
75695,-95.812561,36.096395
75697,-95.812349,36.096028
75688,-95.812278,36.096234
75694,-95.812532,36.096609
75693,-95.812529,36.096612
75692,-95.812526,36.096615
75689,-95.812402,36.096522
75690,-95.812399,36.096524
75691,-95.812396,36.096527
75698,-95.811621,36.096016
75699,-95.811595,36.096004
75414,-95.811225,36.095337
75415,-95.811189,36.095366
75416,-95.811154,36.095395
75417,-95.811118,36.095424
75418,-95.811082,36.095453
75700,-95.811570,36.095992
75704,-95.811238,36.095522
75703,-95.811202,36.095551
75702,-95.811166,36.095580
75701,-95.811131,36.095610
75419,-95.811046,36.095482
75433,-95.810790,36.095486
75420,-95.811011,36.095512
75435,-95.811014,36.095733
75434,-95.811006,36.095726
75687,-95.811076,36.096454
75686,-95.811060,36.096468
75685,-95.811059,36.096505
75684,-95.811060,36.096506
75436,-95.810798,36.096470
75681,-95.810923,36.096585
75682,-95.810923,36.096585
75683,-95.810924,36.096586
75680,-95.809858,36.096959
75679,-95.809815,36.096984
75678,-95.809772,36.097009
75677,-95.809655,36.097106
75676,-95.809638,36.097127
75673,-95.809702,36.097914
75672,-95.809774,36.097926
75674,-95.809631,36.097902
75675,-95.809579,36.097891
75551,-95.809649,36.098045
75550,-95.809607,36.098038
75661,-95.812787,36.098247
75662,-95.812748,36.098244
75663,-95.812710,36.098242
75664,-95.812671,36.098239
75665,-95.812632,36.098237
75630,-95.812965,36.099145
75631,-95.812908,36.099135
75629,-95.812969,36.099286
75628,-95.812885,36.099271
75632,-95.812851,36.099125
75633,-95.812794,36.099115
75634,-95.812737,36.099105
75627,-95.812773,36.099251
75635,-95.812680,36.099095
75636,-95.812624,36.099085
75626,-95.812661,36.099232
75601,-95.812713,36.099934
75602,-95.812687,36.099928
75603,-95.812661,36.099922
75604,-95.812610,36.099909
75646,-95.812180,36.098343
75645,-95.812109,36.098339
75666,-95.811844,36.098214
75644,-95.812050,36.098342
75643,-95.811979,36.098346
75642,-95.811908,36.098350
75667,-95.811651,36.098205
75641,-95.811837,36.098354
75640,-95.811801,36.098379
75639,-95.811797,36.098404
75555,-95.811633,36.098363
75556,-95.811629,36.098388
75638,-95.811772,36.099014
75637,-95.812567,36.099075
75625,-95.812605,36.099222
75624,-95.812548,36.099212
75592,-95.812344,36.100017
75591,-95.812298,36.100015
75590,-95.812252,36.100012
75605,-95.812140,36.099868
75589,-95.812206,36.100009
75623,-95.811851,36.099155
75622,-95.811794,36.099153
75621,-95.811736,36.099151
75588,-95.812092,36.100018
75587,-95.812086,36.100060
75606,-95.811933,36.099848
75607,-95.811878,36.099840
75581,-95.811913,36.100088
75608,-95.811823,36.099833
75609,-95.811768,36.099825
75610,-95.811714,36.099818
75611,-95.811659,36.099810
75593,-95.813337,36.100284
75586,-95.812081,36.100102
75585,-95.812075,36.100144
75584,-95.812079,36.100168
75582,-95.811907,36.100130
75583,-95.811911,36.100190
75668,-95.811579,36.098191
75669,-95.811507,36.098178
75670,-95.811436,36.098164
75671,-95.811364,36.098151
75557,-95.811318,36.098954
75558,-95.811249,36.098949
75559,-95.811180,36.098943
75560,-95.811094,36.098946
75554,-95.810670,36.098190
75553,-95.810628,36.098185
75552,-95.810585,36.098180
75561,-95.811025,36.098952
75562,-95.810957,36.098958
75563,-95.810922,36.098961
75564,-95.810864,36.098977
75565,-95.810801,36.099000
75620,-95.811488,36.099121
75619,-95.811421,36.099104
75618,-95.811369,36.099095
75617,-95.811141,36.099079
75612,-95.811541,36.099799
75580,-95.811309,36.099957
75579,-95.811277,36.099970
75578,-95.811245,36.099984
75577,-95.811213,36.099997
75576,-95.811181,36.100011
75575,-95.811161,36.100020
75574,-95.811132,36.100037
75616,-95.811071,36.099085
75615,-95.811001,36.099092
75614,-95.810958,36.099095
75613,-95.810546,36.100106
75568,-95.810049,36.100280
75573,-95.810207,36.100368
75572,-95.810202,36.100404
75567,-95.810018,36.100171
75566,-95.809964,36.100135
75569,-95.810044,36.100317
75570,-95.810039,36.100354
75571,-95.810034,36.100390
75437,-95.809536,36.096847
75475,-95.809496,36.097053
75476,-95.809479,36.097074
75477,-95.808428,36.097604
75510,-95.808376,36.097734
75478,-95.807710,36.097412
75509,-95.807765,36.097570
75508,-95.807738,36.097563
75507,-95.807711,36.097556
75549,-95.809471,36.098077
75511,-95.809303,36.098087
75548,-95.809526,36.098642
75515,-95.809312,36.098684
75547,-95.809519,36.098832
75514,-95.809270,36.098692
75513,-95.809228,36.098700
75512,-95.809186,36.098708
75546,-95.809140,36.099317
75545,-95.809126,36.099339
75544,-95.809112,36.099360
75529,-95.808962,36.099296
75530,-95.808934,36.099339
75531,-95.808920,36.099360
75543,-95.809006,36.099856
75542,-95.809010,36.099880
75541,-95.809014,36.099905
75540,-95.809018,36.099929
75532,-95.808845,36.099916
75533,-95.808849,36.099940
75534,-95.808853,36.099964
75528,-95.808257,36.098774
75527,-95.808240,36.098798
75517,-95.808236,36.098804
75516,-95.808119,36.098638
75518,-95.808218,36.098828
75526,-95.808017,36.099364
75519,-95.808016,36.099371
75525,-95.808015,36.099392
75520,-95.808014,36.099399
75524,-95.808015,36.099414
75521,-95.808015,36.099421
75523,-95.808015,36.099442
75522,-95.808022,36.100069
75539,-95.809101,36.100465
75538,-95.809104,36.100489
75537,-95.809107,36.100514
75536,-95.809110,36.100538
75535,-95.808934,36.100488
75491,-95.809035,36.101157
75490,-95.809016,36.101146
75489,-95.808998,36.101135
75488,-95.808979,36.101124
75505,-95.806973,36.097608
75493,-95.808898,36.101245
75492,-95.808916,36.101256
75487,-95.807887,36.100833
75485,-95.807809,36.100788
75486,-95.807848,36.100810
75494,-95.807750,36.100922
75497,-95.807633,36.100855
75495,-95.807711,36.100900
75496,-95.807672,36.100877
75504,-95.806970,36.098141
75503,-95.806970,36.098166
75480,-95.806800,36.098141
75502,-95.806967,36.098771
75501,-95.806965,36.099482
75500,-95.806965,36.099508
75499,-95.806965,36.099534
75498,-95.806965,36.099561
75481,-95.806795,36.099534
75482,-95.806795,36.099587
75484,-95.807065,36.100311
75483,-95.807063,36.100315
75221,-95.811045,36.091816
75220,-95.811056,36.091824
75222,-95.811010,36.091789
75223,-95.810708,36.091745
75224,-95.810693,36.091748
75225,-95.810678,36.091751
75216,-95.811381,36.092147
75226,-95.811119,36.092122
75227,-95.811098,36.092131
75215,-95.811195,36.092244
75214,-95.811176,36.092253
75213,-95.811156,36.092263
75212,-95.811137,36.092272
75211,-95.811118,36.092281
75228,-95.810272,36.092415
75229,-95.810168,36.092354
75230,-95.810064,36.092293
75210,-95.810429,36.092697
75209,-95.810279,36.092588
75208,-95.810153,36.092514
75231,-95.809959,36.092232
75232,-95.809858,36.092170
75206,-95.809903,36.092368
75233,-95.809756,36.092108
75235,-95.809550,36.091982
75234,-95.809653,36.092045
75205,-95.809654,36.092218
75207,-95.810028,36.092441
75250,-95.810201,36.093257
75405,-95.810301,36.093377
75404,-95.810264,36.093420
75251,-95.810165,36.093298
75252,-95.810129,36.093339
75253,-95.810102,36.093363
75254,-95.810055,36.093395
75403,-95.810206,36.093471
75402,-95.810157,36.093505
75255,-95.810008,36.093428
75200,-95.809038,36.091842
75199,-95.808791,36.091691
75236,-95.809448,36.091920
75204,-95.809530,36.092142
75202,-95.809284,36.091992
75203,-95.809407,36.092067
75201,-95.809161,36.091917
75261,-95.808890,36.093373
75260,-95.808871,36.093403
75259,-95.808852,36.093434
75262,-95.808738,36.093313
75263,-95.808719,36.093343
75264,-95.808700,36.093374
75265,-95.808681,36.093405
75266,-95.808663,36.093436
75258,-95.808833,36.093465
75257,-95.808815,36.093496
75256,-95.808796,36.093526
75267,-95.808644,36.093466
75268,-95.808625,36.093497
75275,-95.807760,36.093513
75274,-95.807754,36.093533
75273,-95.807748,36.093552
75272,-95.807742,36.093571
75271,-95.807735,36.093591
75270,-95.807729,36.093610
75269,-95.807723,36.093629
75338,-95.807596,36.093479
75339,-95.807590,36.093499
75340,-95.807578,36.093537
75341,-95.807571,36.093557
75276,-95.806808,36.092441
75277,-95.806731,36.092434
75278,-95.806633,36.092437
75345,-95.806615,36.093568
75344,-95.806613,36.093580
75343,-95.806613,36.093582
75342,-95.806613,36.093583
75347,-95.806445,36.093560
75348,-95.806445,36.093562
75349,-95.806445,36.093563
75346,-95.806445,36.093568
75368,-95.805610,36.093659
75369,-95.805607,36.093649
75714,-95.813506,36.095655
75406,-95.813447,36.095526
75713,-95.813414,36.095678
75407,-95.813359,36.095548
75408,-95.813315,36.095559
75712,-95.813322,36.095702
75409,-95.812364,36.095041
75410,-95.812288,36.095027
75411,-95.812238,36.095022
75708,-95.812268,36.095163
75412,-95.812187,36.095017
75413,-95.812137,36.095012
75707,-95.812218,36.095158
75706,-95.812167,36.095153
75705,-95.812117,36.095148
75425,-95.810567,36.094934
75432,-95.810621,36.095306
75424,-95.810552,36.094952
75423,-95.810536,36.094969
75426,-95.810429,36.094854
75427,-95.810414,36.094872
75428,-95.810398,36.094889
75429,-95.810383,36.094906
75430,-95.810367,36.094924
75422,-95.810521,36.094986
75421,-95.810505,36.095004
75431,-95.810391,36.095145
75401,-95.809122,36.094373
75400,-95.809119,36.094377
75399,-95.809116,36.094382
75398,-95.809113,36.094387
75397,-95.809110,36.094392
75395,-95.808965,36.094319
75396,-95.808962,36.094324
75474,-95.808960,36.094614
75473,-95.808956,36.094619
75472,-95.808812,36.094548
75394,-95.808064,36.094229
75393,-95.807902,36.094198
75392,-95.807739,36.094167
75391,-95.807571,36.094140
75390,-95.807566,36.094170
75389,-95.807561,36.094201
75388,-95.807556,36.094232
75438,-95.807988,36.096446
75439,-95.807948,36.096451
75440,-95.807908,36.096456
75357,-95.807403,36.094122
75358,-95.807398,36.094152
75359,-95.807388,36.094214
75356,-95.806545,36.094066
75355,-95.806542,36.094074
75354,-95.806539,36.094082
75353,-95.806537,36.094090
75387,-95.806649,36.095425
75386,-95.806567,36.095424
75385,-95.806505,36.095417
75350,-95.806381,36.094032
75351,-95.806378,36.094040
75352,-95.806375,36.094048
75360,-95.806330,36.095223
75361,-95.806278,36.095196
75362,-95.806225,36.095168
75384,-95.806443,36.095410
75383,-95.806360,36.095388
75381,-95.806238,36.095339
75382,-95.806303,36.095367
75363,-95.806173,36.095141
75380,-95.806186,36.095312
75379,-95.806133,36.095284
75378,-95.806081,36.095257
75441,-95.807074,36.096567
75442,-95.807035,36.096573
75443,-95.806995,36.096578
75444,-95.806955,36.096583
75445,-95.806916,36.096589
75471,-95.806740,36.096748
75446,-95.806718,36.096612
75447,-95.806718,36.096612
75448,-95.806718,36.096612
75449,-95.806718,36.096612
75506,-95.807134,36.097492
75479,-95.806803,36.097584
75450,-95.805926,36.096699
75364,-95.805336,36.094341
58447,-95.811235,36.088422
58448,-95.811185,36.088381
58449,-95.811142,36.088358
58450,-95.811099,36.088336
58445,-95.811093,36.088497
58446,-95.811113,36.088516
58451,-95.811056,36.088313
58452,-95.811013,36.088290
58453,-95.810970,36.088268
58442,-95.810964,36.088429
58444,-95.811050,36.088474
58443,-95.811007,36.088452
58441,-95.810921,36.088406
58440,-95.810878,36.088384
58454,-95.810030,36.088002
58455,-95.809980,36.087995
58456,-95.809909,36.087992
58457,-95.809858,36.087995
58458,-95.809807,36.087998
58439,-95.809921,36.088130
58438,-95.809870,36.088133
58437,-95.809819,36.088136
58459,-95.809756,36.088001
58461,-95.809670,36.087975
58460,-95.809705,36.088004
58462,-95.809664,36.087953
58436,-95.809768,36.088139
58435,-95.809717,36.088142
58429,-95.809741,36.088778
58431,-95.809692,36.088759
58432,-95.809667,36.088750
58430,-95.809716,36.088769
58433,-95.809642,36.088741
58434,-95.809618,36.088732
58428,-95.809644,36.088893
58427,-95.809620,36.088883
58426,-95.809595,36.088874
58425,-95.809570,36.088865
58424,-95.809546,36.088856
75247,-95.812193,36.090836
75181,-95.811892,36.090619
75180,-95.812387,36.090897
75179,-95.812403,36.091004
75178,-95.812415,36.091102
75177,-95.812397,36.091314
75248,-95.812235,36.091018
75249,-95.812247,36.091116
75176,-95.812377,36.091410
75175,-95.812339,36.091515
75174,-95.812240,36.091624
75173,-95.812141,36.091680
75218,-95.811933,36.091805
75219,-95.811827,36.091697
75217,-95.811753,36.091921
75182,-95.811414,36.090723
75183,-95.811225,36.090764
75184,-95.811037,36.090806
75185,-95.810943,36.090827
75186,-95.810849,36.090848
75187,-95.810754,36.090869
75246,-95.811284,36.090893
75245,-95.811202,36.090911
75244,-95.811121,36.090929
75243,-95.811039,36.090947
75242,-95.810958,36.090965
75241,-95.810876,36.090983
75240,-95.810794,36.091002
75239,-95.810631,36.091038
58466,-95.809143,36.087283
58463,-95.809357,36.087508
58464,-95.809227,36.087374
58465,-95.809185,36.087328
58401,-95.809007,36.087365
58402,-95.808816,36.087602
58403,-95.808802,36.087606
58404,-95.808787,36.087611
58405,-95.808773,36.087616
58409,-95.808878,36.087730
58408,-95.808864,36.087734
58407,-95.808849,36.087739
58406,-95.808835,36.087744
58410,-95.809504,36.088003
58411,-95.809536,36.088168
58412,-95.809289,36.088613
58413,-95.809283,36.088611
58414,-95.809277,36.088609
58418,-95.809227,36.088741
58417,-95.809221,36.088739
58415,-95.809209,36.088735
58416,-95.809215,36.088737
58423,-95.809363,36.089284
58419,-95.809128,36.089273
58422,-95.809410,36.089591
58420,-95.809078,36.089546
58421,-95.809075,36.089715
77478,-95.807789,36.089270
77477,-95.807808,36.089314
77481,-95.807641,36.089068
77480,-95.807658,36.089098
77479,-95.807675,36.089128
77511,-95.807521,36.089184
77510,-95.807504,36.089154
77487,-95.806474,36.087511
77485,-95.806585,36.087594
77486,-95.806535,36.087556
77488,-95.806419,36.087481
77500,-95.806442,36.087721
77501,-95.806432,36.087728
77499,-95.806325,36.087595
77482,-95.807236,36.088421
77484,-95.807198,36.088363
77483,-95.807217,36.088392
77508,-95.807124,36.088543
77507,-95.807105,36.088514
77505,-95.807048,36.088427
77504,-95.807029,36.088398
77506,-95.807067,36.088456
77503,-95.806556,36.087823
77502,-95.806546,36.087830
77509,-95.807487,36.089124
75238,-95.809409,36.091313
75188,-95.809344,36.091185
75189,-95.809250,36.091206
75190,-95.809156,36.091227
75237,-95.809246,36.091349
75191,-95.809062,36.091249
75192,-95.808968,36.091270
75193,-95.808874,36.091292
75198,-95.808568,36.091558
75194,-95.808476,36.091295
75195,-95.808130,36.091243
75196,-95.808069,36.091239
75197,-95.808485,36.091510
75279,-95.806557,36.092447
75280,-95.806481,36.092457
75281,-95.806405,36.092466
75282,-95.806329,36.092476
75283,-95.806235,36.092497
75337,-95.806301,36.092623
75336,-95.806230,36.092648
75284,-95.806164,36.092522
75285,-95.806093,36.092546
75286,-95.806022,36.092570
75335,-95.806159,36.092672
75334,-95.806088,36.092696
75333,-95.806018,36.092720
75332,-95.805971,36.092743
75287,-95.805952,36.092594
75288,-95.805867,36.092635
75331,-95.805911,36.092782
75289,-95.805807,36.092674
75290,-95.805615,36.092939
75291,-95.805515,36.093151
75330,-95.805624,36.093306
75329,-95.805595,36.093447
75328,-95.805595,36.093452
75370,-95.805442,36.093678
75371,-95.805444,36.093688
77489,-95.805246,36.086914
77490,-95.805163,36.086900
77491,-95.805096,36.086898
77498,-95.805157,36.087038
77492,-95.805028,36.086896
77493,-95.804961,36.086894
77497,-95.804989,36.087033
77496,-95.804955,36.087032
77494,-95.804894,36.086893
77495,-95.804888,36.087031
77518,-95.802489,36.087367
77517,-95.802489,36.087396
77466,-95.802320,36.087488
77516,-95.802494,36.088044
77515,-95.802497,36.088074
77470,-95.802376,36.088425
77514,-95.802883,36.089007
77512,-95.802931,36.089073
77513,-95.802907,36.089040
77476,-95.802889,36.089290
77473,-95.802829,36.089205
77471,-95.802786,36.089144
77472,-95.802808,36.089175
77474,-95.802851,36.089236
77475,-95.802873,36.089266
77467,-95.802337,36.088172
77468,-95.802340,36.088203
77469,-95.802368,36.088391
77427,-95.801473,36.088195
77426,-95.801481,36.088244
77430,-95.801458,36.088098
77429,-95.801463,36.088130
77428,-95.801468,36.088163
77425,-95.801499,36.089066
77424,-95.801498,36.089090
77423,-95.801496,36.089113
77422,-95.801495,36.089137
77421,-95.801494,36.089160
75125,-95.805267,36.090076
75124,-95.805265,36.090098
75123,-95.805263,36.090121
75126,-95.804143,36.091347
75127,-95.804091,36.091366
75128,-95.804039,36.091384
75122,-95.804185,36.091482
75121,-95.804133,36.091501
75133,-95.804107,36.091510
75120,-95.804082,36.091519
75132,-95.804056,36.091528
75134,-95.804014,36.091393
75129,-95.803988,36.091402
75135,-95.803973,36.091407
75130,-95.803946,36.091413
75119,-95.804017,36.091539
75131,-95.803990,36.091545
75118,-95.803973,36.091666
75117,-95.803954,36.091736
75070,-95.803496,36.091061
75136,-95.803805,36.091677
75297,-95.804999,36.093285
75292,-95.805425,36.093442
75305,-95.805425,36.093461
75296,-95.804919,36.093294
75295,-95.804821,36.093308
75301,-95.804901,36.093434
75294,-95.804746,36.093331
75293,-95.804670,36.093353
75302,-95.804842,36.093447
75303,-95.804766,36.093470
75304,-95.804690,36.093492
75061,-95.802800,36.089990
75069,-95.802660,36.090703
75068,-95.802636,36.090711
75065,-95.802576,36.090583
75066,-95.802564,36.090587
75067,-95.802624,36.090715
75073,-95.801359,36.090855
75071,-95.801535,36.091049
75072,-95.801442,36.090950
75171,-95.801399,36.091131
75172,-95.801491,36.091231
75137,-95.802921,36.092332
75116,-95.803042,36.092430
75115,-95.802997,36.092457
75114,-95.802953,36.092483
75138,-95.802876,36.092359
75139,-95.802758,36.092389
75140,-95.802562,36.092305
75113,-95.802780,36.092595
75141,-95.802352,36.092263
75142,-95.802148,36.092233
75145,-95.802118,36.092369
75143,-95.801926,36.092213
75144,-95.801936,36.092351
75112,-95.802345,36.092907
75111,-95.802326,36.092922
75146,-95.802228,36.092809
75147,-95.802209,36.092823
75148,-95.802189,36.092837
75110,-95.802306,36.092936
75109,-95.801914,36.093476
75108,-95.801883,36.093513
75149,-95.801852,36.093271
75152,-95.801770,36.093391
75153,-95.801772,36.093400
75154,-95.801741,36.093437
75107,-95.801852,36.093551
75106,-95.801821,36.093589
75155,-95.801710,36.093475
75156,-95.801679,36.093513
77417,-95.801329,36.089060
77418,-95.801328,36.089084
77419,-95.801326,36.089107
77420,-95.801325,36.089131
75075,-95.801184,36.090620
75074,-95.801284,36.090747
75168,-95.801136,36.090815
75076,-95.801064,36.090542
75077,-95.800900,36.090479
75165,-95.800848,36.090609
75167,-95.801078,36.090728
75166,-95.800958,36.090650
75078,-95.800717,36.090468
75164,-95.800731,36.090604
75163,-95.800614,36.090623
75079,-95.800534,36.090501
75080,-95.800399,36.090560
75162,-95.800367,36.090747
75161,-95.800347,36.090786
75170,-95.801306,36.091032
75169,-95.801211,36.090923
75160,-95.800743,36.091660
75159,-95.800765,36.091699
75094,-95.800611,36.091757
75093,-95.800589,36.091718
75096,-95.800655,36.091833
75095,-95.800633,36.091795
75090,-95.800209,36.090697
75091,-95.800189,36.090736
75092,-95.800165,36.090789
75097,-95.800614,36.092625
75098,-95.800580,36.092657
75150,-95.801037,36.093026
75151,-95.801045,36.093164
75158,-95.799980,36.093421
75157,-95.799989,36.093446
75451,-95.805713,36.096714
75452,-95.805669,36.096716
75453,-95.805625,36.096717
75367,-95.805266,36.094200
75365,-95.805313,36.094294
75366,-95.805289,36.094247
75375,-95.805209,36.094442
75306,-95.805019,36.094133
75373,-95.805133,36.094299
75372,-95.805110,36.094252
75374,-95.805180,36.094393
75377,-95.805263,36.094534
75376,-95.805236,36.094488
75327,-95.804434,36.094722
75326,-95.804436,36.094726
75325,-95.804438,36.094731
75324,-95.804440,36.094735
75300,-95.804151,36.094058
75298,-95.803983,36.094068
75299,-95.803987,36.094115
75307,-95.804333,36.094564
75321,-95.804276,36.094772
75322,-95.804278,36.094776
75323,-95.804280,36.094781
75320,-95.803907,36.094849
75319,-95.803684,36.094849
75454,-95.804673,36.096680
75455,-95.804609,36.096666
75456,-95.804567,36.096657
75470,-95.804597,36.096805
75457,-95.803628,36.096465
75458,-95.803586,36.096457
75459,-95.803543,36.096448
75460,-95.803500,36.096440
75468,-95.803502,36.096582
75467,-95.803418,36.096566
75310,-95.803273,36.094625
75309,-95.803273,36.094627
75308,-95.803274,36.094629
75318,-95.803168,36.094863
75311,-95.803113,36.094669
75312,-95.803113,36.094671
75314,-95.803115,36.094675
75313,-95.803114,36.094673
75317,-95.802717,36.094953
75315,-95.802327,36.094912
75316,-95.802267,36.095072
75461,-95.802002,36.095675
75465,-95.801932,36.095821
75464,-95.801874,36.095765
75463,-95.801813,36.095708
75462,-95.801753,36.095651
75105,-95.800849,36.094315
75104,-95.800845,36.094326
75102,-95.800685,36.094285
75103,-95.800681,36.094296
77431,-95.801290,36.088116
77432,-95.801295,36.088148
77433,-95.801300,36.088181
77434,-95.801305,36.088213
77415,-95.800284,36.088346
77416,-95.800283,36.088352
77414,-95.800283,36.088355
77413,-95.800282,36.088362
75081,-95.799446,36.090500
75082,-95.799374,36.090518
75083,-95.799335,36.090532
75084,-95.799194,36.090547
75085,-95.799057,36.090506
75089,-95.799255,36.090730
75088,-95.799021,36.090788
75087,-95.798986,36.090775
75086,-95.798847,36.090726
77582,-95.805815,36.079062
77581,-95.805815,36.079097
77580,-95.805815,36.079133
77579,-95.805815,36.079239
77578,-95.805815,36.079274
77577,-95.805815,36.079309
77564,-95.805653,36.081305
77563,-95.805485,36.081433
77553,-95.808092,36.083376
77552,-95.808069,36.083360
77554,-95.808116,36.083392
58484,-95.808893,36.083752
58483,-95.808886,36.083781
58482,-95.808879,36.083810
58481,-95.808356,36.084506
58480,-95.808332,36.084531
58479,-95.808308,36.084557
58383,-95.807940,36.084117
58384,-95.807920,36.084115
58385,-95.807899,36.084112
58386,-95.807848,36.084115
58387,-95.807828,36.084119
58388,-95.807808,36.084123
58389,-95.807898,36.084251
58478,-95.808075,36.085215
58477,-95.808075,36.085247
58476,-95.808075,36.085279
58475,-95.808075,36.085311
58474,-95.808075,36.085343
77551,-95.806846,36.082730
77550,-95.806805,36.082745
77549,-95.806772,36.082758
77548,-95.806733,36.082775
77559,-95.805451,36.082110
77557,-95.805653,36.082379
77558,-95.805624,36.082314
77556,-95.805674,36.082434
77547,-95.805887,36.083125
77546,-95.805833,36.083139
77555,-95.805731,36.083017
77545,-95.805789,36.083147
77544,-95.805561,36.083178
77543,-95.805508,36.083183
77583,-95.805036,36.078629
77584,-95.805004,36.078617
77595,-95.804964,36.078753
77594,-95.804901,36.078729
77591,-95.804720,36.079595
77592,-95.804478,36.079380
77585,-95.804117,36.078663
77593,-95.804368,36.079428
77589,-95.804280,36.079595
77587,-95.804058,36.079254
77586,-95.804008,36.079176
77588,-95.804158,36.079410
77576,-95.804822,36.080292
77575,-95.804786,36.080306
77574,-95.804750,36.080320
77573,-95.804700,36.080334
77572,-95.804662,36.080344
77565,-95.805353,36.081347
77562,-95.805371,36.081547
77566,-95.805277,36.081423
77561,-95.805303,36.081624
77567,-95.805130,36.081584
77569,-95.804490,36.081557
77590,-95.804352,36.079760
77598,-95.803513,36.079824
77597,-95.803565,36.079949
77596,-95.803597,36.080071
77571,-95.803792,36.080346
77570,-95.803759,36.080345
77602,-95.803434,36.080137
77239,-95.804295,36.081648
77238,-95.804114,36.081608
77599,-95.803274,36.079545
77600,-95.803188,36.079459
77637,-95.801936,36.079591
77638,-95.801829,36.079479
77639,-95.801788,36.079493
77601,-95.803373,36.079900
77605,-95.802599,36.080335
77604,-95.802600,36.080350
77606,-95.802429,36.080331
77607,-95.802430,36.080346
77608,-95.802430,36.080361
77603,-95.802601,36.080387
77609,-95.802431,36.080391
77237,-95.802703,36.080766
77636,-95.801854,36.079619
77635,-95.801813,36.079633
77611,-95.801590,36.080630
77610,-95.801588,36.080626
77236,-95.802322,36.080803
77235,-95.802031,36.080842
77234,-95.801754,36.080885
77612,-95.801427,36.080671
77613,-95.801434,36.080682
77560,-95.805128,36.081824
77568,-95.804958,36.081749
77259,-95.805087,36.082007
77260,-95.805156,36.082058
77258,-95.804988,36.081983
77256,-95.804856,36.081896
77257,-95.804825,36.081933
77261,-95.804372,36.083071
77262,-95.804317,36.083072
77263,-95.804263,36.083073
77264,-95.804208,36.083074
77542,-95.804384,36.083209
77541,-95.804331,36.083210
77540,-95.804278,36.083211
77539,-95.804225,36.083212
77538,-95.804172,36.083213
77255,-95.803243,36.082368
77254,-95.803174,36.082372
77240,-95.803056,36.082243
77242,-95.802636,36.081724
77243,-95.802507,36.081917
77244,-95.802522,36.081996
77246,-95.802570,36.082162
77245,-95.802540,36.082084
77241,-95.802809,36.082194
77253,-95.802857,36.082368
77252,-95.802795,36.082343
77537,-95.803150,36.083409
77265,-95.803018,36.083314
77536,-95.803106,36.083432
77535,-95.803067,36.083455
77266,-95.802968,36.083343
77267,-95.802924,36.083370
77534,-95.803024,36.083481
77533,-95.802982,36.083507
77268,-95.802880,36.083397
77270,-95.802690,36.083295
77269,-95.802698,36.083300
77271,-95.802683,36.083289
77272,-95.802675,36.083284
77532,-95.802859,36.083606
77531,-95.802838,36.083629
77530,-95.802817,36.083652
77276,-95.802717,36.083497
77277,-95.802700,36.083549
77275,-95.802664,36.083460
77278,-95.802679,36.083572
77279,-95.802658,36.083596
77274,-95.802612,36.083423
77273,-95.802560,36.083386
77251,-95.802253,36.082402
77247,-95.801945,36.082244
77249,-95.801861,36.082362
77250,-95.801874,36.082368
77248,-95.801848,36.082356
77288,-95.801484,36.083377
77290,-95.801452,36.083313
77291,-95.801436,36.083281
77292,-95.801393,36.083229
77289,-95.801468,36.083345
77280,-95.802354,36.084205
77281,-95.802350,36.084233
77282,-95.802346,36.084262
77283,-95.802342,36.084290
77287,-95.801498,36.084093
77286,-95.801497,36.084128
77285,-95.801497,36.084162
77284,-95.801496,36.084197
77452,-95.802334,36.085081
77453,-95.802333,36.085111
77454,-95.802333,36.085142
77455,-95.802332,36.085173
77451,-95.801539,36.085086
77450,-95.801503,36.085087
77640,-95.800848,36.079795
77634,-95.800892,36.079927
77641,-95.800805,36.079804
77642,-95.800762,36.079814
77643,-95.800719,36.079823
77633,-95.800806,36.079946
77233,-95.800924,36.081502
77232,-95.800890,36.081531
77231,-95.800842,36.081565
77230,-95.800802,36.081589
77614,-95.800702,36.081479
77644,-95.799916,36.079844
77645,-95.799871,36.079845
77646,-95.799827,36.079846
77632,-95.800011,36.079980
77631,-95.799922,36.079982
77626,-95.799581,36.080512
77627,-95.799530,36.080479
77625,-95.799487,36.080627
77624,-95.799458,36.080608
77615,-95.799827,36.081545
77220,-95.799710,36.081658
77227,-95.800711,36.081757
77226,-95.800714,36.081790
77225,-95.800716,36.081811
77229,-95.800694,36.081695
77228,-95.800699,36.081715
77222,-95.800528,36.081725
77223,-95.800533,36.081745
77224,-95.800546,36.081796
77323,-95.801246,36.083305
77326,-95.801296,36.083365
77327,-95.801312,36.083397
77324,-95.801277,36.083329
77325,-95.801280,36.083333
77293,-95.800591,36.083066
77294,-95.800564,36.083065
77295,-95.800537,36.083064
77296,-95.800510,36.083063
77297,-95.800484,36.083063
77322,-95.800466,36.083211
77321,-95.800466,36.083238
77320,-95.800467,36.083266
77319,-95.800468,36.083293
77318,-95.800468,36.083321
77221,-95.799740,36.081667
77298,-95.799502,36.083089
77299,-95.799463,36.083093
77300,-95.799424,36.083097
77307,-95.799468,36.083231
77328,-95.801328,36.084091
77329,-95.801327,36.084126
77330,-95.801327,36.084160
77331,-95.801326,36.084195
77449,-95.801290,36.085085
77448,-95.801280,36.085085
77360,-95.800790,36.084978
77361,-95.800781,36.084982
77362,-95.800772,36.084986
77363,-95.800762,36.084990
77529,-95.802495,36.085825
77528,-95.802495,36.085854
77527,-95.802495,36.085884
77526,-95.802494,36.085914
77525,-95.802494,36.085943
77456,-95.802325,36.085852
77457,-95.802325,36.085883
77628,-95.799481,36.080448
77623,-95.799426,36.080587
77629,-95.799401,36.080397
77620,-95.799297,36.080505
77622,-95.799361,36.080546
77621,-95.799329,36.080525
77618,-95.798813,36.081008
77617,-95.798873,36.081094
77616,-95.799062,36.081261
77219,-95.799199,36.081506
77218,-95.798990,36.081398
77217,-95.798891,36.081312
77209,-95.798991,36.081435
77210,-95.798951,36.081478
77211,-95.798872,36.081566
77212,-95.798795,36.081660
77619,-95.798770,36.080832
77208,-95.798571,36.081053
77301,-95.799385,36.083102
77302,-95.799346,36.083106
77303,-95.799308,36.083111
77306,-95.799448,36.083233
77305,-95.799409,36.083238
77304,-95.799332,36.083247
77395,-95.800855,36.085106
77381,-95.800839,36.085110
77383,-95.800827,36.085117
77364,-95.800753,36.084993
77365,-95.800743,36.084997
77366,-95.800707,36.085024
77382,-95.800817,36.085121
77396,-95.800359,36.085410
77397,-95.800347,36.085409
77398,-95.800334,36.085408
77402,-95.800358,36.085546
77401,-95.800345,36.085546
77400,-95.800333,36.085545
77317,-95.799489,36.084098
77316,-95.799451,36.084114
77308,-95.799411,36.083976
77309,-95.799373,36.083992
77310,-95.799335,36.084008
77311,-95.799297,36.084024
77315,-95.799413,36.084130
77314,-95.799375,36.084146
77313,-95.799338,36.084163
77332,-95.799942,36.084840
77333,-95.799904,36.084829
77334,-95.799895,36.084825
77336,-95.799832,36.084786
77335,-95.799863,36.084805
77399,-95.800320,36.085544
77216,-95.798864,36.081825
77215,-95.798845,36.081834
77214,-95.798845,36.081888
77213,-95.798857,36.081975
77337,-95.798392,36.083107
77338,-95.798390,36.083108
77339,-95.798388,36.083108
77343,-95.798453,36.083236
77342,-95.798450,36.083237
77341,-95.798448,36.083238
77340,-95.798446,36.083238
77312,-95.799260,36.084041
77344,-95.798698,36.084313
77345,-95.798529,36.084437
77346,-95.798447,36.084513
77347,-95.798366,36.084589
77393,-95.799204,36.085514
77394,-95.799204,36.085514
77359,-95.798420,36.084749
77358,-95.798389,36.084807
77357,-95.798358,36.084865
77356,-95.798327,36.084923
77348,-95.798272,36.084682
77349,-95.798222,36.084774
77350,-95.798173,36.084867
77351,-95.798063,36.085126
77355,-95.798210,36.085335
77352,-95.798042,36.085353
77353,-95.798081,36.085559
77354,-95.798135,36.085757
77524,-95.802487,36.086567
77523,-95.802487,36.086596
77522,-95.802487,36.086626
77521,-95.802486,36.086656
77520,-95.802489,36.087307
77519,-95.802489,36.087337
77458,-95.802324,36.085914
77459,-95.802324,36.085944
77460,-95.802317,36.086623
77461,-95.802316,36.086654
77462,-95.802316,36.086685
77463,-95.802316,36.086716
77464,-95.802319,36.087396
77465,-95.802320,36.087426
77444,-95.800906,36.085797
77445,-95.800885,36.085797
77446,-95.800865,36.085796
77447,-95.800845,36.085795
77443,-95.800898,36.085935
77442,-95.800877,36.085935
77441,-95.800857,36.085934
77440,-95.800837,36.085933
77435,-95.801092,36.086959
77436,-95.801008,36.086839
77437,-95.800994,36.086846
77438,-95.800980,36.086852
77439,-95.800966,36.086859
77392,-95.799210,36.085853
77391,-95.799217,36.086258
77390,-95.799218,36.086270
77389,-95.799218,36.086282
77388,-95.799219,36.086294
77387,-95.799219,36.086306
77386,-95.799220,36.086319
77384,-95.799048,36.086276
77385,-95.799048,36.086288
77380,-95.798343,36.086106
77379,-95.798322,36.086120
77403,-95.798730,36.086563
77404,-95.798714,36.086562
77405,-95.798697,36.086562
77406,-95.798680,36.086561
77407,-95.798662,36.086560
77412,-95.798720,36.086701
77411,-95.798704,36.086700
77410,-95.798687,36.086700
77409,-95.798670,36.086699
77408,-95.798656,36.086698
77378,-95.798318,36.086687
77377,-95.798302,36.086686
77376,-95.798285,36.086685
77367,-95.798256,36.085986
77368,-95.798235,36.086000
77369,-95.798214,36.086014
77370,-95.798192,36.086028
77371,-95.798171,36.086043
77372,-95.798136,36.086081
77375,-95.798268,36.086684
77374,-95.798251,36.086683
77373,-95.798235,36.086683
58473,-95.808075,36.085376
58472,-95.808075,36.085408
58471,-95.808198,36.086141
58470,-95.808216,36.086195
58469,-95.808230,36.086236
58397,-95.808052,36.086231
58468,-95.808261,36.086287
58467,-95.808292,36.086337
58400,-95.808140,36.086399
58398,-95.808078,36.086298
58399,-95.808109,36.086349
58396,-95.807758,36.086197
58395,-95.807746,36.086199
58390,-95.807716,36.086063
58391,-95.807705,36.086065
58392,-95.807694,36.086067
58394,-95.807735,36.086201
58393,-95.807724,36.086203
75064,-95.815365,36.084712
75063,-95.815365,36.084753
75062,-95.815369,36.085442
77649,-95.799572,36.079546
77648,-95.799576,36.079557
77650,-95.799412,36.079590
77652,-95.799421,36.079612
77651,-95.799416,36.079601
77647,-95.799738,36.079849
77630,-95.799592,36.080026
77653,-95.799426,36.079623
77654,-95.799460,36.079940
77661,-95.798421,36.079536
77658,-95.798453,36.079614
77659,-95.798442,36.079588
77660,-95.798431,36.079562
77662,-95.798271,36.079606
77656,-95.798475,36.079667
77655,-95.798485,36.079709
77657,-95.798464,36.079640
77663,-95.798282,36.079632
77664,-95.798304,36.079684
77207,-95.797862,36.080013
77206,-95.797857,36.080012
77205,-95.797851,36.080010
77204,-95.797846,36.080009
77192,-95.797840,36.080007
77191,-95.797835,36.080006
77190,-95.797829,36.080005
77189,-95.797824,36.080003
77183,-95.797795,36.080277
77184,-95.797790,36.080277
77185,-95.797784,36.080276
77186,-95.797779,36.080276
77187,-95.797774,36.080275
77188,-95.797552,36.079973
77193,-95.796886,36.079421
77194,-95.796886,36.079434
77195,-95.796886,36.079447
77196,-95.796886,36.079460
77199,-95.796452,36.079401
77200,-95.796446,36.079401
77201,-95.796440,36.079401
77202,-95.796434,36.079401
77203,-95.796429,36.079401
77198,-95.796889,36.080247
77197,-95.796888,36.080260
77074,-95.784225,36.068723
77073,-95.784218,36.068753
77072,-95.784211,36.068784
77071,-95.784205,36.068814
77070,-95.784201,36.068829
77062,-95.787565,36.072382
77178,-95.787276,36.072369
77179,-95.787246,36.072389
77180,-95.787216,36.072409
77061,-95.787641,36.072478
77060,-95.787644,36.072482
77058,-95.787429,36.072463
77059,-95.787435,36.072471
77057,-95.787423,36.072456
77056,-95.787384,36.072475
77055,-95.787354,36.072495
77063,-95.786058,36.071187
77065,-95.785580,36.070120
77064,-95.785644,36.070224
77166,-95.785449,36.070216
77159,-95.785803,36.071086
77158,-95.785867,36.071214
77157,-95.785824,36.071227
77156,-95.785739,36.071255
77160,-95.785654,36.071134
77161,-95.785591,36.071155
77155,-95.785655,36.071283
77177,-95.786931,36.072050
77176,-95.786496,36.071807
77175,-95.786432,36.071806
77174,-95.786417,36.071821
77173,-95.786402,36.071836
77167,-95.786300,36.071720
77168,-95.786285,36.071735
77054,-95.786555,36.072863
77053,-95.786560,36.072872
77051,-95.786403,36.072923
77052,-95.786408,36.072932
77050,-95.786374,36.072906
77181,-95.786302,36.072782
77182,-95.786280,36.072790
77049,-95.786352,36.072914
77169,-95.785863,36.071986
77172,-95.785935,36.072110
77171,-95.785913,36.072118
77170,-95.785841,36.071994
76995,-95.784999,36.072042
77006,-95.785761,36.073415
77007,-95.785744,36.073421
77008,-95.785727,36.073428
77009,-95.785710,36.073435
76996,-95.785376,36.072691
76997,-95.785350,36.072698
77005,-95.785432,36.072821
77004,-95.785406,36.072828
77003,-95.785381,36.072835
77002,-95.785355,36.072842
76998,-95.785325,36.072705
76999,-95.785299,36.072712
77000,-95.785274,36.072720
77001,-95.785330,36.072850
77014,-95.785837,36.073537
77013,-95.785820,36.073543
77012,-95.785803,36.073550
77011,-95.785786,36.073557
77010,-95.785770,36.073564
77066,-95.784741,36.069499
77067,-95.784648,36.069481
77147,-95.784457,36.069619
77165,-95.784701,36.069633
77164,-95.784633,36.069679
77163,-95.784626,36.069739
77162,-95.784618,36.069799
77068,-95.784423,36.069465
77146,-95.784433,36.069603
77069,-95.784271,36.069472
77075,-95.783998,36.069481
77076,-95.783973,36.069481
77145,-95.783998,36.069619
77144,-95.783975,36.069619
77143,-95.783952,36.069619
77148,-95.784430,36.069894
77149,-95.784427,36.070211
77150,-95.784506,36.070505
77151,-95.784574,36.070793
77152,-95.784575,36.071078
77153,-95.784558,36.071229
77154,-95.784529,36.071360
77077,-95.783433,36.069481
77138,-95.783689,36.070398
77142,-95.783574,36.070156
77141,-95.783661,36.070327
77140,-95.783670,36.070350
77139,-95.783679,36.070374
77090,-95.783508,36.070392
77089,-95.783499,36.070369
77078,-95.783216,36.069483
77079,-95.783202,36.069483
77080,-95.783188,36.069483
77088,-95.783212,36.069621
77087,-95.783198,36.069621
77104,-95.783373,36.070260
77105,-95.783357,36.070265
77103,-95.783397,36.070399
77137,-95.783698,36.070421
77136,-95.783605,36.071105
77135,-95.783585,36.071120
77134,-95.783565,36.071135
77133,-95.782923,36.071290
76991,-95.784592,36.071829
76994,-95.784863,36.072111
76993,-95.784702,36.072179
76992,-95.784499,36.072029
76990,-95.783649,36.071728
76989,-95.783650,36.071754
76988,-95.783652,36.071781
76987,-95.783654,36.071808
76986,-95.783655,36.071835
77015,-95.783481,36.071736
77016,-95.783482,36.071762
77017,-95.783484,36.071789
77018,-95.783486,36.071816
76985,-95.783589,36.072410
76984,-95.783583,36.072436
77019,-95.783423,36.072386
77020,-95.783417,36.072412
77021,-95.783412,36.072439
76983,-95.783578,36.072463
76980,-95.783688,36.073063
76982,-95.783654,36.073016
76981,-95.783671,36.073039
77022,-95.783508,36.073084
77023,-95.783525,36.073107
77081,-95.782882,36.069490
77082,-95.782868,36.069490
77083,-95.782848,36.069492
77086,-95.782893,36.069628
77085,-95.782879,36.069628
77084,-95.782865,36.069628
77106,-95.782570,36.070378
77107,-95.782535,36.070382
77102,-95.782592,36.070514
77101,-95.782557,36.070518
77091,-95.782895,36.071154
77092,-95.782868,36.071158
77093,-95.782842,36.071161
77132,-95.782896,36.071294
77131,-95.782870,36.071297
77094,-95.782235,36.071221
77095,-95.782208,36.071221
77096,-95.782181,36.071221
77097,-95.782154,36.071221
77130,-95.782235,36.071359
77129,-95.782208,36.071359
77128,-95.782181,36.071359
77127,-95.782154,36.071359
77108,-95.781667,36.070491
77109,-95.781638,36.070507
77100,-95.781759,36.070605
77099,-95.781730,36.070621
77098,-95.781700,36.070637
77110,-95.781608,36.070523
77111,-95.781579,36.070539
77112,-95.781484,36.070524
77113,-95.781426,36.070493
77114,-95.781377,36.070476
77122,-95.781424,36.070692
77125,-95.781394,36.071339
77126,-95.781393,36.071356
77115,-95.781329,36.070458
77116,-95.781250,36.070447
77121,-95.781356,36.070619
77119,-95.781259,36.070584
77120,-95.781307,36.070602
77117,-95.781198,36.070443
77118,-95.781232,36.070583
77123,-95.781359,36.070899
77124,-95.781373,36.071087
77034,-95.782571,36.071867
77033,-95.782573,36.071893
77032,-95.782575,36.071919
77035,-95.782403,36.071877
77036,-95.782405,36.071903
77037,-95.782407,36.071929
77031,-95.782578,36.071946
77038,-95.782410,36.071956
77030,-95.782565,36.072536
77029,-95.782563,36.072562
77028,-95.782560,36.072588
77026,-95.782706,36.073305
77027,-95.782693,36.073287
76961,-95.782558,36.073373
76960,-95.782502,36.073342
77039,-95.782397,36.072526
77040,-95.782395,36.072552
77041,-95.782392,36.072578
76959,-95.782290,36.073390
76958,-95.782087,36.073423
77048,-95.781541,36.071874
77047,-95.781542,36.072167
76930,-95.781371,36.071870
76929,-95.781348,36.071846
76928,-95.781289,36.071838
76927,-95.781259,36.071835
76931,-95.781374,36.072173
77046,-95.781560,36.072465
77045,-95.781565,36.072637
76932,-95.781392,36.072471
77044,-95.781565,36.072888
77043,-95.781565,36.072899
77042,-95.781565,36.072910
76942,-95.781395,36.072888
76943,-95.781395,36.072899
76944,-95.781395,36.072910
76957,-95.781862,36.073429
76956,-95.781630,36.073393
76955,-95.781413,36.073340
76933,-95.781200,36.072489
76934,-95.781161,36.072490
76935,-95.781121,36.072491
76941,-95.781167,36.072628
76940,-95.781129,36.072629
76936,-95.781082,36.072493
76937,-95.781043,36.072494
76939,-95.781090,36.072631
76938,-95.781051,36.072632
76945,-95.781353,36.073212
76946,-95.781306,36.073226
76947,-95.781260,36.073241
76954,-95.781368,36.073354
76953,-95.781322,36.073369
76952,-95.781276,36.073383
76948,-95.781214,36.073255
76949,-95.781168,36.073270
76951,-95.781230,36.073398
76950,-95.781184,36.073413
76978,-95.784226,36.073721
76979,-95.784206,36.073698
76976,-95.784267,36.073769
76975,-95.784287,36.073792
76977,-95.784246,36.073745
76974,-95.784129,36.073847
76973,-95.784108,36.073823
76972,-95.784036,36.073771
76971,-95.784003,36.073786
76970,-95.783971,36.073802
76969,-95.783939,36.073818
77024,-95.783915,36.073668
77025,-95.783883,36.073684
76968,-95.783906,36.073834
76967,-95.783001,36.073976
76966,-95.782957,36.074073
76962,-95.782911,36.073844
76963,-95.782865,36.073894
76964,-95.782822,36.073970
76965,-95.782797,36.074029
76849,-95.787578,36.078496
76850,-95.787534,36.078515
76851,-95.787490,36.078534
76852,-95.787447,36.078553
76853,-95.787403,36.078572
76854,-95.787359,36.078590
76848,-95.787658,36.078618
76847,-95.787614,36.078637
76846,-95.787570,36.078656
76845,-95.787527,36.078675
76836,-95.787671,36.079585
76837,-95.787637,36.079451
76838,-95.787607,36.079456
76839,-95.787547,36.079467
76835,-95.787581,36.079601
76834,-95.787550,36.079606
76844,-95.787483,36.078694
76843,-95.787395,36.078731
76855,-95.787315,36.078609
76856,-95.787272,36.078628
76842,-95.787352,36.078750
76857,-95.787228,36.078647
76840,-95.787516,36.079472
76841,-95.787486,36.079477
76833,-95.787520,36.079611
76829,-95.788295,36.080314
76830,-95.788185,36.080184
76828,-95.788247,36.080317
76827,-95.788199,36.080320
76826,-95.788175,36.080321
76831,-95.788138,36.080187
76832,-95.788090,36.080190
76825,-95.788104,36.080326
61424,-95.787660,36.080985
61423,-95.787664,36.081124
61425,-95.787637,36.080984
61426,-95.787615,36.080983
61422,-95.787641,36.081123
61421,-95.787595,36.081121
61420,-95.787573,36.081120
76819,-95.786088,36.079019
76818,-95.786061,36.079017
76858,-95.785818,36.079036
76859,-95.785808,36.079054
76817,-95.785734,36.079534
76860,-95.785479,36.079481
76891,-95.785563,36.079601
76890,-95.785532,36.079615
76861,-95.785448,36.079495
76862,-95.785388,36.079523
76820,-95.786783,36.079798
76821,-95.786795,36.079840
76823,-95.786819,36.079925
76824,-95.786832,36.079968
76822,-95.786807,36.079883
76814,-95.786069,36.080111
76813,-95.786148,36.080301
76893,-95.785988,36.080345
76812,-95.786187,36.080486
76811,-95.786187,36.080497
61427,-95.786932,36.080760
61428,-95.786910,36.081115
61429,-95.786906,36.081141
61430,-95.786902,36.081167
61431,-95.786898,36.081193
61432,-95.786894,36.081219
76810,-95.786173,36.080883
76779,-95.786022,36.080708
76809,-95.786082,36.081272
76808,-95.786050,36.081458
76807,-95.786043,36.081520
76806,-95.786036,36.081581
76805,-95.786028,36.081643
76816,-95.785883,36.079715
76815,-95.785981,36.079902
76892,-95.785827,36.079960
76894,-95.785958,36.080341
76895,-95.785892,36.080345
76778,-95.785972,36.080477
76777,-95.785939,36.080479
76776,-95.785906,36.080481
76889,-95.785472,36.079643
76896,-95.785179,36.080528
76897,-95.785150,36.080541
76898,-95.785121,36.080554
76780,-95.785916,36.081246
76781,-95.785889,36.081257
76782,-95.785882,36.081256
76783,-95.785875,36.081255
76785,-95.785861,36.081393
76784,-95.785854,36.081392
76786,-95.785867,36.081572
76787,-95.785860,36.081635
76775,-95.785261,36.080648
76774,-95.785203,36.080674
61397,-95.788226,36.083312
61398,-95.788186,36.083312
61396,-95.788230,36.083450
61395,-95.788190,36.083450
61399,-95.788146,36.083313
61400,-95.788106,36.083314
61394,-95.788150,36.083451
61393,-95.788110,36.083452
61392,-95.788070,36.083452
61415,-95.787689,36.081759
61416,-95.787660,36.081758
61414,-95.787687,36.081897
61413,-95.787658,36.081896
61417,-95.787632,36.081758
61418,-95.787604,36.081758
61419,-95.787576,36.081757
61412,-95.787630,36.081896
61411,-95.787602,36.081896
61410,-95.787574,36.081895
61405,-95.787658,36.082511
61404,-95.787658,36.082649
61406,-95.787639,36.082511
61407,-95.787620,36.082511
61408,-95.787601,36.082511
61409,-95.787582,36.082511
61403,-95.787639,36.082649
61402,-95.787620,36.082649
61401,-95.787601,36.082649
61438,-95.787028,36.082670
61391,-95.788030,36.083453
61439,-95.787033,36.082703
61440,-95.787038,36.082737
61390,-95.787048,36.083469
61389,-95.787016,36.083469
61380,-95.787750,36.084121
61381,-95.787719,36.084120
61382,-95.787688,36.084120
61383,-95.787657,36.084120
61384,-95.787626,36.084120
61379,-95.787934,36.084272
61378,-95.787933,36.084385
61377,-95.787932,36.084441
61376,-95.787932,36.084498
61375,-95.787932,36.084554
61374,-95.787931,36.084611
61373,-95.787931,36.084667
61372,-95.787931,36.084724
61364,-95.787764,36.084272
61365,-95.787763,36.084328
61363,-95.787686,36.084258
61362,-95.787655,36.084258
61366,-95.787763,36.084385
61367,-95.787762,36.084441
61368,-95.787762,36.084498
61369,-95.787762,36.084554
61370,-95.787761,36.084611
61371,-95.787761,36.084667
61338,-95.787622,36.085671
61339,-95.787584,36.085671
61433,-95.786831,36.081911
61434,-95.786856,36.082046
61435,-95.786892,36.082186
61436,-95.786933,36.082319
61437,-95.786973,36.082451
76804,-95.786025,36.081699
61388,-95.786985,36.083469
76803,-95.786247,36.082852
76802,-95.786249,36.082913
76801,-95.786251,36.082975
76800,-95.786253,36.083037
76799,-95.786255,36.083099
76798,-95.786257,36.083161
76788,-95.786078,36.082879
76789,-95.786080,36.082942
76790,-95.786082,36.083005
76791,-95.786084,36.083068
76792,-95.786086,36.083131
76793,-95.786088,36.083194
76797,-95.786259,36.083223
76794,-95.786090,36.083257
76795,-95.786093,36.083320
76796,-95.786098,36.083499
61452,-95.785355,36.083000
61451,-95.785355,36.083058
61450,-95.785355,36.083116
61449,-95.785355,36.083174
61453,-95.785168,36.082821
61454,-95.785142,36.082821
61455,-95.785116,36.082821
61456,-95.785090,36.082821
61457,-95.785064,36.082821
61458,-95.785038,36.082821
61459,-95.785012,36.082821
61476,-95.785185,36.083000
61477,-95.785185,36.083058
61478,-95.785185,36.083116
61479,-95.785185,36.083174
61448,-95.785355,36.083231
61447,-95.785355,36.083289
61446,-95.785355,36.083347
61445,-95.785355,36.083405
61444,-95.785355,36.083462
61480,-95.785185,36.083231
61481,-95.785185,36.083289
61482,-95.785185,36.083347
61483,-95.785185,36.083405
61385,-95.786980,36.084115
61386,-95.786950,36.084114
61387,-95.786919,36.084114
61361,-95.786978,36.084253
61360,-95.786948,36.084252
61359,-95.786917,36.084252
61358,-95.786157,36.084202
61441,-95.786106,36.083980
61442,-95.786101,36.083990
61443,-95.786017,36.084126
61352,-95.786739,36.084881
61353,-95.786702,36.084881
61354,-95.786665,36.084881
61355,-95.786628,36.084881
61356,-95.786591,36.084881
61357,-95.786572,36.084881
61351,-95.786739,36.085019
61350,-95.786702,36.085019
61349,-95.786665,36.085019
61348,-95.786628,36.085019
61347,-95.786591,36.085019
61346,-95.786554,36.085019
61345,-95.786517,36.085019
61340,-95.786814,36.085671
61341,-95.786775,36.085671
61342,-95.786737,36.085671
61343,-95.786698,36.085671
61344,-95.786660,36.085671
61318,-95.785617,36.084549
61319,-95.785665,36.084868
61320,-95.785667,36.085046
61321,-95.785667,36.085073
61322,-95.785668,36.085100
61323,-95.785669,36.085128
61324,-95.785669,36.085155
61325,-95.785670,36.085182
76888,-95.784752,36.079980
76863,-95.784694,36.079847
76864,-95.784660,36.079864
76899,-95.783947,36.080435
76901,-95.783974,36.080476
76900,-95.783961,36.080455
76773,-95.784552,36.080996
76772,-95.784794,36.081408
76771,-95.784799,36.081426
76904,-95.784630,36.081440
76905,-95.784635,36.081458
76902,-95.784392,36.081044
76903,-95.784402,36.081060
76865,-95.783829,36.080290
76866,-95.783790,36.080307
76867,-95.783751,36.080325
76887,-95.783913,36.080410
76886,-95.783874,36.080427
76885,-95.783835,36.080445
76884,-95.783797,36.080462
76915,-95.783447,36.081351
76914,-95.783545,36.081463
76913,-95.783506,36.081484
76912,-95.783468,36.081506
76911,-95.783430,36.081528
76883,-95.782950,36.080849
76916,-95.783408,36.081372
76917,-95.783370,36.081394
76918,-95.783332,36.081416
76910,-95.783392,36.081550
76909,-95.783354,36.081572
76919,-95.783294,36.081438
76920,-95.783256,36.081460
76921,-95.783218,36.081482
76868,-95.782862,36.080733
76869,-95.782824,36.080752
76882,-95.782912,36.080868
76881,-95.782874,36.080887
76870,-95.782786,36.080771
76871,-95.782748,36.080790
76880,-95.782836,36.080906
76872,-95.782009,36.081330
76879,-95.782118,36.081441
76878,-95.782091,36.081470
76877,-95.782064,36.081499
76873,-95.781930,36.081415
76874,-95.781903,36.081443
76875,-95.781877,36.081472
76876,-95.781850,36.081500
76768,-95.784891,36.082065
76769,-95.784871,36.082061
76770,-95.784851,36.082057
76767,-95.784853,36.082199
76766,-95.784833,36.082195
76765,-95.784813,36.082191
76764,-95.784794,36.082188
76906,-95.784277,36.081857
76907,-95.784229,36.081887
76763,-95.784383,36.081965
76762,-95.784335,36.081995
76761,-95.784288,36.082026
76760,-95.784241,36.082057
76908,-95.784182,36.081918
76759,-95.784147,36.082118
76758,-95.784099,36.082149
61475,-95.784515,36.082972
61474,-95.784515,36.083026
61473,-95.784515,36.083080
61472,-95.784515,36.083134
61471,-95.784515,36.083188
61470,-95.784515,36.083242
61469,-95.784515,36.083296
61468,-95.784515,36.083350
61460,-95.784345,36.082972
61461,-95.784345,36.083026
61462,-95.784345,36.083080
61463,-95.784345,36.083134
61464,-95.784345,36.083188
61465,-95.784345,36.083242
61466,-95.784345,36.083296
61467,-95.784345,36.083350
61289,-95.784934,36.084522
61288,-95.784933,36.084570
61287,-95.784933,36.084618
61286,-95.784932,36.084666
61285,-95.784932,36.084714
61290,-95.784764,36.084522
61291,-95.784763,36.084570
61292,-95.784763,36.084618
61293,-95.784762,36.084666
61294,-95.784762,36.084714
61303,-95.784085,36.084422
61302,-95.784085,36.084474
61301,-95.784085,36.084526
61300,-95.784085,36.084578
61299,-95.784085,36.084630
61298,-95.784085,36.084682
61297,-95.784085,36.084734
61284,-95.784932,36.084762
61283,-95.784931,36.084810
61282,-95.784931,36.084858
61295,-95.784762,36.084762
61296,-95.784761,36.084786
61304,-95.783915,36.084422
61305,-95.783915,36.084474
61306,-95.783915,36.084526
61307,-95.783915,36.084578
61308,-95.783915,36.084630
61309,-95.783915,36.084682
61310,-95.783915,36.084734
61317,-95.783236,36.084401
61316,-95.783236,36.084454
61315,-95.783237,36.084507
61314,-95.783238,36.084560
61313,-95.783238,36.084614
61312,-95.783239,36.084667
61311,-95.783240,36.084720
61265,-95.783066,36.084403
61266,-95.783066,36.084456
61267,-95.783067,36.084509
61268,-95.783068,36.084562
61269,-95.783068,36.084616
61270,-95.783069,36.084669
61271,-95.783070,36.084722
61272,-95.783070,36.084775
76922,-95.782737,36.082121
76923,-95.782691,36.082121
76924,-95.782646,36.082121
76925,-95.782601,36.082122
76926,-95.782556,36.082122
76757,-95.782739,36.082259
76756,-95.782696,36.082259
76755,-95.782653,36.082259
76754,-95.782611,36.082260
61491,-95.781960,36.083000
61490,-95.781974,36.083070
61489,-95.781974,36.083123
61488,-95.781973,36.083175
61487,-95.781973,36.083227
61486,-95.781973,36.083279
61485,-95.781972,36.083332
61484,-95.781972,36.083384
76753,-95.781674,36.082267
76752,-95.781632,36.082268
76751,-95.781425,36.082265
76750,-95.781395,36.082263
76749,-95.781365,36.082262
76748,-95.781335,36.082261
61492,-95.781766,36.082846
61493,-95.781741,36.082840
61494,-95.781717,36.082835
61495,-95.781668,36.082831
61496,-95.781643,36.082831
61523,-95.781798,36.083038
61524,-95.781804,36.083070
61525,-95.781804,36.083123
61526,-95.781803,36.083175
61497,-95.781618,36.082832
61527,-95.781803,36.083227
61528,-95.781803,36.083279
61529,-95.781802,36.083332
61522,-95.781123,36.083016
61521,-95.781123,36.083064
61520,-95.781123,36.083112
61519,-95.781122,36.083161
61498,-95.780934,36.082845
61499,-95.780913,36.082845
61500,-95.780892,36.082846
61501,-95.780871,36.082847
61511,-95.780953,36.083016
61512,-95.780953,36.083064
61513,-95.780953,36.083112
61514,-95.780952,36.083161
61518,-95.781122,36.083209
61517,-95.781121,36.083258
61515,-95.780952,36.083209
61516,-95.780951,36.083258
61237,-95.782394,36.084452
61238,-95.782224,36.084452
61236,-95.782393,36.084503
61235,-95.782393,36.084554
61234,-95.782392,36.084605
61233,-95.782392,36.084657
61232,-95.782392,36.084708
61239,-95.782223,36.084503
61240,-95.782223,36.084554
61241,-95.782222,36.084605
61242,-95.782222,36.084657
61243,-95.782222,36.084708
61231,-95.782391,36.084759
61230,-95.782391,36.084810
61244,-95.782153,36.085719
61245,-95.782118,36.085719
61246,-95.782082,36.085718
61251,-95.781549,36.084445
61252,-95.781379,36.084439
61250,-95.781545,36.084497
61249,-95.781542,36.084549
61248,-95.781539,36.084602
61247,-95.781536,36.084654
61253,-95.781375,36.084491
61254,-95.781372,36.084543
61255,-95.781369,36.084596
61256,-95.781366,36.084648
61257,-95.781363,36.084700
61258,-95.781095,36.085711
61337,-95.788366,36.085817
61336,-95.787738,36.085809
61335,-95.787699,36.085809
61334,-95.787661,36.085809
61333,-95.787622,36.085809
61332,-95.787584,36.085809
61331,-95.786814,36.085809
61330,-95.786775,36.085809
61329,-95.786737,36.085809
61328,-95.786698,36.085809
61327,-95.786660,36.085809
61326,-95.786621,36.085809
61281,-95.784726,36.085855
61280,-95.784562,36.085857
61279,-95.784408,36.085854
61278,-95.784253,36.085852
61277,-95.784099,36.085850
61276,-95.783613,36.085853
61275,-95.783599,36.085853
61274,-95.783585,36.085853
61273,-95.783571,36.085853
61229,-95.782187,36.085858
61228,-95.782116,36.085857
61227,-95.782080,36.085856
61226,-95.782045,36.085856
61225,-95.782010,36.085856
61224,-95.781119,36.085849
61223,-95.781095,36.085849
61222,-95.781072,36.085849
61221,-95.781048,36.085849
61220,-95.781025,36.085849
61510,-95.780360,36.083117
61509,-95.780331,36.083149
61508,-95.780303,36.083181
61507,-95.780295,36.083175
61502,-95.780222,36.083037
61503,-95.780193,36.083069
61504,-95.780165,36.083101
61505,-95.780125,36.083175
61506,-95.780125,36.083214
61264,-95.780702,36.084233
61263,-95.780700,36.084294
61262,-95.780698,36.084356
61261,-95.780697,36.084418
61260,-95.780695,36.084480
61259,-95.780683,36.084556
61212,-95.780532,36.084231
61213,-95.780530,36.084292
61214,-95.780528,36.084354
61215,-95.780527,36.084416
61216,-95.780525,36.084478
61217,-95.780519,36.084524
61218,-95.780502,36.084568
61219,-95.780470,36.084624
76653,-95.779455,36.071343
76654,-95.779414,36.071344
76655,-95.779373,36.071345
76652,-95.779461,36.071481
76651,-95.779420,36.071482
76650,-95.779379,36.071483
76640,-95.778825,36.072183
76639,-95.778991,36.072344
76638,-95.778984,36.072371
76637,-95.778977,36.072398
76636,-95.778970,36.072425
62998,-95.779648,36.072977
76635,-95.778963,36.072453
76680,-95.778664,36.069751
76679,-95.778673,36.069889
76678,-95.778664,36.069889
76677,-95.778654,36.069889
76543,-95.778167,36.069752
76544,-95.778136,36.069753
76545,-95.778104,36.069753
76676,-95.778233,36.069890
76675,-95.778201,36.069890
76674,-95.778169,36.069890
76667,-95.778643,36.070581
76668,-95.778619,36.070581
76666,-95.778668,36.070719
76665,-95.778643,36.070719
76664,-95.778619,36.070719
76656,-95.778441,36.071370
76657,-95.778400,36.071371
76658,-95.778360,36.071373
76669,-95.778058,36.070581
76663,-95.778058,36.070719
76670,-95.778034,36.070581
76671,-95.778009,36.070581
76662,-95.778034,36.070719
76661,-95.778009,36.070719
76673,-95.777453,36.069913
76546,-95.777283,36.069911
76547,-95.777281,36.070098
76672,-95.777450,36.070175
76548,-95.777279,36.070285
76660,-95.777442,36.070793
76659,-95.777442,36.070824
76549,-95.777277,36.070472
76550,-95.777273,36.070731
76551,-95.777272,36.070762
76552,-95.777272,36.070794
76553,-95.777271,36.070826
76649,-95.778447,36.071508
76648,-95.778406,36.071509
76647,-95.778366,36.071511
76646,-95.778325,36.071512
76641,-95.778775,36.072184
76642,-95.778725,36.072185
76634,-95.778781,36.072322
76633,-95.778731,36.072323
76615,-95.778784,36.073006
76616,-95.778736,36.072994
76614,-95.778804,36.073150
76613,-95.778736,36.073138
76612,-95.778689,36.073127
76611,-95.778664,36.073128
76643,-95.777576,36.072191
76632,-95.777576,36.072329
76644,-95.777526,36.072191
76645,-95.777476,36.072191
76631,-95.777526,36.072329
76630,-95.777476,36.072329
76554,-95.777265,36.071552
76555,-95.777265,36.071577
76556,-95.777265,36.071603
76629,-95.777247,36.072328
76557,-95.776886,36.072187
76558,-95.776870,36.072186
76559,-95.776854,36.072186
76560,-95.776839,36.072186
76628,-95.776900,36.072325
76627,-95.776884,36.072325
76626,-95.776868,36.072324
76625,-95.776852,36.072324
76617,-95.777539,36.072983
76610,-95.777580,36.073119
76609,-95.777539,36.073120
76618,-95.777489,36.072986
76619,-95.777439,36.072990
76608,-95.777490,36.073123
62997,-95.779651,36.074223
76515,-95.776455,36.070215
76514,-95.776078,36.071138
76511,-95.775950,36.071227
76513,-95.775967,36.071241
76512,-95.775958,36.071234
76561,-95.776508,36.072184
76562,-95.776492,36.072183
76563,-95.776468,36.072183
76565,-95.776490,36.072321
76564,-95.776474,36.072321
76624,-95.776127,36.072353
63429,-95.779648,36.066944
76596,-95.776784,36.074008
76595,-95.776774,36.074146
76585,-95.776774,36.074838
76521,-95.776455,36.069910
76520,-95.776455,36.069961
76519,-95.776455,36.070012
76518,-95.776455,36.070063
76517,-95.776455,36.070114
76498,-95.776285,36.069910
76499,-95.776285,36.069961
76500,-95.776285,36.070012
76501,-95.776285,36.070063
76502,-95.776285,36.070114
76516,-95.776455,36.070165
76503,-95.776285,36.070165
76504,-95.775807,36.071123
76505,-95.775767,36.071151
76510,-95.775879,36.071253
76509,-95.775839,36.071282
76508,-95.775799,36.071310
76507,-95.775759,36.071339
76488,-95.775455,36.069552
76430,-95.775236,36.069401
76473,-95.775285,36.069552
76472,-95.775236,36.069539
76487,-95.775455,36.069717
76486,-95.775455,36.069799
76485,-95.775455,36.069882
76474,-95.775285,36.069634
76475,-95.775285,36.069717
76476,-95.775285,36.069799
76477,-95.775285,36.069882
76484,-95.775455,36.070047
76483,-95.775449,36.070133
76478,-95.775285,36.069964
76479,-95.775285,36.070047
76480,-95.775274,36.070192
76481,-95.775246,36.070272
76431,-95.775204,36.069401
76506,-95.775727,36.071180
76566,-95.775954,36.072343
76567,-95.775961,36.072377
76568,-95.775969,36.072412
76569,-95.775976,36.072446
76620,-95.776306,36.073186
76607,-95.776388,36.073318
76606,-95.776338,36.073321
76605,-95.776289,36.073324
76621,-95.776256,36.073189
76622,-95.776205,36.073192
76623,-95.776155,36.073196
76604,-95.776240,36.073327
76603,-95.776191,36.073330
76570,-95.775830,36.073193
76571,-95.775824,36.073193
76602,-95.775953,36.073331
76572,-95.775500,36.073349
76471,-95.774471,36.069634
76470,-95.774469,36.069715
76469,-95.774467,36.069796
76468,-95.774465,36.069877
76432,-95.774264,36.069403
76433,-95.774243,36.069404
76453,-95.774291,36.069541
76454,-95.774301,36.069632
76455,-95.774299,36.069713
76456,-95.774297,36.069794
76457,-95.774295,36.069875
76467,-95.774455,36.069965
76466,-95.774433,36.070064
76458,-95.774287,36.069947
76459,-95.774279,36.070008
76460,-95.774239,36.070082
76465,-95.774328,36.070220
76464,-95.774259,36.070288
76461,-95.774196,36.070134
76463,-95.774188,36.070346
76462,-95.774118,36.070403
76434,-95.773557,36.069553
76435,-95.773474,36.069603
76452,-95.773659,36.069663
76451,-95.773576,36.069713
76450,-95.773493,36.069763
76436,-95.773391,36.069653
76449,-95.773429,36.069816
76448,-95.773357,36.069876
76437,-95.773309,36.069720
76438,-95.773237,36.069780
76447,-95.773285,36.069936
76446,-95.773213,36.069996
76439,-95.773165,36.069840
76440,-95.773093,36.069900
76445,-95.773141,36.070055
76444,-95.773068,36.070115
76441,-95.773021,36.069959
76442,-95.772948,36.070019
76443,-95.772876,36.070079
76482,-95.774472,36.071521
76407,-95.773497,36.071498
76406,-95.773468,36.071506
76405,-95.773439,36.071514
76404,-95.773377,36.071518
76597,-95.776739,36.074006
76598,-95.776694,36.074004
76599,-95.776650,36.074002
76594,-95.776729,36.074144
76593,-95.776684,36.074142
76600,-95.776601,36.074001
76601,-95.776556,36.074001
76592,-95.776640,36.074140
76583,-95.776740,36.074974
76584,-95.776764,36.074976
76582,-95.776716,36.074973
76581,-95.776693,36.074972
76586,-95.776576,36.074831
76587,-95.776383,36.074831
76588,-95.776191,36.074831
76589,-95.775986,36.074828
76580,-95.775986,36.074967
76579,-95.775971,36.074966
76573,-95.775489,36.073755
76591,-95.775666,36.074163
76590,-95.775664,36.074192
76574,-95.775500,36.074129
76575,-95.775498,36.074157
76576,-95.775496,36.074186
76577,-95.775494,36.074215
76578,-95.775493,36.074244
76408,-95.772511,36.071370
76411,-95.771685,36.070723
76410,-95.771675,36.071014
76409,-95.771575,36.071299
76393,-95.771417,36.071249
76394,-95.771329,36.071383
76403,-95.772507,36.071508
76402,-95.772467,36.071507
76401,-95.772428,36.071506
76686,-95.778219,36.068180
76537,-95.778087,36.068266
76685,-95.778645,36.068811
76684,-95.778648,36.068949
76683,-95.778645,36.068949
76682,-95.778435,36.068997
76681,-95.778435,36.069032
76538,-95.778273,36.068588
76539,-95.778265,36.068962
76540,-95.778265,36.068996
76541,-95.778265,36.069030
76542,-95.778265,36.069065
76354,-95.777212,36.068233
76536,-95.777445,36.068382
76535,-95.777445,36.068405
76534,-95.777445,36.068428
76533,-95.777445,36.068451
76528,-95.777260,36.068371
76529,-95.777275,36.068405
76530,-95.777275,36.068428
76531,-95.777275,36.068451
76532,-95.777275,36.068474
76527,-95.776713,36.068396
76526,-95.776409,36.068667
76525,-95.776433,36.068714
76523,-95.776453,36.068835
76524,-95.776448,36.068784
76495,-95.776277,36.068766
76496,-95.776280,36.068796
76497,-95.776285,36.068847
76522,-95.776455,36.068892
76355,-95.776136,36.068556
76356,-95.776131,36.068558
76357,-95.776103,36.068565
76493,-95.776230,36.068670
76494,-95.776253,36.068719
76492,-95.776183,36.068688
76358,-95.775268,36.068591
76491,-95.775455,36.068768
76490,-95.775455,36.068794
76489,-95.775455,36.068820
76428,-95.775285,36.068742
76429,-95.775285,36.068768
76359,-95.775222,36.068591
76360,-95.775177,36.068591
76361,-95.775131,36.068591
76427,-95.775222,36.068729
76426,-95.775177,36.068729
76425,-95.775131,36.068729
76362,-95.774134,36.068591
76363,-95.774089,36.068591
76424,-95.774134,36.068729
76423,-95.774089,36.068729
76364,-95.774043,36.068591
76365,-95.773998,36.068591
76366,-95.773953,36.068591
76422,-95.774043,36.068729
76421,-95.773998,36.068729
76420,-95.772986,36.069046
76419,-95.772961,36.069065
76418,-95.772937,36.069084
76372,-95.772868,36.068948
76373,-95.772843,36.068967
76417,-95.772913,36.069104
76368,-95.772587,36.068390
76367,-95.772590,36.068416
76369,-95.772419,36.068404
76370,-95.772422,36.068430
76371,-95.772425,36.068456
76374,-95.772030,36.069241
76375,-95.771810,36.069058
76381,-95.771877,36.069310
76380,-95.771814,36.069258
76376,-95.771590,36.068875
76377,-95.771007,36.068591
76378,-95.770371,36.068581
76379,-95.770156,36.068581
73033,-95.770356,36.068748
73032,-95.770356,36.068766
73028,-95.770186,36.068733
73027,-95.770129,36.068719
73029,-95.770186,36.068750
73030,-95.770186,36.068768
73031,-95.770186,36.068786
73026,-95.770091,36.068719
73034,-95.769777,36.068581
73035,-95.769755,36.068581
73036,-95.769732,36.068581
76416,-95.772247,36.069637
76415,-95.772216,36.069661
76414,-95.772186,36.069685
76383,-95.772066,36.069467
76384,-95.772129,36.069520
76385,-95.772096,36.069563
76382,-95.772003,36.069415
76413,-95.772156,36.069710
76412,-95.771685,36.070442
76386,-95.771493,36.070288
76390,-95.771478,36.070288
76387,-95.771473,36.070288
76389,-95.771458,36.070288
76388,-95.771452,36.070288
76391,-95.771515,36.070442
76392,-95.771515,36.070864
76400,-95.770761,36.071227
76397,-95.770808,36.071263
76396,-95.770796,36.071254
76398,-95.770792,36.071251
76395,-95.770780,36.071242
76399,-95.770776,36.071239
73158,-95.769378,36.066712
73157,-95.769374,36.066719
73156,-95.769370,36.066726
73155,-95.769366,36.066733
73159,-95.769222,36.066660
73160,-95.769218,36.066667
73161,-95.769216,36.066670
73154,-95.769221,36.067038
73153,-95.769211,36.067061
73152,-95.769202,36.067085
73151,-95.769193,36.067109
73162,-95.769049,36.067021
73183,-95.768869,36.067009
73182,-95.768670,36.067009
73037,-95.769710,36.068581
73150,-95.768789,36.067749
73149,-95.768743,36.067749
73163,-95.768697,36.067611
73164,-95.768652,36.067611
73165,-95.768606,36.067611
73148,-95.768697,36.067749
73147,-95.768652,36.067749
73146,-95.768606,36.067749
73025,-95.769216,36.068754
73038,-95.768970,36.068581
73039,-95.768898,36.068584
73040,-95.768841,36.068592
73023,-95.769028,36.068719
73022,-95.768970,36.068719
73024,-95.769046,36.068756
73021,-95.768928,36.068720
73020,-95.768871,36.068728
73041,-95.768784,36.068600
73019,-95.768814,36.068736
73018,-95.768757,36.068744
73186,-95.768368,36.066556
73185,-95.768366,36.066569
73184,-95.768364,36.066582
73187,-95.768200,36.066538
73188,-95.768198,36.066551
73189,-95.768196,36.066564
73190,-95.768194,36.066577
73181,-95.768470,36.067009
73180,-95.768168,36.067009
73179,-95.768132,36.067009
73178,-95.768096,36.067009
73193,-95.767392,36.066548
73192,-95.767390,36.066561
73191,-95.767388,36.066574
73177,-95.767410,36.067017
73176,-95.767392,36.067018
73166,-95.768560,36.067611
73167,-95.768515,36.067611
73145,-95.768560,36.067749
73042,-95.767652,36.067795
73168,-95.767463,36.067605
73043,-95.767482,36.067793
73169,-95.767414,36.067607
73170,-95.767366,36.067609
73171,-95.767323,36.067611
73144,-95.767424,36.067745
73143,-95.767376,36.067747
73142,-95.767323,36.067749
73044,-95.767459,36.068810
73045,-95.767222,36.068807
73017,-95.767457,36.068948
73194,-95.767224,36.066534
73195,-95.767222,36.066547
73196,-95.767220,36.066560
73197,-95.767218,36.066574
73175,-95.767055,36.067008
73174,-95.766792,36.067003
73173,-95.766529,36.066999
73047,-95.766615,36.068350
73016,-95.767220,36.068945
73046,-95.766986,36.068804
73015,-95.766984,36.068942
73014,-95.766748,36.068940
73201,-95.766310,36.066390
73200,-95.766450,36.066618
73199,-95.766448,36.066629
73198,-95.766445,36.066640
73135,-95.766282,36.066603
73136,-95.766279,36.066614
73137,-95.766276,36.066625
73202,-95.766237,36.066364
73172,-95.766364,36.067075
73138,-95.766200,36.067033
73139,-95.766196,36.067057
73140,-95.766192,36.067081
73141,-95.766190,36.067093
73203,-95.765060,36.066204
73204,-95.765035,36.066201
73205,-95.765010,36.066199
73206,-95.764986,36.066197
73207,-95.764961,36.066194
73134,-95.765201,36.066378
73133,-95.765182,36.066427
73132,-95.765164,36.066477
73131,-95.765145,36.066526
73219,-95.765040,36.066340
73218,-95.765015,36.066337
73220,-95.765020,36.066387
73221,-95.765002,36.066437
73130,-95.765135,36.066568
73129,-95.765125,36.066619
73128,-95.765115,36.066670
73127,-95.765107,36.066720
73217,-95.764990,36.066335
73216,-95.764966,36.066333
73222,-95.764983,36.066486
73223,-95.764969,36.066546
73224,-95.764959,36.066597
73048,-95.766445,36.068350
73049,-95.766430,36.068801
73050,-95.766144,36.068798
73013,-95.766428,36.068939
73012,-95.766170,36.068936
73051,-95.765858,36.068795
73052,-95.765572,36.068792
73011,-95.765913,36.068933
73010,-95.765656,36.068931
73126,-95.764827,36.067757
73125,-95.764795,36.067756
73124,-95.764764,36.067756
73123,-95.764733,36.067755
73122,-95.764701,36.067755
73053,-95.765286,36.068791
73009,-95.765400,36.068929
73008,-95.765126,36.068897
73054,-95.764989,36.068715
73055,-95.764500,36.068575
73007,-95.764928,36.068884
73208,-95.764441,36.066153
73209,-95.764417,36.066152
73210,-95.764392,36.066152
73211,-95.764367,36.066151
73215,-95.764435,36.066291
73214,-95.764411,36.066290
73229,-95.764053,36.067098
73228,-95.764050,36.067119
73227,-95.764047,36.067140
73226,-95.764045,36.067161
73225,-95.764042,36.067182
73230,-95.763885,36.067084
73231,-95.763882,36.067105
73232,-95.763879,36.067126
73233,-95.763861,36.067619
73121,-95.763857,36.067757
73234,-95.763828,36.067618
73235,-95.763796,36.067617
73120,-95.763824,36.067756
73119,-95.763792,36.067755
73118,-95.763760,36.067754
73056,-95.764470,36.068567
73057,-95.764416,36.068561
73058,-95.764384,36.068561
73059,-95.764352,36.068561
73006,-95.764464,36.068709
73005,-95.764433,36.068702
73212,-95.763823,36.066151
73213,-95.763798,36.066151
73240,-95.763205,36.066282
73241,-95.763035,36.066282
73239,-95.763205,36.066336
73238,-95.763205,36.066390
73237,-95.763205,36.066444
73236,-95.763205,36.066498
73242,-95.763035,36.066336
73243,-95.763035,36.066390
73244,-95.763035,36.066444
73245,-95.763035,36.066498
73246,-95.763035,36.066553
73247,-95.763035,36.066607
73060,-95.763497,36.068561
73061,-95.763462,36.068561
73004,-95.763685,36.068712
73003,-95.763685,36.068739
73002,-95.763685,36.068767
73001,-95.763685,36.068794
73071,-95.763515,36.068712
73070,-95.763464,36.068699
73072,-95.763515,36.068739
73073,-95.763515,36.068767
73117,-95.762866,36.067746
73116,-95.762822,36.067745
73248,-95.762782,36.067606
73249,-95.762739,36.067605
73115,-95.762778,36.067744
73114,-95.762735,36.067743
73062,-95.763428,36.068561
73069,-95.763430,36.068699
73063,-95.762639,36.068565
73064,-95.762605,36.068565
73065,-95.762571,36.068565
73068,-95.762641,36.068703
73067,-95.762607,36.068703
73066,-95.762573,36.068703
73000,-95.763685,36.069552
72999,-95.763685,36.069574
72998,-95.763685,36.069596
73101,-95.763499,36.069539
73100,-95.763458,36.069539
73102,-95.763515,36.069574
72997,-95.763602,36.070123
72996,-95.763590,36.070143
72995,-95.763578,36.070163
72990,-95.763529,36.071161
72991,-95.763520,36.071140
72989,-95.763538,36.071181
72988,-95.763547,36.071202
73074,-95.763456,36.069401
73075,-95.763415,36.069401
73076,-95.763374,36.069402
73077,-95.763334,36.069402
73099,-95.763417,36.069539
73098,-95.763376,36.069540
73078,-95.763293,36.069402
73103,-95.763450,36.070063
73104,-95.763438,36.070083
73105,-95.763426,36.070103
73097,-95.762482,36.069584
73096,-95.762476,36.070094
73095,-95.762476,36.070116
73094,-95.762475,36.070137
72994,-95.763445,36.070620
72993,-95.763445,36.070642
73106,-95.763275,36.070622
73107,-95.763275,36.070644
72992,-95.763446,36.070664
73108,-95.763276,36.070666
73109,-95.763360,36.071186
73093,-95.762469,36.070626
73092,-95.762469,36.070647
73091,-95.762469,36.070669
73090,-95.762451,36.071161
73110,-95.763464,36.071705
72987,-95.763474,36.071843
73111,-95.763422,36.071706
73112,-95.763380,36.071708
73113,-95.763339,36.071710
72986,-95.763432,36.071844
72985,-95.763390,36.071846
72984,-95.763349,36.071848
72983,-95.763300,36.071848
73079,-95.762313,36.069561
73080,-95.762312,36.069582
73081,-95.762312,36.069603
73082,-95.762306,36.070092
73083,-95.762306,36.070114
73084,-95.762305,36.070135
73085,-95.762299,36.070624
73086,-95.762299,36.070645
73087,-95.762283,36.071151
73088,-95.762281,36.071173
73089,-95.762279,36.071194
72982,-95.762256,36.071835
72981,-95.762237,36.071836
