50797,-95.810401,35.995921
50712,-95.810385,35.996669
50713,-95.810215,35.996669
50798,-95.809844,35.995921
50799,-95.809828,35.995921
50800,-95.809811,35.995921
50801,-95.809795,35.995921
50711,-95.810385,35.996697
50710,-95.810385,35.996752
50714,-95.810215,35.996697
50715,-95.810215,35.996724
50716,-95.810215,35.996752
50709,-95.810385,35.997391
50708,-95.810385,35.997419
50707,-95.810385,35.997447
50717,-95.810215,35.997391
50718,-95.810215,35.997419
50719,-95.810215,35.997447
50706,-95.810376,35.997987
50705,-95.810376,35.998007
50704,-95.810376,35.998181
50720,-95.810206,35.997966
50721,-95.810206,35.997986
50722,-95.810206,35.998006
50703,-95.810377,35.998329
50702,-95.810379,35.998478
50701,-95.810381,35.998627
50700,-95.810383,35.998776
50679,-95.809770,35.999571
50680,-95.809733,35.999571
50678,-95.809770,35.999709
50677,-95.809733,35.999709
50639,-95.810385,36.001641
50638,-95.810385,36.001713
50640,-95.810215,36.001749
50802,-95.809401,35.995921
50803,-95.809184,35.995922
50743,-95.809435,35.996625
50742,-95.809435,35.996651
50804,-95.808632,35.995928
50771,-95.808540,35.996477
50770,-95.808537,35.996496
50769,-95.808535,35.996514
50768,-95.808532,35.996532
50741,-95.809435,35.996677
50740,-95.809435,35.996703
50739,-95.809435,35.997298
50738,-95.809435,35.997324
50737,-95.809435,35.997350
50805,-95.808419,35.995929
50806,-95.808396,35.995928
50807,-95.808373,35.995928
50772,-95.808374,35.996451
50773,-95.808371,35.996468
50774,-95.808369,35.996486
50775,-95.808366,35.996503
50796,-95.807911,35.996060
50808,-95.807698,35.995921
50795,-95.807698,35.996059
50809,-95.807507,35.995921
50794,-95.807507,35.996059
50767,-95.808484,35.996895
50766,-95.808456,35.997159
50781,-95.808298,35.997047
50765,-95.808438,35.997365
50782,-95.808270,35.997355
50764,-95.808401,35.997585
50783,-95.808206,35.997614
50776,-95.807947,35.996859
50777,-95.807931,35.996855
50779,-95.807881,35.996987
50780,-95.807896,35.996992
50778,-95.807866,35.996983
50736,-95.809435,35.997816
50735,-95.809435,35.997842
50734,-95.809435,35.997868
50733,-95.809524,35.998152
50732,-95.809494,35.998151
50731,-95.809464,35.998151
50730,-95.809158,35.998170
50729,-95.809152,35.998171
50728,-95.808513,35.998703
50699,-95.809430,35.998923
50723,-95.809357,35.998785
50724,-95.809320,35.998784
50725,-95.809283,35.998784
50698,-95.809393,35.998923
50697,-95.809355,35.998923
50696,-95.809318,35.998922
50695,-95.809281,35.998922
50727,-95.808540,35.998725
50726,-95.808540,35.998728
50681,-95.809003,35.999571
50682,-95.808967,35.999571
50683,-95.808930,35.999571
50676,-95.809003,35.999709
50675,-95.808967,35.999709
50674,-95.808930,35.999709
50684,-95.808894,35.999571
50685,-95.808857,35.999571
50686,-95.808821,35.999571
50673,-95.808894,35.999709
50672,-95.808857,35.999709
50671,-95.808821,35.999709
50763,-95.808239,35.997791
50762,-95.808031,35.997909
50744,-95.808386,35.998509
50745,-95.808364,35.998526
50746,-95.808343,35.998544
50693,-95.808420,35.998821
50692,-95.808393,35.998799
50694,-95.808476,35.998856
50691,-95.808367,35.998777
50690,-95.808341,35.998756
50687,-95.808003,35.999378
50747,-95.807810,35.999168
50748,-95.807799,35.999196
50749,-95.807789,35.999225
50689,-95.807948,35.999356
50688,-95.807975,35.999367
50750,-95.807778,35.999253
50751,-95.807768,35.999282
50606,-95.807828,35.999679
50752,-95.807660,35.999659
50810,-95.807316,35.995921
50811,-95.807125,35.995921
50812,-95.806934,35.995921
50793,-95.806866,35.996653
50813,-95.806696,35.996651
50784,-95.807016,35.997484
50825,-95.806996,35.997624
50792,-95.806866,35.996679
50791,-95.806865,35.996705
50790,-95.806865,35.996731
50814,-95.806696,35.996677
50815,-95.806695,35.996703
50816,-95.806695,35.996729
50789,-95.806855,35.997329
50788,-95.806855,35.997355
50787,-95.806855,35.997381
50785,-95.806976,35.997472
50786,-95.806936,35.997460
50824,-95.806956,35.997612
50823,-95.806916,35.997600
50822,-95.806876,35.997588
50821,-95.806837,35.997576
50817,-95.806686,35.997301
50818,-95.806685,35.997327
50819,-95.806685,35.997353
50820,-95.806685,35.997379
50761,-95.807396,35.998407
50760,-95.807374,35.998426
50759,-95.807352,35.998446
50758,-95.807330,35.998466
50826,-95.806981,35.998318
50827,-95.806974,35.998318
50828,-95.806968,35.998318
50831,-95.806967,35.998454
50830,-95.806960,35.998454
50829,-95.806954,35.998454
50757,-95.807047,35.999041
50756,-95.807038,35.999064
50755,-95.807029,35.999087
50754,-95.807020,35.999110
50753,-95.806920,35.999496
50545,-95.806702,35.999639
50546,-95.806696,35.999688
50547,-95.806695,35.999743
50832,-95.805957,35.999092
50544,-95.805955,35.999230
50850,-95.805905,35.999002
50849,-95.805905,35.999027
50833,-95.805922,35.999092
50848,-95.805905,35.999052
50847,-95.805905,35.999077
50543,-95.805920,35.999230
50845,-95.805735,35.999052
50846,-95.805735,35.999077
50664,-95.809164,36.000337
50665,-95.809108,36.000338
50666,-95.809053,36.000338
50663,-95.809055,36.000476
50667,-95.808997,36.000338
50668,-95.808941,36.000339
50662,-95.808999,36.000476
50661,-95.808943,36.000477
50669,-95.808885,36.000339
50670,-95.808830,36.000340
50660,-95.808887,36.000477
50659,-95.808832,36.000478
50607,-95.808642,36.000278
50608,-95.808642,36.000303
50609,-95.808643,36.000328
50610,-95.808773,36.001260
50658,-95.808967,36.001355
50657,-95.808970,36.001403
50654,-95.808995,36.001491
50655,-95.808985,36.001491
50656,-95.808975,36.001491
50611,-95.808788,36.001306
50612,-95.808795,36.001329
50613,-95.808799,36.001363
50614,-95.808802,36.001411
50615,-95.808805,36.001443
50653,-95.808995,36.001629
50652,-95.808906,36.001702
50616,-95.808760,36.001620
50617,-95.808752,36.001642
50618,-95.808744,36.001664
50619,-95.808735,36.001695
50605,-95.807815,35.999875
50604,-95.807816,35.999964
50603,-95.807817,36.000054
50580,-95.807687,36.001013
50579,-95.807671,36.000965
50581,-95.807704,36.001060
50602,-95.807975,36.001467
50601,-95.807962,36.001563
50600,-95.807951,36.001651
50599,-95.807939,36.001740
50578,-95.806866,35.999847
50577,-95.806866,35.999938
50576,-95.806867,36.000028
50548,-95.806695,35.999792
50549,-95.806696,35.999841
50550,-95.806702,36.000625
50551,-95.806702,36.000674
50552,-95.806702,36.000723
50553,-95.806703,36.000772
50554,-95.806703,36.000821
50555,-95.806704,36.000870
50556,-95.806704,36.000919
50557,-95.806704,36.000968
50558,-95.806709,36.001022
50559,-95.806715,36.001071
50575,-95.806925,36.001474
50527,-95.805917,36.000575
50526,-95.805916,36.000601
50525,-95.805916,36.000626
50524,-95.805916,36.000652
50523,-95.805916,36.000678
50598,-95.807928,36.001829
50597,-95.807916,36.001917
50596,-95.807915,36.002000
50582,-95.807750,36.001889
50583,-95.807747,36.001913
50584,-95.807745,36.001970
50585,-95.807745,36.002019
50595,-95.807915,36.002089
50594,-95.807915,36.002178
50593,-95.807915,36.002268
50586,-95.807745,36.002069
50587,-95.807745,36.002119
50588,-95.807745,36.002168
50589,-95.807745,36.002218
50590,-95.807745,36.002268
50574,-95.806925,36.001564
50573,-95.806925,36.001655
50572,-95.806925,36.001745
50520,-95.805746,36.000624
50521,-95.805746,36.000650
50522,-95.805746,36.000676
50565,-95.807090,36.002419
50564,-95.807060,36.002419
50563,-95.807030,36.002419
50562,-95.807001,36.002419
50571,-95.806925,36.001836
50570,-95.806925,36.001926
50569,-95.806925,36.002016
50568,-95.806925,36.002107
50567,-95.806925,36.002197
50566,-95.806922,36.002262
50560,-95.806755,36.002190
50561,-95.806755,36.002239
50495,-95.805905,36.002207
50494,-95.805900,36.002241
50493,-95.805896,36.002266
50491,-95.805733,36.002238
50492,-95.805865,36.002324
50478,-95.805689,36.002830
50884,-95.805135,35.995923
50885,-95.805107,35.995922
50886,-95.805078,35.995922
50883,-95.805133,35.996061
50882,-95.805105,35.996060
50881,-95.805076,35.996060
50887,-95.805050,35.995922
50888,-95.805005,35.995907
50880,-95.805048,35.996060
50879,-95.805020,35.996060
50891,-95.804426,35.996323
50890,-95.804426,35.996335
50889,-95.804427,35.996347
50935,-95.804476,35.996501
50934,-95.804456,35.996503
50874,-95.805129,35.996721
50875,-95.805100,35.996721
50876,-95.805070,35.996721
50873,-95.805129,35.996859
50872,-95.805100,35.996859
50871,-95.805070,35.996859
50877,-95.805040,35.996721
50878,-95.805011,35.996721
50870,-95.805040,35.996859
50869,-95.805011,35.996859
50864,-95.805007,35.997511
50865,-95.804973,35.997511
50866,-95.804939,35.997511
50863,-95.805041,35.997649
50862,-95.805007,35.997649
50861,-95.804973,35.997649
50860,-95.804939,35.997649
50920,-95.804460,35.997118
50921,-95.804445,35.997120
50919,-95.804726,35.997254
50867,-95.804905,35.997511
50868,-95.804871,35.997511
50859,-95.804905,35.997649
50858,-95.804871,35.997649
50892,-95.804258,35.996331
50893,-95.804258,35.996343
50894,-95.804227,35.996399
50933,-95.804122,35.996570
50932,-95.803935,35.996623
50898,-95.803649,35.996463
50896,-95.803681,35.996503
50895,-95.803697,35.996524
50897,-95.803665,35.996483
50899,-95.803633,35.996443
50903,-95.803555,35.996598
50901,-95.803523,35.996557
50902,-95.803539,35.996577
50900,-95.803507,35.996537
50922,-95.804219,35.997180
50918,-95.804303,35.997300
50917,-95.804065,35.997410
50923,-95.803979,35.997292
50931,-95.803636,35.996730
50924,-95.803771,35.997390
50916,-95.803851,35.997510
50915,-95.803680,35.997550
50925,-95.803510,35.997550
50914,-95.803462,35.997689
50851,-95.804640,35.998311
50852,-95.804608,35.998305
50853,-95.804553,35.998290
50854,-95.804497,35.998275
50855,-95.804472,35.998269
50856,-95.804427,35.998239
50844,-95.804501,35.998420
50843,-95.804445,35.998405
50542,-95.804444,35.999229
50936,-95.804262,35.998083
50937,-95.804244,35.998103
50857,-95.804382,35.998209
50842,-95.804364,35.998375
50841,-95.804319,35.998345
50840,-95.804274,35.998315
50938,-95.803927,35.998692
50834,-95.804306,35.999091
50541,-95.804306,35.999229
50835,-95.804237,35.999091
50836,-95.804168,35.999091
50540,-95.804237,35.999229
50539,-95.804168,35.999229
50839,-95.804052,35.998878
50837,-95.804099,35.999091
50538,-95.804099,35.999229
50838,-95.804031,35.999091
50537,-95.804031,35.999229
50930,-95.803389,35.996852
50929,-95.803134,35.996980
50928,-95.802995,35.997010
50926,-95.803380,35.997569
50905,-95.802795,35.996910
50904,-95.802829,35.996943
50927,-95.802794,35.997152
50906,-95.802557,35.997119
50907,-95.802551,35.997123
50908,-95.802545,35.997127
50913,-95.802645,35.997413
50910,-95.802577,35.997366
50912,-95.802622,35.997397
50911,-95.802599,35.997381
50909,-95.802532,35.997335
50945,-95.802459,35.998712
50939,-95.802714,35.998774
50940,-95.802657,35.998777
51011,-95.802724,35.998912
50941,-95.802600,35.998780
51010,-95.802553,35.998921
50943,-95.802466,35.998755
50942,-95.802468,35.998772
50944,-95.802464,35.998738
51009,-95.802496,35.998924
50958,-95.802504,35.999476
50957,-95.802500,35.999480
50955,-95.802459,35.999281
50956,-95.802372,35.999390
50946,-95.802298,35.998766
50947,-95.802300,35.998784
50954,-95.802300,35.998939
50528,-95.804578,35.999887
50529,-95.804505,35.999887
50530,-95.804433,35.999886
50510,-95.804500,36.000691
50511,-95.804440,36.000691
50509,-95.804620,36.000829
50508,-95.804560,36.000829
50507,-95.804500,36.000829
50506,-95.804440,36.000829
50496,-95.804902,36.001479
50497,-95.804856,36.001478
50498,-95.804810,36.001477
50499,-95.804764,36.001476
50500,-95.804718,36.001475
50490,-95.804760,36.001614
50489,-95.804714,36.001613
50501,-95.804672,36.001474
50502,-95.804626,36.001473
50503,-95.804548,36.001416
50488,-95.804668,36.001612
50487,-95.804622,36.001611
50531,-95.804360,35.999885
50532,-95.804288,35.999885
50533,-95.804215,35.999884
50519,-95.804286,36.000023
50518,-95.804213,36.000022
50534,-95.804143,35.999883
50535,-95.804070,35.999883
50536,-95.803998,35.999882
50517,-95.804141,36.000021
50516,-95.804068,36.000021
50515,-95.803996,36.000020
50512,-95.804380,36.000691
50513,-95.804320,36.000691
50514,-95.804196,36.000657
51019,-95.804042,36.000713
51016,-95.803999,36.000634
51015,-95.803984,36.000608
51017,-95.804013,36.000660
51018,-95.804027,36.000686
51012,-95.803797,35.999784
51013,-95.803790,35.999835
51014,-95.803787,35.999861
50505,-95.804380,36.000829
50504,-95.804320,36.000829
51020,-95.804367,36.001400
51021,-95.804375,36.001426
51022,-95.804384,36.001452
51023,-95.804393,36.001479
51000,-95.803452,36.001536
50999,-95.803451,36.001558
50998,-95.803451,36.001580
50484,-95.804794,36.002261
50485,-95.804757,36.002261
50486,-95.804691,36.002240
51024,-95.804515,36.002204
51025,-95.804519,36.002230
50483,-95.804904,36.002399
50482,-95.804830,36.002399
50481,-95.804794,36.002399
50480,-95.804757,36.002399
50479,-95.804721,36.002399
51026,-95.804502,36.002786
51027,-95.804501,36.002803
50997,-95.803487,36.002046
50996,-95.803497,36.002067
50995,-95.803506,36.002088
50994,-95.803516,36.002110
50993,-95.803671,36.002780
50992,-95.803674,36.002802
51008,-95.802971,36.000016
51007,-95.802975,36.000053
51006,-95.802978,36.000091
51005,-95.802981,36.000128
51004,-95.802984,36.000165
51003,-95.802988,36.000203
50959,-95.802813,36.000138
50960,-95.802480,36.000221
50961,-95.802465,36.000221
50962,-95.802451,36.000221
50965,-95.802480,36.000359
50964,-95.802465,36.000359
50963,-95.802451,36.000359
51001,-95.803139,36.000872
51002,-95.803123,36.000852
50966,-95.802997,36.000948
50988,-95.803281,36.001556
50989,-95.803281,36.001578
50967,-95.802520,36.001031
50968,-95.802495,36.001031
50987,-95.802438,36.001684
50986,-95.802437,36.001706
50969,-95.802270,36.001661
50970,-95.802270,36.001682
50971,-95.802269,36.001704
50991,-95.803348,36.002134
50990,-95.803339,36.002113
50981,-95.802574,36.002264
50982,-95.802536,36.002263
50983,-95.802498,36.002262
50985,-95.802425,36.002197
50984,-95.802424,36.002218
50980,-95.802608,36.002402
50979,-95.802570,36.002402
50978,-95.802532,36.002401
50977,-95.802456,36.002400
50972,-95.802258,36.002152
50973,-95.802257,36.002173
50974,-95.802257,36.002195
50975,-95.802256,36.002216
50976,-95.802256,36.002238
51219,-95.801361,36.001860
51221,-95.801360,36.001878
51223,-95.801360,36.001895
51226,-95.801359,36.001912
51227,-95.801359,36.001929
51230,-95.801358,36.001946
51371,-95.801159,35.998056
51372,-95.801055,35.997948
51370,-95.800770,35.998301
51369,-95.800752,35.998313
51368,-95.800734,35.998325
51367,-95.800715,35.998336
51373,-95.800630,35.998217
51374,-95.800611,35.998228
51375,-95.800593,35.998240
51366,-95.800697,35.998348
51365,-95.800375,35.998657
51364,-95.800364,35.998674
50948,-95.801190,35.998805
50949,-95.801141,35.998804
50950,-95.801093,35.998803
50953,-95.801186,35.998943
50952,-95.801137,35.998942
50951,-95.801089,35.998941
51362,-95.800417,35.998756
51363,-95.800395,35.998743
51376,-95.800239,35.998575
51377,-95.800227,35.998591
51378,-95.800216,35.998608
51379,-95.800205,35.998625
51359,-95.800271,35.998839
51358,-95.800201,35.998833
51361,-95.800315,35.998866
51360,-95.800293,35.998853
51357,-95.800169,35.998852
51356,-95.800108,35.998879
51257,-95.801075,35.999754
51256,-95.801075,35.999774
51255,-95.801075,35.999794
51254,-95.801075,35.999814
51253,-95.801075,35.999834
51252,-95.801075,35.999854
51251,-95.801075,35.999874
51250,-95.801075,35.999914
51249,-95.801075,35.999934
51248,-95.801075,35.999954
51247,-95.801075,35.999974
51246,-95.801075,35.999994
51245,-95.801075,36.000014
51244,-95.801075,36.000034
51243,-95.801075,36.000054
51220,-95.801193,36.001858
51222,-95.801192,36.001876
51224,-95.801192,36.001893
51225,-95.801191,36.001910
51228,-95.801191,36.001927
51229,-95.801190,36.001944
51391,-95.799942,35.997747
51392,-95.799159,35.997749
51393,-95.799134,35.997749
51394,-95.799109,35.997750
51390,-95.799095,35.998012
51389,-95.799095,35.998017
51386,-95.798925,35.997906
51387,-95.798925,35.997911
51388,-95.798925,35.997916
51380,-95.799194,35.998791
51355,-95.799194,35.998929
51381,-95.799155,35.998791
51382,-95.799116,35.998791
51354,-95.799155,35.998929
51353,-95.799116,35.998929
51395,-95.798235,35.997742
51396,-95.798204,35.997742
51397,-95.798173,35.997742
51398,-95.798142,35.997742
51399,-95.797955,35.998194
51385,-95.798125,35.998222
51384,-95.798125,35.998237
51400,-95.797955,35.998208
51401,-95.797955,35.998222
51402,-95.797955,35.998237
51352,-95.798180,35.998929
51383,-95.798125,35.998761
51351,-95.798141,35.998929
51348,-95.797955,35.998746
51349,-95.797955,35.998761
51350,-95.797955,35.998777
51347,-95.797501,35.999095
51346,-95.797501,35.999107
51345,-95.797501,35.999119
51344,-95.797501,35.999130
51343,-95.797501,35.999142
51342,-95.797501,35.999154
51341,-95.797501,35.999166
51340,-95.797501,35.999177
51339,-95.797501,35.999189
51338,-95.797500,35.999201
51337,-95.797500,35.999213
51336,-95.797500,35.999225
51335,-95.797500,35.999236
51334,-95.797500,35.999248
51333,-95.797500,35.999260
51332,-95.797500,35.999272
51331,-95.797500,35.999284
51330,-95.797500,35.999295
51329,-95.797500,35.999307
51328,-95.797500,35.999319
51327,-95.797500,35.999331
51326,-95.797500,35.999342
51325,-95.797500,35.999354
51324,-95.797500,35.999366
51323,-95.797500,35.999378
51322,-95.797500,35.999390
51321,-95.797500,35.999401
51320,-95.797500,35.999413
51319,-95.797500,35.999425
51318,-95.797500,35.999437
51317,-95.797500,35.999448
51316,-95.797499,35.999460
51315,-95.797499,35.999472
51314,-95.797499,35.999484
51313,-95.797499,35.999496
51312,-95.797499,35.999507
51311,-95.797499,35.999519
51310,-95.797499,35.999531
51309,-95.797499,35.999543
51308,-95.797499,35.999555
51307,-95.797499,35.999566
51306,-95.797499,35.999578
51305,-95.797499,35.999590
51304,-95.797499,35.999602
51303,-95.797499,35.999613
51302,-95.797499,35.999625
51301,-95.797499,35.999637
51300,-95.797499,35.999649
51299,-95.797499,35.999661
51298,-95.797499,35.999672
51297,-95.797499,35.999684
51296,-95.797499,35.999696
51295,-95.797499,35.999708
51294,-95.797498,35.999720
51293,-95.797498,35.999731
51292,-95.797498,35.999743
51217,-95.800257,36.001875
51218,-95.800256,36.001892
51214,-95.800256,36.001910
51211,-95.800256,36.001927
51209,-95.800255,36.001944
51208,-95.800255,36.001961
51216,-95.800089,36.001873
51215,-95.800088,36.001890
51213,-95.800088,36.001908
51212,-95.800088,36.001925
51210,-95.800087,36.001942
51207,-95.800087,36.001959
51291,-95.797498,35.999755
51290,-95.797498,35.999767
51289,-95.797498,35.999778
51288,-95.797498,35.999790
51287,-95.797498,35.999802
51286,-95.797498,35.999814
51285,-95.797498,35.999826
51284,-95.797498,35.999837
51283,-95.797498,35.999849
51282,-95.797498,35.999861
51281,-95.797498,35.999884
51280,-95.797498,35.999896
51279,-95.797498,35.999908
51278,-95.797498,35.999920
51277,-95.797498,35.999932
51276,-95.797498,35.999943
51275,-95.797498,35.999955
51274,-95.797498,35.999967
51273,-95.797497,35.999979
51272,-95.797497,35.999991
51271,-95.797497,36.000014
51270,-95.797497,36.000026
51269,-95.797497,36.000038
51268,-95.797497,36.000049
51267,-95.797497,36.000061
51266,-95.797497,36.000073
51265,-95.797497,36.000085
51264,-95.797497,36.000097
51263,-95.797497,36.000108
51262,-95.797497,36.000120
51261,-95.797497,36.000132
51260,-95.797497,36.000144
51259,-95.797497,36.000156
51258,-95.797497,36.000167
51778,-95.797325,36.000757
50636,-95.810385,36.001822
50635,-95.810385,36.001894
50634,-95.810385,36.001967
50633,-95.810385,36.002039
50632,-95.810385,36.002112
50631,-95.810385,36.002184
50630,-95.810385,36.002257
50641,-95.810215,36.001822
50642,-95.810215,36.001894
50643,-95.810215,36.001967
50644,-95.810215,36.002039
50645,-95.810215,36.002112
50646,-95.810215,36.002184
50647,-95.810215,36.002257
50629,-95.810385,36.002810
50628,-95.810385,36.002827
50648,-95.809040,36.002294
50627,-95.809151,36.002430
50626,-95.809098,36.002431
50625,-95.809044,36.002432
50649,-95.808986,36.002295
50650,-95.808932,36.002296
50651,-95.808879,36.002298
50620,-95.808696,36.002263
50621,-95.808696,36.002287
50624,-95.808990,36.002433
50623,-95.808936,36.002434
50622,-95.808883,36.002436
52156,-95.809323,36.003348
52157,-95.809280,36.003343
52158,-95.809236,36.003339
52159,-95.809193,36.003335
52163,-95.809216,36.003475
52162,-95.809173,36.003471
52160,-95.809150,36.003331
52161,-95.809130,36.003467
50592,-95.807863,36.002807
52181,-95.808491,36.003489
52182,-95.808472,36.003483
52183,-95.808453,36.003477
52184,-95.808444,36.003475
52187,-95.808421,36.003614
52186,-95.808402,36.003608
52185,-95.808384,36.003603
50591,-95.807862,36.002823
52274,-95.805897,36.003307
52273,-95.805899,36.003324
52275,-95.805731,36.003330
52272,-95.805905,36.003585
52271,-95.805905,36.003772
52276,-95.805735,36.003772
52155,-95.810377,36.004480
52154,-95.810377,36.004537
52153,-95.810376,36.004594
52152,-95.810375,36.004652
52151,-95.810375,36.004709
52150,-95.810375,36.004761
52149,-95.810380,36.004819
52164,-95.810207,36.004769
52165,-95.810212,36.004827
52148,-95.810384,36.004876
52147,-95.810389,36.004934
52166,-95.810216,36.004884
52178,-95.808936,36.004072
52180,-95.808901,36.004063
52179,-95.808919,36.004068
52177,-95.808900,36.004207
52176,-95.808882,36.004202
52175,-95.808865,36.004198
52174,-95.808847,36.004193
52169,-95.808783,36.004861
52170,-95.808750,36.004852
52171,-95.808684,36.004835
52172,-95.808618,36.004817
52173,-95.808552,36.004800
52146,-95.808986,36.005050
52145,-95.808897,36.005035
52167,-95.808883,36.004887
52168,-95.808817,36.004870
52144,-95.808831,36.005017
52142,-95.808698,36.004982
52143,-95.808765,36.005000
52141,-95.808632,36.004965
52140,-95.808566,36.004947
52133,-95.808994,36.005711
52132,-95.808992,36.005857
52131,-95.808932,36.005878
52134,-95.808894,36.005741
52135,-95.808774,36.005783
52136,-95.808749,36.005791
52137,-95.808687,36.005809
52138,-95.808626,36.005828
52188,-95.808221,36.004241
52189,-95.808205,36.004236
52190,-95.807986,36.004167
52191,-95.807530,36.004030
52192,-95.807510,36.004024
52193,-95.807490,36.004018
52205,-95.807966,36.004762
52206,-95.807805,36.004717
52207,-95.807796,36.004744
52139,-95.808500,36.004930
52212,-95.807712,36.005475
52213,-95.807685,36.005473
52214,-95.807658,36.005471
52239,-95.807698,36.005611
52238,-95.807671,36.005609
52237,-95.807644,36.005607
52130,-95.808872,36.005899
52129,-95.808807,36.005921
52128,-95.808745,36.005939
52127,-95.808684,36.005958
52121,-95.808856,36.006593
52122,-95.808790,36.006615
52120,-95.808987,36.006698
52119,-95.808920,36.006721
52118,-95.808854,36.006743
52123,-95.808748,36.006622
52124,-95.808676,36.006626
52125,-95.808604,36.006630
52126,-95.808537,36.006631
52117,-95.808758,36.006760
52116,-95.808686,36.006764
52115,-95.808614,36.006768
52110,-95.808780,36.007417
52111,-95.808707,36.007425
52112,-95.808634,36.007434
52113,-95.808561,36.007442
52095,-95.808585,36.007578
52229,-95.807677,36.006331
52230,-95.807650,36.006341
52228,-95.807773,36.006448
52227,-95.807747,36.006457
52226,-95.807720,36.006467
52225,-95.807694,36.006476
52114,-95.808488,36.007451
52094,-95.808512,36.007587
52240,-95.807642,36.007264
51889,-95.807666,36.007400
51888,-95.807639,36.007403
52241,-95.807615,36.007267
52242,-95.807589,36.007270
51887,-95.807613,36.007406
52210,-95.807457,36.004156
52211,-95.807478,36.004162
52194,-95.807072,36.003890
52195,-95.807052,36.003885
52204,-95.807326,36.004857
52196,-95.806746,36.004546
52197,-95.806743,36.004570
52198,-95.806740,36.004597
52208,-95.806938,36.004683
52209,-95.806921,36.004682
52203,-95.806933,36.004821
52202,-95.806916,36.004819
52201,-95.806899,36.004818
52199,-95.806737,36.004624
52200,-95.806734,36.004652
52215,-95.807005,36.005429
52236,-95.806991,36.005565
52270,-95.805905,36.003959
52277,-95.805735,36.003959
52269,-95.805905,36.004147
52268,-95.805905,36.004853
52278,-95.805735,36.004837
52216,-95.805990,36.005421
52267,-95.805905,36.004881
52266,-95.805905,36.004909
52265,-95.805905,36.004937
52279,-95.805735,36.004865
52280,-95.805735,36.004894
52281,-95.805735,36.005102
52264,-95.805905,36.005203
52263,-95.805905,36.005407
52282,-95.805735,36.005407
52262,-95.805905,36.005722
52283,-95.805735,36.005727
52231,-95.806981,36.006456
52224,-95.807016,36.006593
52223,-95.806987,36.006594
52235,-95.806929,36.006216
52234,-95.806929,36.006252
52233,-95.806928,36.006287
52232,-95.806927,36.006323
52217,-95.806759,36.006214
52218,-95.806759,36.006250
52219,-95.806758,36.006285
52220,-95.806757,36.006321
52221,-95.806756,36.006357
52222,-95.806958,36.006595
52243,-95.806980,36.007343
51886,-95.807004,36.007479
51885,-95.806978,36.007482
52244,-95.806954,36.007346
52245,-95.806928,36.007350
52261,-95.805905,36.005892
52260,-95.805905,36.006076
52259,-95.805905,36.006260
52258,-95.805905,36.006444
52257,-95.805906,36.006701
52256,-95.805908,36.006906
52284,-95.805736,36.006703
52255,-95.805910,36.007111
52285,-95.805739,36.007010
52254,-95.805913,36.007316
52286,-95.805743,36.007318
51884,-95.806961,36.008112
51883,-95.806962,36.008126
52246,-95.806792,36.008088
52247,-95.806793,36.008102
52248,-95.806793,36.008116
52249,-95.806794,36.008130
51882,-95.806367,36.008253
51881,-95.806349,36.008252
52253,-95.805906,36.008022
52252,-95.805906,36.008047
52251,-95.805906,36.008072
52250,-95.805906,36.008098
52287,-95.805736,36.008045
52288,-95.805736,36.008070
52289,-95.805736,36.008096
51880,-95.805938,36.008249
52544,-95.804152,36.003341
52545,-95.804079,36.003341
52543,-95.804079,36.003479
52546,-95.804006,36.003341
52547,-95.803934,36.003341
52542,-95.804006,36.003479
52541,-95.803934,36.003479
52548,-95.802312,36.003391
52549,-95.802242,36.003409
52540,-95.802364,36.003521
52539,-95.802294,36.003539
52550,-95.802173,36.003427
52538,-95.802225,36.003557
52537,-95.802193,36.003574
52551,-95.802083,36.003470
51231,-95.801338,36.002721
51234,-95.801337,36.002739
51236,-95.801337,36.002756
51238,-95.801336,36.002773
51240,-95.801336,36.002790
51242,-95.801336,36.002808
51232,-95.801170,36.002719
51233,-95.801169,36.002737
51235,-95.801169,36.002754
51237,-95.801168,36.002771
51239,-95.801168,36.002788
51241,-95.801168,36.002806
51191,-95.801173,36.003306
51192,-95.800944,36.003280
51193,-95.800906,36.003302
51194,-95.800868,36.003323
51190,-95.801139,36.003331
51189,-95.801104,36.003355
51188,-95.801059,36.003382
51187,-95.801021,36.003403
51186,-95.800983,36.003425
51185,-95.800945,36.003446
51184,-95.800907,36.003467
51183,-95.800869,36.003489
51175,-95.800395,36.002962
51176,-95.800395,36.003034
51177,-95.800395,36.003107
51178,-95.800396,36.003188
51179,-95.800425,36.003294
51182,-95.800591,36.003467
51181,-95.800535,36.003409
51180,-95.800480,36.003352
51205,-95.800238,36.002733
51204,-95.800237,36.002750
51201,-95.800237,36.002767
51200,-95.800236,36.002784
51197,-95.800236,36.002801
51206,-95.800068,36.002731
51203,-95.800067,36.002748
51202,-95.800067,36.002765
51199,-95.800066,36.002782
51198,-95.800066,36.002799
51196,-95.800236,36.002819
51195,-95.800066,36.002817
52573,-95.800076,36.003835
52574,-95.800015,36.003775
52575,-95.799953,36.003714
52576,-95.799903,36.003657
52577,-95.799851,36.003591
51028,-95.797325,36.002797
52505,-95.804596,36.004156
52506,-95.804544,36.004155
52507,-95.804491,36.004155
52508,-95.804439,36.004155
52504,-95.804535,36.004293
52503,-95.804483,36.004293
52502,-95.804430,36.004293
52480,-95.804599,36.004951
52481,-95.804548,36.004951
52479,-95.804599,36.005089
52478,-95.804548,36.005089
52482,-95.804497,36.004951
52449,-95.804582,36.005744
52448,-95.804632,36.005882
52447,-95.804582,36.005882
52450,-95.804531,36.005744
52451,-95.804481,36.005744
52446,-95.804531,36.005882
52445,-95.804481,36.005882
52420,-95.804980,36.006553
52421,-95.804945,36.006553
52419,-95.804951,36.006691
52422,-95.804911,36.006553
52423,-95.804877,36.006554
52418,-95.804917,36.006691
52417,-95.804882,36.006692
52403,-95.804750,36.007331
52404,-95.804708,36.007331
52402,-95.804750,36.007469
52401,-95.804708,36.007469
52424,-95.804121,36.006556
52425,-95.804087,36.006557
52426,-95.804053,36.006557
52427,-95.804018,36.006557
52416,-95.804099,36.006694
52415,-95.804064,36.006695
52414,-95.804030,36.006695
52405,-95.803730,36.007331
52406,-95.803687,36.007331
52407,-95.803645,36.007331
52400,-95.803730,36.007469
52399,-95.803687,36.007469
52398,-95.803645,36.007469
52509,-95.803291,36.004151
52501,-95.803274,36.004289
52510,-95.803239,36.004151
52511,-95.803187,36.004151
52500,-95.803222,36.004289
52499,-95.803169,36.004289
52512,-95.803135,36.004151
52498,-95.803120,36.004289
52483,-95.803378,36.004951
52484,-95.803327,36.004951
52485,-95.803276,36.004951
52477,-95.803378,36.005089
52476,-95.803327,36.005089
52475,-95.803276,36.005089
52486,-95.803226,36.004951
52474,-95.803226,36.005089
52452,-95.803370,36.005748
52453,-95.803320,36.005748
52454,-95.803269,36.005748
52444,-95.803320,36.005886
52443,-95.803269,36.005886
52455,-95.803219,36.005748
52442,-95.803219,36.005886
52487,-95.802378,36.004879
52473,-95.802390,36.005044
52513,-95.802349,36.004334
52514,-95.802308,36.004361
52515,-95.802268,36.004388
52497,-95.802355,36.004506
52496,-95.802314,36.004533
52495,-95.802273,36.004560
52516,-95.802227,36.004415
52517,-95.802187,36.004442
52518,-95.802146,36.004468
52494,-95.802232,36.004587
52489,-95.802330,36.004833
52491,-95.802264,36.004769
52490,-95.802297,36.004801
52493,-95.802191,36.004614
52492,-95.802151,36.004642
52467,-95.802134,36.004857
52519,-95.802105,36.004495
52520,-95.802065,36.004522
52466,-95.802101,36.004826
52521,-95.801887,36.004643
52552,-95.801418,36.003928
52553,-95.801361,36.003965
52536,-95.801411,36.004109
52535,-95.801355,36.004146
52522,-95.801593,36.004853
52488,-95.802362,36.004864
52472,-95.802333,36.005016
52471,-95.802290,36.004995
52469,-95.802200,36.004921
52470,-95.802232,36.004952
52468,-95.802167,36.004889
52456,-95.802251,36.005777
52457,-95.802183,36.005787
52458,-95.802136,36.005801
52459,-95.802088,36.005815
52460,-95.802041,36.005829
52461,-95.801993,36.005843
52465,-95.801886,36.005753
52462,-95.801946,36.005857
52464,-95.801905,36.005791
52463,-95.801917,36.005821
52370,-95.801745,36.005833
52371,-95.801757,36.005863
52428,-95.803366,36.006559
52429,-95.803332,36.006559
52430,-95.803298,36.006559
52413,-95.803383,36.006697
52412,-95.803270,36.006796
52411,-95.803272,36.006831
52410,-95.803273,36.006865
52409,-95.803281,36.006885
52431,-95.803080,36.006559
52390,-95.803102,36.006800
52391,-95.803104,36.006835
52392,-95.803105,36.006869
52432,-95.802787,36.006553
52433,-95.802489,36.006556
52408,-95.803291,36.006918
52395,-95.803137,36.006984
52396,-95.803147,36.007017
52397,-95.803158,36.007051
52393,-95.803117,36.006917
52394,-95.803127,36.006950
52297,-95.802905,36.007911
52298,-95.802842,36.007898
52299,-95.802780,36.007886
52386,-95.802699,36.007779
52384,-95.802722,36.007866
52385,-95.802710,36.007822
52381,-95.802532,36.007805
52382,-95.802544,36.007849
52383,-95.802556,36.007894
52441,-95.802273,36.005913
52440,-95.802241,36.005917
52439,-95.802194,36.005931
52438,-95.802146,36.005945
52437,-95.802099,36.005959
52436,-95.802051,36.005973
52435,-95.802004,36.005987
52434,-95.802156,36.006543
52387,-95.802252,36.006851
52389,-95.802225,36.006766
52388,-95.802238,36.006809
52376,-95.801987,36.006564
52373,-95.801963,36.006488
52374,-95.801971,36.006513
52375,-95.801979,36.006539
52378,-95.802055,36.006779
52377,-95.802042,36.006736
52379,-95.802068,36.006823
52380,-95.802082,36.006866
52372,-95.801769,36.005893
52324,-95.801360,36.007903
52323,-95.801358,36.007928
52290,-95.805125,36.008111
52291,-95.805100,36.008111
52292,-95.804521,36.008111
52293,-95.804496,36.008111
52294,-95.804471,36.008111
52827,-95.803845,36.008911
52828,-95.803824,36.008911
52829,-95.803803,36.008911
52830,-95.803782,36.008911
52831,-95.803761,36.008911
52835,-95.803824,36.009049
52834,-95.803803,36.009049
52833,-95.803782,36.009049
52832,-95.803761,36.009049
52295,-95.803037,36.007968
51879,-95.803012,36.008113
52296,-95.802981,36.007943
51877,-95.802899,36.008063
51878,-95.802955,36.008088
51876,-95.802863,36.008045
51875,-95.802800,36.008032
51874,-95.802738,36.008020
52300,-95.801968,36.008421
52301,-95.801947,36.008443
51873,-95.802100,36.008507
51872,-95.802079,36.008529
52322,-95.801355,36.007953
52321,-95.801346,36.008000
52554,-95.801305,36.004003
52555,-95.801249,36.004040
52556,-95.801192,36.004077
52534,-95.801298,36.004183
52533,-95.801242,36.004221
52557,-95.801136,36.004115
52532,-95.801185,36.004258
52531,-95.801129,36.004296
52558,-95.801079,36.004152
52559,-95.801023,36.004190
52530,-95.801073,36.004333
52560,-95.800967,36.004227
52561,-95.800910,36.004265
52562,-95.800854,36.004302
52529,-95.801016,36.004371
52528,-95.800960,36.004408
52527,-95.800903,36.004446
52526,-95.800847,36.004483
52524,-95.801036,36.004802
52563,-95.800797,36.004340
52569,-95.800322,36.004078
52566,-95.800507,36.004261
52567,-95.800445,36.004200
52568,-95.800384,36.004139
52585,-95.800373,36.004345
52584,-95.800342,36.004314
52564,-95.800741,36.004377
52525,-95.800789,36.004543
52565,-95.800685,36.004415
52592,-95.800754,36.004730
52591,-95.800655,36.004627
52589,-95.800499,36.004469
52588,-95.800468,36.004438
52590,-95.800531,36.004501
52587,-95.800436,36.004407
52586,-95.800405,36.004376
52523,-95.801284,36.005062
52593,-95.801150,36.005146
52571,-95.800199,36.003957
52570,-95.800261,36.004018
52572,-95.800138,36.003896
52579,-95.800090,36.004065
52581,-95.800216,36.004190
52583,-95.800310,36.004283
52582,-95.800279,36.004252
52580,-95.800153,36.004128
52578,-95.800027,36.004003
52369,-95.799822,36.005728
52368,-95.799746,36.005708
52367,-95.799669,36.005688
52366,-95.799593,36.005668
52364,-95.799440,36.005629
52365,-95.799516,36.005648
52329,-95.801129,36.007111
52328,-95.801136,36.007131
52327,-95.801142,36.007151
52325,-95.801156,36.007192
52326,-95.801149,36.007171
52341,-95.800985,36.007207
52331,-95.799437,36.006397
52332,-95.799373,36.006380
52333,-95.799309,36.006363
52330,-95.799501,36.006413
52340,-95.799385,36.006527
52339,-95.799321,36.006510
52342,-95.799551,36.007288
52343,-95.799472,36.007288
52344,-95.799394,36.007289
52345,-95.799315,36.007289
52353,-95.799474,36.007426
52352,-95.799396,36.007427
52351,-95.799317,36.007427
51174,-95.798022,36.005371
51173,-95.797989,36.005371
51172,-95.797955,36.005372
51171,-95.797921,36.005372
51170,-95.797887,36.005373
51169,-95.797854,36.005374
51168,-95.797820,36.005374
51167,-95.797786,36.005375
51158,-95.797495,36.004883
51157,-95.797495,36.004906
51156,-95.797495,36.004929
51155,-95.797495,36.004952
51154,-95.797495,36.004975
51153,-95.797495,36.004998
51152,-95.797495,36.005021
51151,-95.797495,36.005043
51150,-95.797495,36.005066
51149,-95.797495,36.005089
51148,-95.797495,36.005112
51147,-95.797495,36.005135
51146,-95.797495,36.005158
51145,-95.797495,36.005181
51144,-95.797495,36.005204
51143,-95.797495,36.005227
51166,-95.797753,36.005376
51165,-95.797548,36.005379
51164,-95.797541,36.005379
51163,-95.797535,36.005379
51162,-95.797529,36.005379
51161,-95.797523,36.005379
51160,-95.797517,36.005379
51159,-95.797511,36.005379
51142,-95.797495,36.005416
51141,-95.797495,36.005441
51140,-95.797495,36.005466
51139,-95.797495,36.005490
51138,-95.797495,36.005515
51137,-95.797496,36.005540
51136,-95.797496,36.005564
51135,-95.797496,36.005589
51134,-95.797496,36.005614
51133,-95.797496,36.005638
51132,-95.797496,36.005663
51131,-95.797497,36.005688
51130,-95.797497,36.005712
51129,-95.797497,36.005737
51128,-95.797497,36.005762
51127,-95.797497,36.005786
51126,-95.797497,36.005811
51125,-95.797498,36.005836
51124,-95.797498,36.005860
52334,-95.799245,36.006346
52335,-95.799182,36.006330
51781,-95.799033,36.006202
51782,-95.799028,36.006216
51783,-95.799023,36.006229
51784,-95.799018,36.006243
51785,-95.799013,36.006257
51786,-95.799008,36.006271
52338,-95.799257,36.006493
52337,-95.799193,36.006476
52336,-95.799130,36.006460
52346,-95.799237,36.007290
52347,-95.799158,36.007290
52348,-95.799080,36.007291
51787,-95.798891,36.007125
51788,-95.798892,36.007142
51789,-95.798892,36.007159
51790,-95.798892,36.007176
51791,-95.798892,36.007193
51792,-95.798893,36.007210
51793,-95.798893,36.007227
51794,-95.798893,36.007244
51795,-95.798893,36.007261
51796,-95.798894,36.007279
52350,-95.799239,36.007428
52349,-95.799160,36.007428
51123,-95.797498,36.005910
52354,-95.801187,36.007943
52026,-95.812609,36.005462
52025,-95.812611,36.005490
52024,-95.812613,36.005519
52034,-95.812435,36.004495
52035,-95.812435,36.004501
52036,-95.812018,36.004521
52051,-95.811991,36.004659
50473,-95.811806,36.004506
52050,-95.811655,36.004666
52030,-95.812605,36.005197
52029,-95.812605,36.005227
52028,-95.812605,36.005257
52027,-95.812605,36.005287
52052,-95.812435,36.005166
52053,-95.812435,36.005193
52023,-95.812607,36.005565
52054,-95.812441,36.005456
52055,-95.812443,36.005487
51999,-95.811641,36.007879
51998,-95.811612,36.007895
52046,-95.811467,36.005283
52049,-95.811365,36.005126
52048,-95.811365,36.005149
52047,-95.811425,36.005282
52037,-95.811195,36.005079
52038,-95.811195,36.005102
52039,-95.811195,36.005126
52040,-95.811195,36.005149
52041,-95.811195,36.005173
52045,-95.811505,36.005422
52044,-95.811463,36.005421
52043,-95.811421,36.005420
52042,-95.811379,36.005420
52022,-95.811354,36.006212
52021,-95.811335,36.006213
52056,-95.811325,36.006075
52057,-95.811306,36.006076
52020,-95.811316,36.006214
52058,-95.810943,36.006081
52059,-95.810934,36.006081
52018,-95.811403,36.007675
52019,-95.811390,36.007633
52016,-95.811500,36.007784
52017,-95.811451,36.007729
52065,-95.811362,36.007864
52061,-95.811205,36.007607
52062,-95.811228,36.007671
52060,-95.811195,36.007521
52063,-95.811265,36.007755
52064,-95.811313,36.007809
52107,-95.810400,36.005955
52106,-95.810397,36.006221
52105,-95.810405,36.006582
52104,-95.810405,36.006729
52103,-95.810405,36.006875
52102,-95.810405,36.007022
52101,-95.810422,36.007160
52108,-95.808919,36.007395
52109,-95.808847,36.007408
52100,-95.808955,36.007529
52099,-95.808883,36.007542
52098,-95.808804,36.007553
52097,-95.808731,36.007561
52096,-95.808658,36.007570
52090,-95.808746,36.008208
52091,-95.808725,36.008211
52092,-95.808704,36.008214
52093,-95.808683,36.008218
52005,-95.814207,36.008004
52006,-95.814192,36.008326
51959,-95.814075,36.008654
51960,-95.813638,36.009241
53219,-95.814057,36.010471
53220,-95.814040,36.010471
53221,-95.814022,36.010471
51980,-95.813629,36.006831
51981,-95.813607,36.006831
51982,-95.813586,36.006831
51983,-95.813565,36.006831
51984,-95.813053,36.006831
51985,-95.813031,36.006831
51991,-95.813629,36.006969
51990,-95.813607,36.006969
51989,-95.813586,36.006969
51988,-95.813565,36.006969
51992,-95.813376,36.007630
51993,-95.813341,36.007630
51994,-95.813307,36.007630
51995,-95.813273,36.007631
52004,-95.813343,36.007768
52003,-95.813309,36.007768
52002,-95.813273,36.007769
51987,-95.813053,36.006969
51986,-95.813031,36.006969
51996,-95.812469,36.007631
51997,-95.812434,36.007631
52001,-95.812434,36.007769
52000,-95.812400,36.007769
52007,-95.813284,36.008433
52008,-95.813247,36.008433
52009,-95.813211,36.008433
51958,-95.813284,36.008571
51957,-95.813247,36.008571
51956,-95.813211,36.008571
51961,-95.813427,36.009241
51962,-95.813392,36.009241
51963,-95.813357,36.009241
51974,-95.813359,36.009379
51979,-95.813615,36.009635
51978,-95.813615,36.009646
51977,-95.813615,36.009657
51975,-95.813445,36.009646
51976,-95.813445,36.009657
52010,-95.812369,36.008436
52011,-95.812332,36.008436
52012,-95.812296,36.008436
51955,-95.812369,36.008574
51954,-95.812332,36.008574
51953,-95.812296,36.008574
51964,-95.812559,36.009249
51965,-95.812524,36.009249
51966,-95.812490,36.009250
51973,-95.812475,36.009672
51972,-95.812475,36.009684
51971,-95.812475,36.009697
51967,-95.812305,36.009660
51968,-95.812305,36.009672
51969,-95.812305,36.009684
51970,-95.812305,36.009697
53222,-95.813631,36.010471
53223,-95.813412,36.010471
53224,-95.813380,36.010471
53225,-95.813348,36.010471
53207,-95.813610,36.011003
53198,-95.813440,36.011001
53226,-95.812651,36.010471
53206,-95.813609,36.011020
53205,-95.813609,36.011037
53199,-95.813439,36.011018
53200,-95.813439,36.011035
53201,-95.813435,36.011415
53202,-95.813435,36.011432
53197,-95.812626,36.011211
53196,-95.812626,36.011237
53195,-95.812626,36.011264
53227,-95.812418,36.010472
53228,-95.812363,36.010473
53229,-95.812308,36.010474
53020,-95.812312,36.010612
53021,-95.812456,36.011209
53022,-95.812456,36.011235
53023,-95.812456,36.011262
53024,-95.811809,36.011282
53025,-95.811780,36.011282
53026,-95.811751,36.011282
53027,-95.811722,36.011282
53030,-95.811778,36.011420
53029,-95.811749,36.011420
53028,-95.811720,36.011420
52013,-95.811454,36.008439
52014,-95.811417,36.008439
52015,-95.811381,36.008440
52066,-95.811203,36.008409
51952,-95.811454,36.008577
51951,-95.811417,36.008577
51950,-95.811381,36.008578
52067,-95.811195,36.008814
51949,-95.811365,36.009037
51948,-95.811367,36.009250
51947,-95.811371,36.009351
51946,-95.811374,36.009452
52068,-95.811195,36.009037
51940,-95.811203,36.009355
51941,-95.811206,36.009456
51945,-95.811377,36.009553
51944,-95.811381,36.009655
51942,-95.811209,36.009557
51943,-95.811213,36.009659
52070,-95.810002,36.008758
52071,-95.809884,36.008766
52069,-95.810399,36.009068
51939,-95.810385,36.009222
51938,-95.810385,36.009380
52080,-95.810220,36.009055
52081,-95.810215,36.009222
51937,-95.810385,36.009539
51936,-95.810385,36.009698
53230,-95.811079,36.010519
53231,-95.811026,36.010530
53232,-95.810946,36.010566
53019,-95.811068,36.010662
53018,-95.811054,36.010672
53017,-95.811012,36.010701
53233,-95.810904,36.010595
53016,-95.810652,36.011398
53015,-95.810642,36.011425
53014,-95.810632,36.011452
53234,-95.810034,36.010473
53235,-95.809997,36.010473
53236,-95.809960,36.010472
53237,-95.809923,36.010472
52960,-95.809796,36.010982
52959,-95.809790,36.010998
52953,-95.809634,36.010944
52954,-95.809628,36.010960
52955,-95.809622,36.010976
52956,-95.809617,36.010992
52961,-95.810443,36.011498
52962,-95.810434,36.011570
52963,-95.810429,36.011606
52958,-95.809784,36.011014
52957,-95.809779,36.011030
52072,-95.809487,36.008855
52073,-95.809298,36.008902
52074,-95.809102,36.008943
52089,-95.808778,36.008342
52088,-95.808757,36.008345
52087,-95.808736,36.008348
52086,-95.808715,36.008352
52079,-95.809046,36.009096
52082,-95.809180,36.009703
52083,-95.809131,36.009707
51935,-95.809196,36.009839
51934,-95.809147,36.009843
51933,-95.809097,36.009847
51932,-95.809070,36.009855
52075,-95.808905,36.008983
52078,-95.808990,36.009109
52077,-95.808933,36.009120
52076,-95.808877,36.009132
52084,-95.809014,36.009725
52085,-95.808967,36.009739
51931,-95.809023,36.009869
51890,-95.808015,36.008006
51896,-95.808055,36.008140
51895,-95.808037,36.008142
51894,-95.808019,36.008144
51893,-95.808001,36.008147
51891,-95.807997,36.008008
51892,-95.807979,36.008011
51897,-95.807881,36.008843
51898,-95.807848,36.008849
51899,-95.807814,36.008855
51900,-95.807781,36.008861
51929,-95.807917,36.008977
51928,-95.807884,36.008983
51927,-95.807850,36.008989
51926,-95.807817,36.008995
51917,-95.807923,36.009684
51918,-95.807888,36.009689
51919,-95.807853,36.009693
51920,-95.807817,36.009698
51916,-95.807951,36.009820
51915,-95.807916,36.009825
51914,-95.807881,36.009829
53238,-95.809107,36.010437
53239,-95.809080,36.010429
53240,-95.809053,36.010422
51930,-95.808875,36.010143
52952,-95.808902,36.010649
52951,-95.808757,36.010876
52950,-95.808710,36.011061
52949,-95.808684,36.011266
52948,-95.808649,36.011681
53241,-95.807688,36.010471
53242,-95.807631,36.010471
53243,-95.807575,36.010471
53244,-95.807519,36.010471
52852,-95.807631,36.010609
52851,-95.807575,36.010609
52850,-95.807519,36.010609
51901,-95.807050,36.008911
51902,-95.807025,36.008909
51903,-95.806991,36.008906
51904,-95.806957,36.008902
51925,-95.807005,36.009045
51921,-95.807007,36.009702
51913,-95.807046,36.009839
51912,-95.807017,36.009840
51911,-95.806981,36.009842
51905,-95.806765,36.009114
51924,-95.806935,36.009259
51923,-95.806935,36.009405
51906,-95.806765,36.009259
51907,-95.806765,36.009405
51922,-95.806933,36.009554
51908,-95.806765,36.009548
51909,-95.806759,36.009695
51910,-95.806946,36.009844
53245,-95.807462,36.010471
53246,-95.807406,36.010471
53247,-95.807350,36.010471
52849,-95.807462,36.010609
52848,-95.807406,36.010609
52847,-95.807350,36.010609
53034,-95.811692,36.012107
53035,-95.811689,36.012108
53013,-95.810614,36.012053
53012,-95.810617,36.012081
53011,-95.810619,36.012110
53010,-95.810622,36.012138
53217,-95.814678,36.010465
53218,-95.814657,36.010466
53216,-95.814637,36.011070
53215,-95.814636,36.011092
53214,-95.814636,36.011114
53213,-95.814636,36.011136
53212,-95.814636,36.011158
53208,-95.814466,36.011090
53209,-95.814466,36.011112
53210,-95.814466,36.011134
53211,-95.814466,36.011156
53204,-95.813605,36.011417
53203,-95.813605,36.011434
53194,-95.812632,36.011985
53193,-95.812632,36.012011
53031,-95.812462,36.012013
53192,-95.812632,36.012037
53191,-95.812632,36.012063
53190,-95.812638,36.012948
53189,-95.812639,36.012982
53188,-95.812639,36.013015
53187,-95.812639,36.013049
53032,-95.812462,36.012039
53033,-95.812462,36.012065
53910,-95.812366,36.012094
53911,-95.812363,36.012094
53909,-95.812370,36.012232
53912,-95.812289,36.012096
53913,-95.812285,36.012096
53914,-95.812282,36.012096
53908,-95.812293,36.012234
53907,-95.812289,36.012234
53906,-95.812286,36.012234
53905,-95.812283,36.012234
53065,-95.812469,36.013015
53066,-95.812469,36.013049
53064,-95.811699,36.012245
53063,-95.811696,36.012245
53062,-95.811693,36.012246
53036,-95.811440,36.012599
53037,-95.811432,36.012616
53038,-95.811424,36.012632
53039,-95.811416,36.012649
53040,-95.811409,36.012666
53061,-95.811418,36.013035
53041,-95.811246,36.013019
53058,-95.811422,36.013079
53059,-95.811416,36.013078
53060,-95.811411,36.013077
53057,-95.811368,36.013210
53056,-95.811363,36.013209
53042,-95.811162,36.013206
53043,-95.811135,36.013269
53044,-95.811108,36.013332
52964,-95.810454,36.012400
52965,-95.810451,36.012436
52966,-95.810448,36.012472
52967,-95.810447,36.012494
53009,-95.810538,36.012729
53008,-95.810527,36.012756
53007,-95.810516,36.012783
53006,-95.810504,36.012810
53005,-95.810493,36.012837
53004,-95.810482,36.012864
53160,-95.814655,36.014118
53159,-95.814655,36.014125
53158,-95.814655,36.014133
53157,-95.814655,36.014307
53161,-95.814485,36.014114
53162,-95.814485,36.014122
53163,-95.814485,36.014129
53164,-95.814485,36.014299
53165,-95.814485,36.014307
53166,-95.814479,36.014583
53156,-95.814648,36.014641
53155,-95.814102,36.014849
53154,-95.814084,36.014849
53153,-95.814067,36.014849
53152,-95.814050,36.014849
53151,-95.814032,36.014849
53168,-95.813633,36.014665
53167,-95.813634,36.014696
53150,-95.813651,36.014849
53186,-95.812643,36.013755
53185,-95.812643,36.013789
53184,-95.812643,36.013822
53183,-95.812643,36.013856
53182,-95.812643,36.013890
53067,-95.812473,36.013789
53068,-95.812473,36.013822
53069,-95.812473,36.013856
53070,-95.811993,36.013942
53071,-95.811975,36.013948
53075,-95.812063,36.014068
53074,-95.812045,36.014074
51038,-95.811958,36.013955
53072,-95.811958,36.013955
53171,-95.813629,36.014284
53170,-95.813629,36.014299
53169,-95.813629,36.014314
53172,-95.813459,36.014286
53173,-95.813459,36.014301
53174,-95.813459,36.014316
53175,-95.813463,36.014667
53176,-95.813463,36.014682
53177,-95.813464,36.014698
53149,-95.813288,36.014849
53148,-95.812969,36.014849
53181,-95.812637,36.014608
53180,-95.812636,36.014634
53179,-95.812636,36.014659
53178,-95.812636,36.014685
53073,-95.812028,36.014081
53147,-95.811848,36.014905
53076,-95.811818,36.014769
53077,-95.811791,36.014773
53078,-95.811764,36.014778
53146,-95.811821,36.014909
53127,-95.811835,36.015430
53126,-95.811835,36.015455
53125,-95.811835,36.015479
53124,-95.811835,36.015503
53123,-95.811835,36.015527
53128,-95.811665,36.015455
53129,-95.811665,36.015479
53130,-95.811665,36.015503
53122,-95.811835,36.016008
53045,-95.811082,36.013396
53055,-95.810972,36.014073
52968,-95.810158,36.013213
52969,-95.810144,36.013247
52970,-95.810130,36.013281
53003,-95.810267,36.013380
53002,-95.810188,36.013552
52971,-95.810116,36.013315
52972,-95.810102,36.013350
52975,-95.809918,36.013298
52976,-95.809861,36.013279
52973,-95.810032,36.013336
52974,-95.809975,36.013317
52986,-95.809854,36.013426
52985,-95.809797,36.013407
52987,-95.809911,36.013445
52984,-95.809740,36.013388
52983,-95.809683,36.013369
53001,-95.810037,36.013793
53000,-95.809768,36.013982
52988,-95.809598,36.013900
52989,-95.809566,36.013914
51042,-95.811137,36.015090
53054,-95.810957,36.014110
53051,-95.810952,36.014952
53079,-95.811031,36.014977
53080,-95.811009,36.014985
53081,-95.810987,36.014994
53053,-95.810916,36.014880
53052,-95.810934,36.014916
53047,-95.810690,36.014780
53046,-95.810671,36.014716
53048,-95.810721,36.014854
53049,-95.810752,36.014916
53050,-95.810783,36.014978
53145,-95.811068,36.015115
53144,-95.810869,36.015185
53131,-95.810752,36.016025
53132,-95.810712,36.016026
53133,-95.810673,36.016026
52999,-95.809639,36.014341
52998,-95.809640,36.014353
52997,-95.809640,36.014364
52996,-95.809641,36.014376
53082,-95.809732,36.015211
53083,-95.809677,36.015211
53143,-95.809727,36.015349
53142,-95.809673,36.015349
53084,-95.809621,36.015211
53085,-95.809566,36.015211
53141,-95.809619,36.015349
53140,-95.809565,36.015349
53134,-95.809838,36.016030
53135,-95.809790,36.016033
53136,-95.809750,36.016037
53137,-95.809710,36.016040
53138,-95.809671,36.016044
53121,-95.811835,36.016295
53120,-95.811835,36.016541
53101,-95.811665,36.016541
53118,-95.811841,36.017071
53119,-95.811835,36.016787
53117,-95.811850,36.017315
53100,-95.811011,36.016162
53099,-95.810984,36.016162
53102,-95.810996,36.016801
53103,-95.810966,36.016801
53104,-95.810936,36.016801
53116,-95.810996,36.016939
53115,-95.810966,36.016939
53098,-95.810386,36.016165
53097,-95.810359,36.016166
53096,-95.810332,36.016166
53095,-95.810305,36.016166
53105,-95.810314,36.016801
53114,-95.810314,36.016939
53106,-95.810284,36.016801
51049,-95.810255,36.016801
53107,-95.810255,36.016801
51048,-95.810225,36.016801
53108,-95.810225,36.016801
53109,-95.810195,36.016801
53113,-95.810284,36.016939
53112,-95.810255,36.016939
51047,-95.810225,36.016939
53111,-95.810225,36.016939
53110,-95.810195,36.016939
53094,-95.809689,36.016180
52990,-95.809390,36.013960
52991,-95.809046,36.013989
52942,-95.808658,36.013549
52941,-95.808662,36.013576
52940,-95.808666,36.013603
52939,-95.808671,36.013630
52992,-95.808711,36.014001
52995,-95.809473,36.014380
52993,-95.809472,36.014357
52994,-95.809472,36.014368
52938,-95.808585,36.014503
52937,-95.808579,36.014520
52936,-95.808531,36.014684
53086,-95.809511,36.015211
53139,-95.809511,36.015349
53087,-95.809429,36.015921
53089,-95.809447,36.015975
53088,-95.809438,36.015948
53092,-95.809474,36.016058
53091,-95.809465,36.016030
53090,-95.809456,36.016002
52932,-95.808531,36.015837
52931,-95.808539,36.015859
52930,-95.808547,36.015881
52929,-95.808620,36.016034
52900,-95.808418,36.014476
52935,-95.808481,36.014871
52934,-95.808433,36.015050
52906,-95.808041,36.014601
52905,-95.808025,36.014603
52933,-95.808419,36.015242
51034,-95.808226,36.015253
51035,-95.808226,36.015253
52907,-95.808008,36.015257
52912,-95.808012,36.015395
52911,-95.808002,36.015395
52908,-95.807998,36.015257
52909,-95.807989,36.015258
52910,-95.807993,36.015396
53093,-95.809328,36.016285
52927,-95.809051,36.016701
52926,-95.809125,36.016874
52928,-95.808840,36.016355
52836,-95.803818,36.009681
52837,-95.803796,36.009681
52838,-95.803774,36.009681
52839,-95.803752,36.009681
52840,-95.803731,36.009681
52844,-95.803796,36.009819
52843,-95.803774,36.009819
52842,-95.803752,36.009819
52841,-95.803731,36.009819
53251,-95.805059,36.010478
53252,-95.805026,36.010478
53253,-95.804993,36.010478
53254,-95.804960,36.010479
53255,-95.803977,36.010481
53256,-95.803768,36.010481
52806,-95.803962,36.011673
52805,-95.803962,36.011727
52804,-95.803963,36.011780
52803,-95.803963,36.011834
52802,-95.803964,36.011887
52801,-95.803964,36.011941
52807,-95.803792,36.011673
52808,-95.803792,36.011727
52809,-95.803793,36.011780
52810,-95.803794,36.011887
52811,-95.803794,36.011941
51841,-95.802531,36.009430
51840,-95.802532,36.009477
51839,-95.802533,36.009524
51838,-95.802534,36.009571
51837,-95.802535,36.009619
51842,-95.802364,36.009597
51843,-95.801420,36.009680
51844,-95.801381,36.009681
51836,-95.801539,36.009817
51835,-95.801500,36.009817
51834,-95.801461,36.009818
51833,-95.801422,36.009818
53257,-95.803379,36.010481
53258,-95.802991,36.010481
52826,-95.802975,36.011194
52825,-95.802975,36.011223
52824,-95.802975,36.011252
52823,-95.802976,36.011431
52822,-95.802979,36.011758
52695,-95.802805,36.011209
53259,-95.801597,36.010486
53260,-95.801539,36.010489
53261,-95.801481,36.010491
53262,-95.801423,36.010494
51832,-95.801356,36.010461
52694,-95.801549,36.010627
52693,-95.801491,36.010629
53263,-95.801366,36.010497
52692,-95.801433,36.010632
52691,-95.801376,36.010635
52696,-95.802306,36.011288
52697,-95.802284,36.011288
52698,-95.802262,36.011288
52702,-95.802286,36.011426
52701,-95.802264,36.011426
52700,-95.802242,36.011427
52699,-95.802240,36.011289
52302,-95.800631,36.008871
52303,-95.800571,36.008871
51871,-95.800691,36.009009
51870,-95.800631,36.009009
51869,-95.800571,36.009009
52355,-95.799677,36.008071
52356,-95.799592,36.008071
52320,-95.799762,36.008209
52319,-95.799677,36.008209
52318,-95.799592,36.008209
52357,-95.799506,36.008071
52358,-95.799421,36.008071
52359,-95.799336,36.008071
52317,-95.799506,36.008209
52316,-95.799421,36.008209
52315,-95.799336,36.008209
52304,-95.799498,36.008871
52305,-95.799438,36.008871
52306,-95.799379,36.008871
52307,-95.799319,36.008871
51845,-95.800172,36.009663
51846,-95.800111,36.009662
51831,-95.800107,36.009800
51847,-95.800050,36.009661
51848,-95.799986,36.009661
51849,-95.799925,36.009661
51850,-95.799864,36.009661
51830,-95.800046,36.009799
51829,-95.799986,36.009799
51828,-95.799925,36.009799
51827,-95.799864,36.009799
51868,-95.799558,36.009009
51867,-95.799498,36.009009
51866,-95.799438,36.009009
51865,-95.799379,36.009009
51864,-95.799319,36.009009
51851,-95.799803,36.009661
51852,-95.799742,36.009661
51853,-95.799681,36.009661
51826,-95.799803,36.009799
51825,-95.799742,36.009799
51824,-95.799681,36.009799
53264,-95.799850,36.010476
52690,-95.799846,36.010614
53265,-95.799786,36.010475
53266,-95.799721,36.010474
53267,-95.799657,36.010473
53268,-95.799593,36.010472
52689,-95.799782,36.010613
52688,-95.799717,36.010612
52687,-95.799653,36.010611
52686,-95.799589,36.010610
52680,-95.799878,36.011435
52679,-95.799820,36.011434
52681,-95.799795,36.011295
52682,-95.799737,36.011294
52683,-95.799708,36.011294
52678,-95.799762,36.011433
52677,-95.799704,36.011432
52684,-95.799650,36.011293
52685,-95.799593,36.011292
52676,-95.799646,36.011431
52675,-95.799575,36.011441
52606,-95.799405,36.011248
52607,-95.799405,36.011262
52608,-95.799405,36.011443
52360,-95.799251,36.008071
52363,-95.799065,36.007963
52361,-95.799166,36.008071
52362,-95.799081,36.008071
52314,-95.799251,36.008209
52313,-95.799166,36.008209
52312,-95.799065,36.008222
51797,-95.798895,36.007956
51798,-95.798895,36.007971
51799,-95.798895,36.007985
51800,-95.798895,36.007999
51801,-95.798895,36.008014
51802,-95.798895,36.008028
51803,-95.798895,36.008057
51804,-95.798895,36.008222
51805,-95.798895,36.008349
52308,-95.799259,36.008871
52309,-95.799200,36.008871
52310,-95.799140,36.008871
52311,-95.799081,36.008871
51806,-95.798895,36.008476
51807,-95.798895,36.008603
51863,-95.799259,36.009009
51862,-95.799200,36.009009
51861,-95.799140,36.009009
51860,-95.799081,36.009009
51854,-95.798306,36.009661
51823,-95.798336,36.009799
51808,-95.798232,36.008871
51809,-95.798217,36.008871
51810,-95.798201,36.008871
51811,-95.798186,36.008871
51812,-95.798171,36.008871
51813,-95.797966,36.008872
51814,-95.797747,36.008875
51815,-95.797529,36.008879
51859,-95.798217,36.009009
51858,-95.798186,36.009009
51857,-95.798155,36.009506
51856,-95.798155,36.009528
51855,-95.798260,36.009657
51822,-95.798260,36.009797
51821,-95.798200,36.009788
51820,-95.798140,36.009780
51817,-95.797985,36.009528
51818,-95.797985,36.009551
51819,-95.797985,36.009574
51816,-95.797533,36.009017
53269,-95.798506,36.010949
53270,-95.798454,36.010964
53271,-95.798420,36.010963
53272,-95.798365,36.010967
52605,-95.798352,36.011123
52604,-95.798347,36.011338
53273,-95.798169,36.010969
53274,-95.798009,36.010967
53275,-95.797850,36.010965
52602,-95.798182,36.011121
52603,-95.798178,36.011264
52821,-95.802983,36.012086
52665,-95.802017,36.012116
52664,-95.801985,36.012255
52666,-95.801981,36.012117
52667,-95.801945,36.012118
52668,-95.801909,36.012119
52663,-95.801949,36.012256
52669,-95.800985,36.012128
52652,-95.800988,36.012266
52670,-95.800948,36.012128
52651,-95.800932,36.012267
52671,-95.800728,36.012131
52672,-95.800469,36.012131
52641,-95.800395,36.012269
52673,-95.800210,36.012131
52640,-95.800173,36.012269
52674,-95.799951,36.012131
52639,-95.799604,36.012269
52609,-95.799398,36.012131
52638,-95.799398,36.012269
52610,-95.798911,36.012131
52786,-95.804952,36.011673
52785,-95.804952,36.011727
52784,-95.804953,36.011780
52783,-95.804954,36.011887
52782,-95.804954,36.011941
52787,-95.804782,36.011673
52788,-95.804782,36.011727
52789,-95.804783,36.011780
52790,-95.804783,36.011834
52791,-95.804784,36.011887
52792,-95.804784,36.011941
52762,-95.805933,36.013106
52761,-95.805933,36.013160
52760,-95.805933,36.013213
52759,-95.805934,36.013267
52774,-95.805763,36.013106
52775,-95.805763,36.013160
52776,-95.805763,36.013213
52777,-95.805764,36.013267
52716,-95.805952,36.013418
52781,-95.804962,36.013116
52780,-95.804963,36.013170
52779,-95.804963,36.013223
52778,-95.804964,36.013277
52715,-95.805104,36.013425
52714,-95.805069,36.013426
52713,-95.804999,36.013426
52793,-95.804792,36.013116
52794,-95.804793,36.013170
52795,-95.804793,36.013223
52796,-95.804794,36.013277
52712,-95.804778,36.013429
52711,-95.804384,36.013429
52800,-95.803972,36.013116
52799,-95.803973,36.013170
52798,-95.803973,36.013223
52797,-95.803974,36.013277
52710,-95.803991,36.013429
52812,-95.803802,36.013116
52813,-95.803803,36.013170
52814,-95.803803,36.013223
52820,-95.802865,36.013027
52815,-95.802961,36.013281
52816,-95.802924,36.013281
52817,-95.802888,36.013281
52709,-95.802977,36.013419
52708,-95.802922,36.013419
52707,-95.802886,36.013419
52819,-95.802865,36.013067
52818,-95.802865,36.013108
52703,-95.802695,36.013108
52704,-95.802695,36.013148
52705,-95.802695,36.013189
52706,-95.802695,36.013230
52662,-95.801895,36.013447
52661,-95.801895,36.013504
52660,-95.801895,36.013562
52659,-95.801895,36.013619
52658,-95.801895,36.013677
52653,-95.801725,36.013447
52654,-95.801725,36.013504
52655,-95.801725,36.013562
52656,-95.801725,36.013619
52657,-95.801725,36.013677
52650,-95.800915,36.013122
52649,-95.800915,36.013163
52648,-95.800915,36.013204
52647,-95.800915,36.013245
52646,-95.800915,36.013287
52642,-95.800745,36.013163
52643,-95.800745,36.013204
52644,-95.800745,36.013245
52645,-95.800745,36.013287
52632,-95.799668,36.013267
52633,-95.799603,36.013277
52634,-95.799554,36.013281
52631,-95.799702,36.013401
52630,-95.799637,36.013411
52629,-95.799554,36.013419
52628,-95.799487,36.013419
52627,-95.799421,36.013419
52637,-95.798895,36.012873
52636,-95.798895,36.012902
52616,-95.798707,36.012268
52611,-95.798473,36.012128
52626,-95.799216,36.013416
52635,-95.798902,36.013076
52625,-95.798880,36.013372
52624,-95.798734,36.013088
52615,-95.798118,36.012263
52612,-95.798002,36.012124
52617,-95.798250,36.012938
52618,-95.798230,36.012938
52619,-95.798220,36.012938
52613,-95.797532,36.012121
52614,-95.797530,36.012259
52623,-95.798272,36.013076
52622,-95.798252,36.013076
52621,-95.798232,36.013076
52620,-95.798212,36.013077
52741,-95.807344,36.011271
52742,-95.807282,36.011271
52740,-95.807282,36.011409
52743,-95.807220,36.011271
52744,-95.807158,36.011271
52739,-95.807220,36.011409
52738,-95.807158,36.011409
52745,-95.807096,36.011271
52746,-95.807034,36.011271
52737,-95.807096,36.011409
52736,-95.807034,36.011409
52747,-95.806973,36.011271
52735,-95.806973,36.011409
53248,-95.806110,36.010471
53249,-95.806053,36.010471
53250,-95.805997,36.010471
52846,-95.806053,36.010609
52845,-95.805997,36.010609
52767,-95.805928,36.011663
52766,-95.805928,36.011717
52768,-95.805758,36.011663
52769,-95.805758,36.011717
52770,-95.805758,36.011770
52765,-95.805929,36.011824
52764,-95.805929,36.011877
52763,-95.805929,36.011931
52771,-95.805759,36.011824
52772,-95.805759,36.011877
52773,-95.805759,36.011931
52980,-95.809606,36.012275
52979,-95.809598,36.012325
52978,-95.809582,36.012424
52977,-95.809575,36.012473
52981,-95.809414,36.012406
52982,-95.809407,36.012455
52947,-95.808612,36.012054
52946,-95.808612,36.012063
52945,-95.808565,36.012796
52944,-95.808565,36.012822
52943,-95.808565,36.012848
52853,-95.807974,36.012062
52854,-95.807953,36.012062
52855,-95.807932,36.012062
52856,-95.807912,36.012062
52860,-95.807972,36.012200
52859,-95.807951,36.012200
52858,-95.807930,36.012200
52857,-95.807910,36.012200
52901,-95.808017,36.014465
52902,-95.808001,36.014467
52904,-95.808009,36.014605
52903,-95.807985,36.014469
52725,-95.807263,36.012972
52726,-95.807199,36.012997
52727,-95.807152,36.013018
52728,-95.807104,36.013039
52732,-95.806993,36.012965
52731,-95.807010,36.012995
52730,-95.807027,36.013026
52734,-95.806935,36.012234
52733,-95.806935,36.012267
52748,-95.806765,36.012134
52749,-95.806765,36.012167
52750,-95.806765,36.012200
52751,-95.806765,36.012234
52752,-95.806765,36.012267
52756,-95.806856,36.013053
52753,-95.806804,36.012962
52755,-95.806839,36.013023
52754,-95.806822,36.012992
52724,-95.807315,36.013102
52723,-95.807281,36.013117
52722,-95.807234,36.013138
52721,-95.807186,36.013159
52720,-95.807139,36.013181
52729,-95.807045,36.013057
52861,-95.807288,36.013829
52862,-95.807232,36.013856
52863,-95.807175,36.013883
52899,-95.807205,36.014028
52898,-95.807149,36.014056
52864,-95.807091,36.013924
52865,-95.807000,36.013979
52758,-95.806891,36.013115
52757,-95.806873,36.013084
52866,-95.806951,36.014014
52719,-95.806075,36.013416
52718,-95.806034,36.013416
52717,-95.805993,36.013417
52897,-95.807110,36.014083
52896,-95.807061,36.014118
52895,-95.806998,36.014953
52894,-95.806998,36.014990
52893,-95.806998,36.015027
52892,-95.806999,36.015063
52891,-95.806999,36.015100
52867,-95.806828,36.014917
52868,-95.806828,36.014953
52869,-95.806828,36.014990
52870,-95.806828,36.015027
52871,-95.806829,36.015063
52872,-95.806829,36.015100
52885,-95.807256,36.016028
52886,-95.807200,36.016029
52889,-95.807009,36.015979
52890,-95.807008,36.015942
52887,-95.807086,36.016030
52888,-95.807030,36.016031
52873,-95.806837,36.015873
52874,-95.806838,36.015909
52875,-95.806840,36.015946
52876,-95.806841,36.015983
52877,-95.806843,36.016020
52913,-95.808202,36.016798
52914,-95.808166,36.016798
52915,-95.808130,36.016798
52916,-95.808094,36.016799
52917,-95.808058,36.016799
52923,-95.808240,36.016935
52922,-95.808204,36.016936
52921,-95.808168,36.016936
52920,-95.808132,36.016936
52919,-95.808096,36.016937
52918,-95.808060,36.016937
52884,-95.807372,36.016165
52883,-95.807315,36.016166
52882,-95.807258,36.016166
52881,-95.807202,36.016167
52880,-95.807145,36.016167
52879,-95.807088,36.016168
52878,-95.807032,36.016169
52925,-95.809175,36.017101
52601,-95.801310,36.017351
50637,-95.810385,36.001749
50472,-95.811819,36.002969
52033,-95.812605,36.004495
52032,-95.812605,36.004501
52031,-95.812605,36.004507
51122,-95.797498,36.005934
51121,-95.797499,36.005959
51120,-95.797499,36.005984
51119,-95.797499,36.006033
51118,-95.797499,36.006058
51117,-95.797499,36.006082
51116,-95.797500,36.006107
51115,-95.797500,36.006132
51114,-95.797500,36.006156
51113,-95.797500,36.006181
51112,-95.797500,36.006206
51111,-95.797500,36.006230
51110,-95.797501,36.006255
51109,-95.797501,36.006280
51108,-95.797501,36.006305
51107,-95.797501,36.006329
51106,-95.797501,36.006354
51105,-95.797502,36.006379
51094,-95.797505,36.006798
51093,-95.797505,36.006823
51092,-95.797505,36.006847
51091,-95.797505,36.006872
51090,-95.797505,36.006897
51104,-95.797502,36.006403
51103,-95.797502,36.006428
51102,-95.797502,36.006453
51101,-95.797502,36.006477
51100,-95.797502,36.006502
51099,-95.797503,36.006527
51098,-95.797503,36.006551
51097,-95.797503,36.006576
51096,-95.797503,36.006601
51095,-95.797504,36.006773
51089,-95.797505,36.006921
51088,-95.797506,36.006946
51087,-95.797506,36.006971
51086,-95.797506,36.006995
51085,-95.797506,36.007020
51084,-95.797506,36.007045
51083,-95.797506,36.007069
51082,-95.797507,36.007094
51081,-95.797507,36.007119
51080,-95.797507,36.007143
51079,-95.797507,36.007168
51078,-95.797507,36.007193
51077,-95.797508,36.007218
51076,-95.797508,36.007242
51075,-95.797508,36.007267
51074,-95.797508,36.007292
51073,-95.797508,36.007316
51072,-95.797508,36.007341
51071,-95.797509,36.007366
51070,-95.797509,36.007390
51069,-95.797509,36.007415
51068,-95.797509,36.007440
51067,-95.797509,36.007464
51066,-95.797509,36.007489
51065,-95.797510,36.007514
51064,-95.797510,36.007538
51063,-95.797510,36.007563
51062,-95.797510,36.007588
51061,-95.797510,36.007612
51060,-95.797511,36.007637
51059,-95.797511,36.007662
51058,-95.797511,36.007686
51057,-95.797511,36.007711
51056,-95.797511,36.007736
51055,-95.797511,36.007760
51054,-95.797512,36.007785
51053,-95.797512,36.007810
51052,-95.797512,36.007834
51051,-95.797513,36.010900
50477,-95.815335,36.002737
