79726,-95.642308,36.031794
79713,-95.644493,36.039957
79712,-95.644493,36.039965
79711,-95.644493,36.040025
79710,-95.644493,36.040032
89618,-95.644337,36.039798
79708,-95.644323,36.040023
79709,-95.644323,36.040030
79714,-95.642182,36.039761
79715,-95.642179,36.039761
79716,-95.642164,36.039761
79707,-95.642164,36.039899
79706,-95.642157,36.039899
79717,-95.642036,36.039761
79705,-95.642036,36.039899
79718,-95.641738,36.040143
79704,-95.641897,36.040516
79727,-95.636639,36.030052
79728,-95.636471,36.030772
79736,-95.636248,36.031789
79737,-95.636478,36.032477
79735,-95.635854,36.031790
79734,-95.635672,36.031791
79733,-95.635591,36.031791
79732,-95.635570,36.031791
79730,-95.635243,36.031655
79731,-95.635422,36.031792
79729,-95.635253,36.031792
79738,-95.636479,36.032843
79739,-95.636480,36.032984
79724,-95.636661,36.035293
79740,-95.636493,36.035799
79719,-95.641383,36.040661
79703,-95.641232,36.041489
79702,-95.641232,36.041504
79701,-95.641059,36.041765
79700,-95.641004,36.041780
79720,-95.639695,36.041651
79699,-95.638907,36.041786
79723,-95.636675,36.039178
79722,-95.636675,36.040079
79721,-95.636675,36.040783
79068,-95.644552,36.041842
79067,-95.644553,36.041879
79066,-95.644553,36.041881
79065,-95.644553,36.041882
79069,-95.644382,36.041836
79698,-95.636520,36.043498
79697,-95.636692,36.043734
79696,-95.636693,36.043852
79695,-95.636694,36.043969
79756,-95.648997,36.046160
79755,-95.648977,36.046161
79752,-95.645948,36.046166
79751,-95.645516,36.046166
79754,-95.645451,36.046166
79753,-95.644694,36.046168
79750,-95.644490,36.046306
79749,-95.643838,36.046307
79747,-95.642161,36.046180
79746,-95.641988,36.046181
79748,-95.641880,36.046182
79745,-95.641194,36.046342
79741,-95.640296,36.046336
79744,-95.641189,36.047863
79694,-95.636702,36.044852
79693,-95.636711,36.045853
79683,-95.636529,36.046329
79692,-95.636701,36.048206
79691,-95.636699,36.048608
79682,-95.634742,36.046325
79684,-95.636521,36.049842
79765,-95.655717,36.046131
79764,-95.655646,36.046131
79763,-95.655622,36.046131
79758,-95.654635,36.045185
79759,-95.654629,36.045439
79757,-95.654455,36.045667
79762,-95.654890,36.046131
79761,-95.654843,36.046131
79760,-95.654447,36.046019
89664,-95.662933,36.055454
89663,-95.662932,36.055495
89662,-95.662931,36.055536
89665,-95.662761,36.055511
89666,-95.662761,36.055532
89661,-95.662916,36.056494
89660,-95.662918,36.056535
89667,-95.662746,36.056498
89668,-95.662753,36.056662
89659,-95.662708,36.058513
89658,-95.662710,36.058554
89669,-95.662539,36.058538
89670,-95.662542,36.058600
89674,-95.661371,36.055447
89673,-95.661396,36.055660
89675,-95.661407,36.055756
89676,-95.661260,36.056393
79283,-95.659918,36.054248
79282,-95.659913,36.054287
79284,-95.659750,36.054234
79285,-95.659745,36.054273
79288,-95.658420,36.054364
79294,-95.658244,36.054536
79287,-95.658420,36.055030
79585,-95.658420,36.055030
79281,-95.659825,36.055228
79280,-95.659880,36.055383
79286,-95.659566,36.055223
79305,-95.659711,36.055414
79304,-95.659553,36.055361
79306,-95.659987,36.056265
79279,-95.659833,36.057054
79307,-95.659714,36.056908
79584,-95.658400,36.055166
79303,-95.658468,36.055172
89677,-95.661148,36.057100
89671,-95.661234,36.057505
89678,-95.661068,36.057479
89672,-95.661182,36.057734
89679,-95.660941,36.058031
89652,-95.661110,36.059487
89651,-95.661098,36.060026
89650,-95.661045,36.059900
79278,-95.659808,36.057121
79308,-95.659634,36.057114
79277,-95.659735,36.057656
79276,-95.659752,36.058807
79309,-95.659582,36.058774
79310,-95.659583,36.058844
79314,-95.658425,36.057132
79328,-95.658254,36.057192
79329,-95.658246,36.057582
79313,-95.658409,36.057867
79330,-95.658239,36.057863
79312,-95.658397,36.058280
79332,-95.658241,36.058988
79331,-95.658225,36.058822
89649,-95.659443,36.059163
89648,-95.659151,36.059321
79311,-95.658715,36.059216
79295,-95.657281,36.055028
79300,-95.656420,36.054927
79302,-95.657673,36.055163
79301,-95.657429,36.055165
79315,-95.657497,36.056484
79316,-95.657386,36.056471
79317,-95.657013,36.056118
79327,-95.657239,36.056598
79318,-95.656844,36.055729
79319,-95.656835,36.055814
79320,-95.656861,36.056356
79321,-95.656902,36.056862
79296,-95.655599,36.053654
79297,-95.655429,36.053655
79298,-95.655429,36.053668
79335,-95.655603,36.053786
79334,-95.655606,36.053849
79333,-95.655610,36.053891
79336,-95.655438,36.053861
79299,-95.655836,36.054401
79322,-95.656972,36.057140
79323,-95.657112,36.057676
79324,-95.657170,36.058079
79326,-95.657723,36.058429
79325,-95.657409,36.058384
79439,-95.654441,36.061581
79398,-95.654487,36.062605
79440,-95.653745,36.061669
79441,-95.653153,36.061837
79442,-95.653137,36.061841
79443,-95.652509,36.061745
79397,-95.652021,36.061879
79444,-95.651846,36.061754
79445,-95.651793,36.061757
79396,-95.651592,36.061924
79446,-95.651173,36.061854
79447,-95.651159,36.061855
79395,-95.651198,36.061989
79394,-95.650780,36.062009
79393,-95.650755,36.062009
79392,-95.650362,36.062009
79391,-95.650345,36.062009
79390,-95.649943,36.062009
79389,-95.649935,36.062009
79448,-95.645301,36.055244
79450,-95.645345,36.056266
79449,-95.644076,36.055221
79451,-95.645345,36.057145
79452,-95.645345,36.058901
89657,-95.662811,36.058977
89653,-95.662675,36.059103
89656,-95.662882,36.059346
79681,-95.634302,36.046325
79690,-95.636687,36.050473
79685,-95.636512,36.051276
79686,-95.636509,36.051706
79689,-95.636674,36.052395
79688,-95.636672,36.052768
79687,-95.636502,36.052768
79742,-95.640978,36.055761
79743,-95.640978,36.055814
79459,-95.641139,36.057914
79458,-95.641138,36.058003
79460,-95.640969,36.057932
79457,-95.641137,36.058448
79461,-95.640967,36.058448
79462,-95.640965,36.058893
79472,-95.636662,36.054289
79471,-95.636659,36.054776
79470,-95.636668,36.056353
79469,-95.636680,36.057070
79468,-95.636696,36.059224
79467,-95.636686,36.059941
79631,-95.636685,36.059999
79680,-95.630385,36.046183
79541,-95.632167,36.060819
79542,-95.632167,36.060819
79679,-95.623584,36.046214
79671,-95.613279,36.046156
79672,-95.613226,36.046155
79670,-95.610696,36.046144
79669,-95.608924,36.046131
79667,-95.608346,36.046132
79666,-95.608308,36.046132
79665,-95.607692,36.046271
79648,-95.627798,36.031817
79725,-95.618595,36.035239
79041,-95.618205,36.001770
79044,-95.618195,36.001765
79046,-95.618194,36.001764
79673,-95.617452,35.999911
79674,-95.617444,35.999945
79675,-95.617413,36.000071
79676,-95.617401,36.000145
79677,-95.617395,36.000201
79678,-95.617388,36.000260
79565,-95.617347,36.000726
79053,-95.617805,36.001510
79047,-95.618019,36.001663
79049,-95.617937,36.001616
79050,-95.617899,36.001594
79052,-95.617878,36.001574
79051,-95.617845,36.001545
79048,-95.617807,36.001709
79039,-95.617682,36.001605
79042,-95.618115,36.001887
79043,-95.618117,36.001889
79045,-95.618105,36.001882
79040,-95.618104,36.001881
79661,-95.600914,35.981694
79662,-95.600745,35.981564
79660,-95.600915,35.981933
79611,-95.600918,35.982350
79612,-95.600918,35.982395
79610,-95.600918,35.982403
79609,-95.600919,35.982537
79608,-95.600919,35.982607
79607,-95.600919,35.982609
79606,-95.600919,35.982621
79605,-95.600920,35.982798
79603,-95.600921,35.982897
79602,-95.600921,35.982967
79601,-95.600922,35.983020
79600,-95.600922,35.983065
79614,-95.600922,35.983129
79613,-95.600923,35.983298
79035,-95.600926,35.983809
79037,-95.600929,35.984309
79036,-95.600761,35.984220
79017,-95.600738,35.985860
78987,-95.600730,35.987236
78991,-95.600734,35.987423
78992,-95.600734,35.987460
78993,-95.600735,35.987509
78994,-95.600736,35.987548
78995,-95.600737,35.987596
78996,-95.600738,35.987639
78986,-95.600739,35.987670
78985,-95.600739,35.987688
78997,-95.600744,35.987939
79563,-95.624284,36.060836
79564,-95.623114,36.060845
79566,-95.618165,36.060737
79560,-95.632979,36.061835
79544,-95.632923,36.062195
79543,-95.632370,36.061332
79547,-95.632491,36.063680
79556,-95.632614,36.063845
79549,-95.632155,36.063353
79551,-95.632362,36.063776
79546,-95.631703,36.063375
79548,-95.630395,36.061907
79550,-95.631355,36.063999
79552,-95.631348,36.064091
79555,-95.631179,36.064106
79554,-95.630831,36.063838
79553,-95.630569,36.063799
78002,-95.628080,36.070983
78001,-95.628130,36.071114
81500,-95.625679,36.071161
81501,-95.625618,36.071161
81502,-95.625614,36.071161
81503,-95.625611,36.071161
81504,-95.625539,36.071161
81505,-95.625536,36.071161
81539,-95.625533,36.071161
81491,-95.625618,36.071299
81490,-95.625614,36.071299
81489,-95.625611,36.071299
81488,-95.625539,36.071299
81487,-95.625536,36.071299
81538,-95.625533,36.071299
79567,-95.611831,36.060726
79568,-95.610875,36.060727
79569,-95.610853,36.060727
79570,-95.610386,36.060727
79664,-95.605086,36.046140
79019,-95.606515,36.050876
79021,-95.606515,36.050876
79022,-95.606515,36.050876
79020,-95.606527,36.051014
79668,-95.606527,36.051014
79663,-95.601845,36.046148
79573,-95.608622,36.059463
79572,-95.608452,36.059463
79571,-95.608618,36.060090
79574,-95.607743,36.060869
79575,-95.607691,36.060869
79576,-95.606673,36.060869
79598,-95.602271,36.060693
79599,-95.601712,36.060688
79034,-95.605293,36.072843
79025,-95.604795,36.072749
79026,-95.605306,36.073603
79029,-95.605139,36.073633
79027,-95.605323,36.074802
79023,-95.605302,36.075214
79028,-95.605152,36.074682
79024,-95.604645,36.072735
79033,-95.602931,36.072233
79578,-95.602896,36.072208
79579,-95.602896,36.072208
79581,-95.602896,36.072208
79032,-95.602833,36.072339
79577,-95.602784,36.072312
79580,-95.602784,36.072312
79582,-95.602784,36.072312
79583,-95.602784,36.072312
79031,-95.603073,36.072925
79586,-95.602919,36.073389
79587,-95.602922,36.073451
79588,-95.603093,36.073495
79595,-95.603100,36.073683
79593,-95.603102,36.073726
79597,-95.603102,36.073729
79589,-95.602926,36.073564
79590,-95.602926,36.073568
79591,-95.602927,36.073598
79592,-95.602928,36.073630
79594,-95.602932,36.073733
79596,-95.602932,36.073738
79030,-95.603487,36.074639
79659,-95.597624,36.046274
79658,-95.595289,36.046261
79657,-95.593228,36.046256
79656,-95.591258,36.046255
79655,-95.590630,36.046254
79654,-95.590205,36.046254
79653,-95.588320,36.046253
79652,-95.588286,36.046253
79651,-95.588133,36.046252
79650,-95.587539,36.046252
79615,-95.582839,36.060671
79617,-95.582839,36.060671
79646,-95.583025,36.060822
79647,-95.583025,36.060822
79649,-95.582855,36.060822
79616,-95.582616,36.060671
79645,-95.583026,36.061411
79644,-95.583026,36.061468
79622,-95.582874,36.067817
79623,-95.576248,36.060665
79624,-95.574610,36.060645
79625,-95.572434,36.060638
79626,-95.572132,36.060638
79643,-95.572093,36.060776
79627,-95.571595,36.060638
79628,-95.570547,36.060636
79642,-95.570416,36.060774
79641,-95.569079,36.060635
79639,-95.568424,36.060772
79640,-95.568371,36.060772
79630,-95.565067,36.058232
79629,-95.565790,36.060631
79632,-95.564958,36.061515
79638,-95.565126,36.062115
79637,-95.565156,36.064805
79636,-95.565157,36.067200
79634,-95.565155,36.067608
79635,-95.565155,36.067636
79633,-95.564961,36.067919
79202,-95.661772,36.075173
79264,-95.661552,36.075172
79263,-95.661506,36.075171
79201,-95.660518,36.075168
79203,-95.660369,36.075167
79200,-95.661323,36.077057
79204,-95.659449,36.075164
79262,-95.659206,36.075301
79251,-95.658386,36.075423
79252,-95.658216,36.075443
79250,-95.658389,36.075815
79249,-95.658393,36.076473
79217,-95.658223,36.076500
79248,-95.658390,36.076878
79218,-95.658220,36.076878
79247,-95.658387,36.077284
79399,-95.654491,36.064260
79401,-95.654663,36.065133
79400,-95.654495,36.065776
79437,-95.654672,36.068580
79438,-95.654677,36.070603
79436,-95.654678,36.070832
79409,-95.654509,36.071384
79412,-95.654510,36.071706
79410,-95.654681,36.072027
79411,-95.654513,36.073085
79413,-95.654457,36.073191
79415,-95.654416,36.073191
79414,-95.654386,36.073330
79261,-95.657059,36.075299
79205,-95.656571,36.075161
79260,-95.656571,36.075299
79253,-95.657791,36.076244
79254,-95.657479,36.076246
79216,-95.657356,36.076385
79255,-95.657167,36.076248
79215,-95.656965,36.076547
79256,-95.656443,36.076247
79213,-95.656441,36.076385
79214,-95.656795,36.076547
79259,-95.655921,36.075299
79206,-95.655670,36.075161
79258,-95.655481,36.075299
79435,-95.654685,36.073967
79434,-95.654515,36.074515
79433,-95.654515,36.074567
79208,-95.654874,36.075162
79207,-95.654797,36.075149
79257,-95.655706,36.076242
79212,-95.655738,36.076380
79209,-95.655289,36.075815
79210,-95.655281,36.076464
79211,-95.655276,36.076719
79417,-95.653780,36.073198
79420,-95.653577,36.073200
79416,-95.653317,36.073330
79418,-95.653250,36.073327
79421,-95.653069,36.073180
79422,-95.652434,36.073151
79419,-95.652188,36.073278
79372,-95.651741,36.073128
79424,-95.650876,36.073351
79432,-95.651566,36.074495
79431,-95.651490,36.074489
79429,-95.651482,36.074489
79426,-95.651395,36.074483
79423,-95.650967,36.074196
79430,-95.651545,36.074630
79428,-95.651466,36.074625
79427,-95.651461,36.074624
79425,-95.651099,36.074608
79199,-95.661145,36.078828
79196,-95.661131,36.078839
79197,-95.660149,36.078950
79219,-95.658385,36.077717
79246,-95.658385,36.077935
79245,-95.658388,36.078361
79222,-95.658221,36.078868
79244,-95.658401,36.080388
79243,-95.658403,36.080654
79242,-95.658404,36.080922
79241,-95.658399,36.081322
79240,-95.658394,36.081722
79239,-95.658387,36.082255
79229,-95.658637,36.083336
79238,-95.658446,36.083199
79223,-95.658068,36.083197
79228,-95.658186,36.083337
79220,-95.657583,36.077731
79221,-95.657598,36.077869
79224,-95.657581,36.083189
79227,-95.657893,36.083332
79226,-95.657334,36.083323
79225,-95.656613,36.084034
79453,-95.645345,36.059779
79456,-95.641135,36.058893
79455,-95.641069,36.059344
79463,-95.640901,36.059324
79454,-95.641035,36.059777
79464,-95.640865,36.059777
79465,-95.640865,36.060222
79466,-95.637635,36.060673
79385,-95.649362,36.063319
79386,-95.649212,36.063247
79387,-95.648797,36.063626
79388,-95.648781,36.063618
79381,-95.648787,36.065191
79383,-95.648680,36.063728
79384,-95.648713,36.063744
79337,-95.647638,36.062118
79338,-95.647597,36.062117
79339,-95.647536,36.062116
79341,-95.647634,36.062256
79340,-95.647573,36.062255
79342,-95.647638,36.063586
79346,-95.647632,36.063724
79343,-95.647597,36.063585
79344,-95.647534,36.063583
79345,-95.647570,36.063722
79382,-95.647744,36.065199
79350,-95.647498,36.065201
79349,-95.647004,36.065201
79348,-95.646974,36.065201
79380,-95.648744,36.065329
79379,-95.648190,36.065333
79378,-95.647861,36.068305
79347,-95.647524,36.066136
79351,-95.647666,36.067027
79354,-95.647660,36.067165
79353,-95.647636,36.067164
79352,-95.647275,36.067015
79377,-95.647845,36.069656
79376,-95.647861,36.070726
79375,-95.647862,36.071049
79371,-95.648776,36.072606
79374,-95.647836,36.072439
79373,-95.648170,36.072595
79355,-95.647678,36.069399
79356,-95.647675,36.069654
79402,-95.647658,36.069721
79403,-95.647658,36.069721
79404,-95.647658,36.069721
79405,-95.647658,36.069721
79406,-95.647658,36.069859
79407,-95.647658,36.069859
79408,-95.647658,36.069859
79357,-95.647446,36.069721
79358,-95.647446,36.069859
79359,-95.647687,36.070505
79360,-95.647692,36.071031
79361,-95.647682,36.071558
79364,-95.647643,36.072589
79365,-95.647669,36.073439
79368,-95.648914,36.074437
79369,-95.648834,36.074298
79370,-95.647843,36.074212
79367,-95.647860,36.074429
79366,-95.647248,36.074443
79362,-95.646678,36.074024
79363,-95.646702,36.074206
79071,-95.644678,36.077434
79064,-95.644636,36.076351
79070,-95.644418,36.076307
79508,-95.640277,36.062308
79507,-95.640118,36.062263
79503,-95.640303,36.062956
79502,-95.640294,36.063097
79509,-95.640088,36.063184
79519,-95.640071,36.063183
79510,-95.639846,36.063170
79520,-95.639829,36.063169
79511,-95.639744,36.063167
79521,-95.639727,36.063166
79512,-95.639659,36.063165
79522,-95.639591,36.063163
79513,-95.639557,36.063162
79501,-95.640280,36.063345
79518,-95.640074,36.063320
79500,-95.640265,36.063630
79499,-95.640247,36.063917
79498,-95.640227,36.064202
79517,-95.639972,36.063314
79515,-95.639670,36.063303
79514,-95.639568,36.063300
79497,-95.640107,36.064834
79529,-95.639890,36.065011
79496,-95.640056,36.065039
79495,-95.639995,36.065245
79506,-95.639485,36.062150
79516,-95.639517,36.063299
79528,-95.639292,36.064390
79527,-95.639001,36.064379
79526,-95.638697,36.064379
79505,-95.638375,36.063269
79523,-95.638242,36.064239
79525,-95.638393,36.064379
79539,-95.637543,36.065172
79494,-95.639931,36.065447
79493,-95.639855,36.065651
79530,-95.639723,36.065531
79492,-95.639690,36.065990
79491,-95.639613,36.066127
79531,-95.639483,36.065592
79533,-95.639419,36.065718
79532,-95.639402,36.065713
79534,-95.639510,36.065978
79535,-95.639382,36.066205
79490,-95.639510,36.066308
79489,-95.639433,36.066444
79536,-95.639279,36.066386
79061,-95.639094,36.066665
79488,-95.638988,36.066853
79538,-95.637541,36.065361
79537,-95.638366,36.066632
79540,-95.638278,36.066774
79487,-95.638107,36.067502
79486,-95.637918,36.067506
79485,-95.637578,36.067500
79504,-95.637327,36.062126
79524,-95.637354,36.064541
79562,-95.633846,36.061562
79561,-95.633910,36.061720
79559,-95.633542,36.063684
79483,-95.634785,36.068995
79482,-95.634521,36.068888
79481,-95.634257,36.068781
79473,-95.633937,36.068499
79480,-95.633592,36.068548
79073,-95.639490,36.076733
79072,-95.639439,36.077023
79074,-95.639104,36.077062
79484,-95.636347,36.069378
79059,-95.635839,36.075338
79058,-95.635784,36.075340
79057,-95.634160,36.075355
79545,-95.633132,36.062732
79558,-95.633176,36.063857
79557,-95.632872,36.063859
79474,-95.632561,36.068409
79479,-95.632563,36.068547
79478,-95.632212,36.068674
79477,-95.631175,36.069149
79476,-95.630447,36.069371
79475,-95.629585,36.070822
79056,-95.633349,36.075352
79038,-95.625351,36.075201
79054,-95.625351,36.075339
79055,-95.625351,36.075339
79063,-95.641649,36.078202
79062,-95.641542,36.078308
79060,-95.636505,36.086492
79075,-95.636671,36.087438
79076,-95.636665,36.089104
78998,-95.636656,36.089699
78999,-95.636656,36.089699
79000,-95.636656,36.089699
79080,-95.636656,36.089699
79081,-95.636656,36.089699
79079,-95.636486,36.089697
79082,-95.636486,36.089697
81513,-95.697148,36.073415
81511,-95.697085,36.073416
81509,-95.697022,36.073416
81484,-95.695441,36.072163
81485,-95.695442,36.072206
81486,-95.695452,36.073291
81506,-95.695453,36.073333
81507,-95.695453,36.073375
81508,-95.695454,36.073417
81512,-95.697150,36.073553
81510,-95.697024,36.073554
81528,-95.697156,36.074731
81527,-95.697123,36.074593
81530,-95.697059,36.074593
81529,-95.697093,36.074731
81531,-95.697030,36.074732
81535,-95.696996,36.074594
81532,-95.696966,36.074732
81533,-95.696903,36.074732
81537,-95.695457,36.073636
81536,-95.695457,36.073639
81534,-95.695457,36.073641
86217,-95.694243,36.075289
81415,-95.690365,36.067959
81421,-95.690365,36.068184
81420,-95.690365,36.068635
81419,-95.690365,36.068860
81418,-95.690370,36.069536
81417,-95.690380,36.071112
81416,-95.690222,36.073596
89752,-95.690261,36.075270
89786,-95.689463,36.075395
86198,-95.690269,36.075953
86199,-95.690256,36.077415
89785,-95.687262,36.075379
89784,-95.685695,36.075421
89781,-95.685695,36.075481
89783,-95.685865,36.077187
89769,-95.684180,36.075395
89764,-95.684008,36.075423
89766,-95.684165,36.075702
89772,-95.684163,36.075736
89761,-95.684148,36.076044
89760,-95.684140,36.076215
89776,-95.684138,36.076249
89767,-95.684130,36.076420
89763,-95.683993,36.075730
89773,-95.683985,36.075901
89771,-95.683976,36.076072
89768,-95.683960,36.076414
89774,-95.684115,36.076728
89762,-95.684110,36.076830
89777,-95.684107,36.076899
89770,-95.683943,36.076756
89765,-95.683938,36.076858
89775,-95.683935,36.076927
86136,-95.701884,36.089935
86138,-95.701866,36.089935
86135,-95.700298,36.089931
86134,-95.700280,36.089931
86133,-95.700262,36.089931
86132,-95.699973,36.089930
86187,-95.692119,36.089796
86186,-95.693541,36.089946
86185,-95.693259,36.089938
86200,-95.690244,36.078743
86196,-95.690405,36.079762
86197,-95.690405,36.079807
86201,-95.690171,36.079821
86211,-95.690218,36.079959
86202,-95.688736,36.079823
86210,-95.688922,36.079999
86207,-95.688740,36.079961
86208,-95.688752,36.080024
86209,-95.688904,36.081294
86206,-95.687793,36.079983
86203,-95.687170,36.079859
86204,-95.687378,36.079992
86205,-95.687113,36.079998
86212,-95.690235,36.082052
86194,-95.690405,36.083028
86195,-95.690405,36.083130
86193,-95.690405,36.083257
86192,-95.690405,36.083385
86191,-95.690218,36.083638
86213,-95.689952,36.083637
86190,-95.690396,36.084501
86189,-95.690395,36.084595
86188,-95.690387,36.085420
86214,-95.688226,36.083635
89780,-95.685695,36.078681
89779,-95.685695,36.079967
86215,-95.690206,36.086560
86216,-95.690206,36.086621
78702,-95.688814,36.089813
78703,-95.687444,36.089806
78704,-95.686783,36.089801
86184,-95.690405,36.090855
78701,-95.690220,36.089930
86183,-95.690405,36.091485
86182,-95.690235,36.092272
78705,-95.686810,36.089939
78706,-95.685958,36.089801
78707,-95.683484,36.089795
78708,-95.683347,36.089795
78709,-95.684584,36.089936
85240,-95.693825,36.094345
85241,-95.693825,36.094345
85242,-95.693825,36.094345
86176,-95.693956,36.095949
85238,-95.693717,36.094239
85239,-95.693717,36.094239
86178,-95.693436,36.094441
86177,-95.693482,36.095380
86179,-95.693314,36.095388
86180,-95.692494,36.095994
86175,-95.692780,36.096047
86174,-95.692301,36.096168
86181,-95.691300,36.096134
86173,-95.690996,36.096336
86172,-95.690236,36.096114
86171,-95.690236,36.096146
86170,-95.690244,36.097228
86169,-95.690284,36.100558
86168,-95.690264,36.102459
86167,-95.690245,36.104267
86164,-95.688873,36.104301
78750,-95.688168,36.104449
78749,-95.687962,36.104452
86165,-95.686041,36.104342
86166,-95.684676,36.104528
78751,-95.683246,36.104422
78752,-95.682853,36.104392
81233,-95.678831,36.064902
89757,-95.682044,36.075379
89758,-95.681934,36.075379
89759,-95.681824,36.075379
89756,-95.681780,36.075379
89751,-95.681318,36.075242
89750,-95.680218,36.075243
89749,-95.680174,36.075381
89755,-95.680108,36.075381
89753,-95.680064,36.075381
89754,-95.680042,36.075381
89748,-95.679118,36.075244
89633,-95.674568,36.072441
89747,-95.675224,36.075247
89746,-95.675026,36.075247
89745,-95.674784,36.075247
89695,-95.672347,36.068771
89693,-95.672349,36.068909
89699,-95.672259,36.068771
89701,-95.672085,36.068772
89697,-95.671998,36.068773
89692,-95.671911,36.068774
89687,-95.671824,36.068774
89696,-95.672267,36.068909
89700,-95.672185,36.068910
89702,-95.672103,36.068910
89698,-95.672022,36.068911
89694,-95.671940,36.068911
89691,-95.671858,36.068912
89685,-95.671737,36.068775
89681,-95.671649,36.068775
89682,-95.671562,36.068776
89689,-95.671475,36.068777
89690,-95.671388,36.068777
89686,-95.671777,36.068912
89684,-95.671695,36.068913
89683,-95.671532,36.068914
89688,-95.671450,36.068915
89715,-95.666785,36.068965
89716,-95.666627,36.068802
89718,-95.666629,36.068940
89704,-95.672347,36.070601
89634,-95.673289,36.072446
89635,-95.673273,36.072446
89632,-95.673273,36.072584
89631,-95.673257,36.072584
89630,-95.673241,36.072584
89705,-95.671675,36.070606
89738,-95.671751,36.070743
89737,-95.671154,36.070748
89706,-95.671004,36.070611
89736,-95.670556,36.070751
89707,-95.670332,36.070614
89744,-95.673948,36.075248
89743,-95.673794,36.075248
89640,-95.672521,36.075624
89639,-95.672518,36.075974
89636,-95.672515,36.076266
89638,-95.672513,36.076441
89637,-95.672512,36.076558
89739,-95.672338,36.076964
89629,-95.672505,36.077258
89741,-95.672333,36.077361
89735,-95.669958,36.070753
89708,-95.669660,36.070617
89734,-95.669361,36.070756
89709,-95.668987,36.070620
89733,-95.668763,36.070758
89710,-95.668314,36.070623
89732,-95.668167,36.070762
89711,-95.667642,36.070627
89731,-95.667569,36.070765
89730,-95.666970,36.070631
89712,-95.666972,36.070769
89714,-95.666972,36.070769
89729,-95.666768,36.070631
89728,-95.666770,36.070769
79274,-95.667094,36.075344
79273,-95.667034,36.075343
79272,-95.666204,36.075336
89723,-95.665308,36.068953
89717,-95.666069,36.070772
89719,-95.665368,36.070775
89720,-95.665368,36.070775
89725,-95.664718,36.069466
89726,-95.664718,36.069466
89722,-95.664705,36.070539
89713,-95.664718,36.070629
89727,-95.664718,36.070629
89721,-95.664535,36.070537
89724,-95.664630,36.070745
79271,-95.666008,36.075334
79269,-95.665097,36.075328
79268,-95.663482,36.075181
79270,-95.663278,36.075180
79267,-95.662722,36.075315
79266,-95.662710,36.075315
79265,-95.662282,36.075175
79140,-95.677708,36.080695
79136,-95.677288,36.080689
79137,-95.677280,36.080689
79139,-95.677286,36.080827
79138,-95.677201,36.080826
79135,-95.677072,36.080824
79134,-95.676987,36.080823
79141,-95.676877,36.080683
79133,-95.676790,36.080820
79132,-95.676340,36.080798
79131,-95.676314,36.080796
79130,-95.676195,36.080789
79142,-95.675910,36.080651
79129,-95.676021,36.080789
79128,-95.675747,36.080789
89625,-95.676972,36.083661
78730,-95.677112,36.084866
78729,-95.677100,36.085357
78731,-95.676929,36.085405
78711,-95.682494,36.089793
78712,-95.679909,36.089803
78710,-95.682522,36.089931
78721,-95.679235,36.090201
78720,-95.679236,36.090544
78719,-95.679237,36.090851
78713,-95.679066,36.090544
78714,-95.679067,36.090845
78728,-95.677103,36.085846
78727,-95.677125,36.086732
78725,-95.677125,36.087076
78726,-95.677125,36.087199
78724,-95.677110,36.088478
78723,-95.677081,36.089165
78722,-95.677083,36.089752
78735,-95.675614,36.089791
78732,-95.677926,36.089941
78733,-95.677886,36.089941
78734,-95.677867,36.089940
78736,-95.675644,36.089929
89742,-95.672500,36.077724
89740,-95.672330,36.077699
89628,-95.672497,36.077958
79275,-95.672518,36.079063
79192,-95.673623,36.080651
79143,-95.672492,36.079721
79144,-95.672463,36.080117
79194,-95.673057,36.080651
79127,-95.672493,36.081040
79126,-95.672496,36.081142
79125,-95.672518,36.081963
79145,-95.672355,36.082238
79123,-95.672365,36.083071
79124,-95.672535,36.083214
79122,-95.672537,36.084000
79121,-95.672367,36.084286
79120,-95.672539,36.085216
79119,-95.672539,36.085681
86102,-95.672251,36.082633
86103,-95.672080,36.082636
79117,-95.672540,36.085895
79116,-95.672540,36.086110
79115,-95.672370,36.086253
79113,-95.672370,36.086289
79114,-95.672541,36.087004
79112,-95.672542,36.087254
79111,-95.672372,36.087361
79118,-95.672373,36.087969
79110,-95.672365,36.089757
78738,-95.671402,36.089775
78739,-95.671178,36.089773
78737,-95.673629,36.089918
79109,-95.672362,36.090282
79108,-95.672527,36.091406
78744,-95.671280,36.089912
78740,-95.670145,36.089763
78741,-95.669904,36.089760
78743,-95.668180,36.089881
78747,-95.680991,36.104429
78748,-95.679424,36.104408
78746,-95.675838,36.104370
78755,-95.674951,36.104234
79107,-95.672549,36.094413
79106,-95.672559,36.095415
79105,-95.672582,36.100287
78753,-95.673286,36.104238
78756,-95.673258,36.104238
78745,-95.672693,36.104239
78754,-95.672581,36.104240
78758,-95.672401,36.105504
78757,-95.672573,36.105791
78759,-95.672403,36.105791
78760,-95.672404,36.105899
78761,-95.672416,36.107944
78762,-95.672417,36.108051
78765,-95.672590,36.108590
78763,-95.672419,36.108410
78764,-95.672420,36.108590
79193,-95.663315,36.078870
79195,-95.662786,36.078867
79191,-95.663542,36.079681
79190,-95.663541,36.079854
79188,-95.663369,36.080895
79187,-95.663368,36.080999
79186,-95.663367,36.081485
79146,-95.665303,36.082479
79148,-95.664955,36.082478
79149,-95.664911,36.082477
79147,-95.664962,36.082616
79150,-95.664889,36.082477
79151,-95.664599,36.082476
79153,-95.664394,36.082613
79152,-95.664245,36.082612
79154,-95.663771,36.082610
79155,-95.663739,36.082609
79158,-95.663721,36.082609
79189,-95.663365,36.082318
79157,-95.663591,36.082471
79156,-95.663550,36.082609
79185,-95.663365,36.082457
79159,-95.663366,36.082807
79184,-95.663540,36.083390
79183,-95.663543,36.083921
79182,-95.663547,36.084398
79160,-95.663377,36.084504
79161,-95.663381,36.084982
79181,-95.663551,36.085088
79180,-95.663552,36.085114
79198,-95.661829,36.078999
79233,-95.660215,36.083191
79234,-95.660142,36.083191
79235,-95.660020,36.083191
79236,-95.659725,36.083191
79232,-95.659897,36.083547
79237,-95.659086,36.083195
79230,-95.659279,36.083332
79231,-95.659740,36.083958
85399,-95.666120,36.087931
85400,-95.666120,36.087931
85401,-95.666118,36.088069
85402,-95.666118,36.088069
79174,-95.665717,36.087927
79173,-95.665540,36.088063
79176,-95.665244,36.087922
79179,-95.663511,36.086442
79178,-95.663496,36.086734
79162,-95.663334,36.086569
79177,-95.663495,36.087844
79163,-95.663338,36.088256
79164,-95.663358,36.088654
79170,-95.663392,36.089323
79172,-95.663394,36.089354
78742,-95.663291,36.089842
79171,-95.662656,36.089837
79169,-95.662437,36.089694
79165,-95.662153,36.089689
79167,-95.662148,36.089689
79166,-95.662010,36.089825
79168,-95.661460,36.089681
79104,-95.661262,36.104352
79103,-95.660615,36.104351
79102,-95.660075,36.104212
79101,-95.659967,36.104350
79100,-95.659902,36.104350
79099,-95.657593,36.104207
79098,-95.656319,36.104204
79095,-95.654678,36.103429
81493,-95.700434,36.073727
81492,-95.700039,36.073530
81641,-95.698410,36.062426
81593,-95.698240,36.062428
81640,-95.698412,36.062594
81594,-95.698242,36.062596
81595,-95.697966,36.062892
81608,-95.697960,36.063030
81596,-95.697832,36.062889
81607,-95.697826,36.063027
81606,-95.697691,36.063023
81639,-95.698249,36.063921
81638,-95.698248,36.064025
81637,-95.698247,36.064128
81609,-95.698078,36.063997
81610,-95.698077,36.064126
81611,-95.697934,36.064318
81614,-95.697973,36.064457
81612,-95.697851,36.064318
81613,-95.697890,36.064456
81601,-95.695876,36.062839
81600,-95.695877,36.062841
81599,-95.695878,36.062843
81598,-95.695879,36.062845
81597,-95.695879,36.062846
81602,-95.695717,36.062886
81605,-95.695719,36.062891
81603,-95.695717,36.062888
81604,-95.695718,36.062890
81580,-95.694868,36.063466
81579,-95.694907,36.063553
81636,-95.698246,36.065290
81635,-95.698247,36.065386
81634,-95.698247,36.065482
81615,-95.698077,36.065362
81616,-95.698077,36.065482
81633,-95.698251,36.066492
81632,-95.698251,36.066588
81631,-95.698252,36.066684
81617,-95.698081,36.066492
81618,-95.698081,36.066588
81619,-95.698082,36.066684
81630,-95.698248,36.067695
81629,-95.698246,36.067791
81620,-95.698079,36.067669
81621,-95.698077,36.067765
81628,-95.698244,36.067888
81622,-95.698225,36.068802
81627,-95.698221,36.068994
81626,-95.698219,36.069090
81625,-95.698218,36.069162
81623,-95.698053,36.068896
81624,-95.698049,36.069088
81575,-95.696079,36.065714
81565,-95.696177,36.066683
81566,-95.696153,36.066685
81571,-95.696153,36.066685
81567,-95.696130,36.066688
81572,-95.696130,36.066688
81564,-95.696189,36.066820
81563,-95.696166,36.066822
81570,-95.696166,36.066822
81562,-95.696142,36.066825
81576,-95.695420,36.065720
81578,-95.695305,36.065580
81577,-95.695352,36.065646
81469,-95.695149,36.065634
81470,-95.695216,36.065728
81472,-95.695324,36.065870
81471,-95.695284,36.065802
81574,-95.695595,36.066646
81573,-95.695595,36.066678
81443,-95.695611,36.066691
81445,-95.695611,36.066691
81473,-95.695425,36.066678
81442,-95.695611,36.066829
81444,-95.695611,36.066829
81446,-95.695611,36.066829
81447,-95.695611,36.066829
81448,-95.695611,36.066829
81569,-95.695596,36.067024
81474,-95.695426,36.067026
81590,-95.696785,36.069175
81589,-95.696785,36.069179
81588,-95.696615,36.069177
81568,-95.695600,36.067390
81475,-95.695430,36.067392
81476,-95.695434,36.067758
81561,-95.695612,36.069340
81586,-95.692968,36.061624
81587,-95.692956,36.061585
81429,-95.692804,36.061658
81582,-95.693207,36.061842
81583,-95.693161,36.061814
81585,-95.693071,36.061758
81584,-95.693116,36.061786
81463,-95.693057,36.061922
81464,-95.693157,36.061980
81581,-95.694829,36.063379
81465,-95.694669,36.063425
81467,-95.694747,36.063599
81468,-95.694786,36.063686
81466,-95.694708,36.063512
81455,-95.693843,36.064793
81453,-95.693893,36.064933
81451,-95.693920,36.065067
81449,-95.693938,36.065211
81460,-95.693647,36.064271
81459,-95.693696,36.064402
81458,-95.693745,36.064532
81457,-95.693794,36.064663
81431,-95.693632,36.064703
81454,-95.693727,36.064955
81456,-95.693681,36.064833
81452,-95.693754,36.065089
81450,-95.693770,36.065217
81462,-95.692160,36.061780
85212,-95.692121,36.061804
85213,-95.692121,36.061804
85214,-95.692121,36.061804
85215,-95.692121,36.061804
85216,-95.692121,36.061804
85217,-95.692121,36.061804
85218,-95.692121,36.061804
85219,-95.692121,36.061804
85228,-95.692121,36.061804
85229,-95.692121,36.061804
85230,-95.692121,36.061804
85231,-95.692121,36.061804
85232,-95.692121,36.061804
85233,-95.692121,36.061804
85234,-95.692121,36.061804
85260,-95.692121,36.061804
85261,-95.692121,36.061804
85262,-95.692121,36.061804
85263,-95.692121,36.061804
85264,-95.692121,36.061804
85265,-95.692121,36.061804
85266,-95.692121,36.061804
85267,-95.692121,36.061804
85268,-95.692121,36.061804
85269,-95.692121,36.061804
85270,-95.692121,36.061804
85271,-95.692121,36.061804
85272,-95.692121,36.061804
85273,-95.692121,36.061804
85274,-95.692121,36.061804
85275,-95.692121,36.061804
85276,-95.692121,36.061804
85277,-95.692121,36.061804
85278,-95.692121,36.061804
85279,-95.692121,36.061804
85280,-95.692121,36.061804
85281,-95.692121,36.061804
85282,-95.692121,36.061804
85283,-95.692121,36.061804
85284,-95.692121,36.061804
85285,-95.692121,36.061804
81461,-95.691888,36.062527
81433,-95.691882,36.064850
81435,-95.691882,36.064949
81438,-95.691882,36.065048
81439,-95.691883,36.065148
81430,-95.691709,36.064068
81432,-95.691712,36.065002
81434,-95.691713,36.065101
81436,-95.691713,36.065150
81437,-95.691713,36.065199
81440,-95.691713,36.065248
81441,-95.691713,36.065297
81545,-95.698195,36.071151
81544,-95.698223,36.071289
81546,-95.698138,36.071152
81543,-95.698170,36.071289
81547,-95.696909,36.070973
81542,-95.696943,36.071110
81499,-95.698844,36.073378
81498,-95.698844,36.073384
81516,-95.698657,36.073401
81514,-95.698594,36.073401
81555,-95.696785,36.069601
81554,-95.696785,36.069605
81556,-95.696615,36.069605
81553,-95.696547,36.069621
81557,-95.696490,36.069621
81552,-95.696549,36.069759
81551,-95.696511,36.069759
81550,-95.696473,36.069759
81548,-95.696854,36.070975
81549,-95.696798,36.070977
81541,-95.696887,36.071112
81540,-95.696832,36.071114
81560,-95.695612,36.069409
81559,-95.695613,36.069478
81558,-95.695613,36.069547
81477,-95.695442,36.069409
81478,-95.695443,36.069478
81479,-95.695443,36.069547
81480,-95.695444,36.069617
81481,-95.695427,36.070906
81482,-95.695426,36.070956
81483,-95.695426,36.071006
81520,-95.698849,36.073962
81517,-95.698659,36.073539
81515,-95.698596,36.073539
81518,-95.698679,36.073964
81521,-95.698853,36.074382
81522,-95.698778,36.074640
81524,-95.698733,36.074676
81519,-95.698635,36.074560
81523,-95.698626,36.074567
81525,-95.698579,36.074571
81526,-95.698629,36.074706
81235,-95.690177,36.061772
81236,-95.689845,36.061776
81413,-95.689665,36.061931
81412,-95.689665,36.061962
81411,-95.689665,36.061993
81410,-95.689666,36.062024
81237,-95.689467,36.061792
89627,-95.689674,36.062696
81293,-95.689488,36.062711
81294,-95.689408,36.062718
81409,-95.689675,36.062861
81408,-95.689675,36.062891
81407,-95.689675,36.062922
81406,-95.689676,36.062953
81345,-95.689488,36.062849
81295,-95.689358,36.062733
81344,-95.689464,36.062848
81343,-95.689414,36.062863
81342,-95.689364,36.062877
81296,-95.689308,36.062747
81297,-95.689247,36.062769
81341,-95.689329,36.062889
81428,-95.690365,36.063353
81427,-95.690365,36.063429
81426,-95.690365,36.063772
81405,-95.690160,36.063760
81425,-95.690365,36.064442
81424,-95.690365,36.064942
81423,-95.690365,36.065077
81346,-95.689473,36.063668
81347,-95.689385,36.063698
81348,-95.689342,36.063713
81349,-95.689298,36.063728
81404,-95.689539,36.063794
81403,-95.689495,36.063809
81402,-95.689451,36.063824
81401,-95.689408,36.063839
81400,-95.689364,36.063854
81238,-95.688463,36.062093
81239,-95.688415,36.062094
81240,-95.688367,36.062095
81241,-95.688319,36.062095
81242,-95.688271,36.062096
81292,-95.688486,36.062231
81291,-95.688438,36.062231
81290,-95.688389,36.062232
81289,-95.688341,36.062233
81288,-95.688293,36.062234
81298,-95.688238,36.062969
81340,-95.688238,36.063107
81299,-95.688185,36.062969
81300,-95.688133,36.062969
81301,-95.688080,36.062969
81339,-95.688185,36.063107
81338,-95.688133,36.063107
81337,-95.688080,36.063107
81243,-95.687266,36.062094
81244,-95.687218,36.062093
81245,-95.687170,36.062093
81246,-95.687122,36.062092
81287,-95.687277,36.062232
81286,-95.687228,36.062231
81285,-95.687180,36.062231
81284,-95.687132,36.062230
81302,-95.686917,36.062966
81336,-95.686917,36.063104
81303,-95.686864,36.062966
81304,-95.686811,36.062966
81305,-95.686758,36.062966
81306,-95.686705,36.062966
81335,-95.686864,36.063104
81334,-95.686811,36.063104
81333,-95.686758,36.063104
81332,-95.686705,36.063104
81350,-95.688361,36.063850
81399,-95.688361,36.063988
81351,-95.688314,36.063850
81352,-95.688267,36.063850
81353,-95.688219,36.063850
81398,-95.688314,36.063988
81397,-95.688267,36.063988
81396,-95.688219,36.063988
81354,-95.687178,36.063848
81395,-95.687178,36.063986
81355,-95.687131,36.063848
81356,-95.687084,36.063848
81394,-95.687131,36.063986
81393,-95.687084,36.063986
81357,-95.687036,36.063848
81358,-95.686989,36.063848
81392,-95.687036,36.063986
81391,-95.686989,36.063986
81422,-95.690365,36.066698
81414,-95.690195,36.067284
81283,-95.686070,36.062221
81307,-95.685595,36.062963
81308,-95.685543,36.062963
81309,-95.685437,36.062963
81331,-95.685543,36.063101
81330,-95.685490,36.063101
81329,-95.685437,36.063101
81328,-95.685384,36.063101
81327,-95.685331,36.063101
81359,-95.685995,36.063846
81360,-95.685948,36.063846
81361,-95.685901,36.063846
81390,-95.685995,36.063984
81389,-95.685948,36.063984
81388,-95.685901,36.063984
81362,-95.685854,36.063846
81363,-95.685806,36.063846
81387,-95.685854,36.063984
81386,-95.685806,36.063984
81364,-95.685735,36.063846
81385,-95.685759,36.063984
81365,-95.684813,36.063844
81366,-95.684765,36.063844
81384,-95.684813,36.063982
81383,-95.684765,36.063982
81367,-95.684718,36.063844
81368,-95.684671,36.063844
81382,-95.684718,36.063982
81381,-95.684671,36.063982
81326,-95.684098,36.063099
81369,-95.683630,36.063842
81380,-95.683630,36.063980
81370,-95.683582,36.063842
81371,-95.683535,36.063842
81379,-95.683582,36.063980
81378,-95.683535,36.063980
81377,-95.683440,36.063980
81275,-95.684720,36.062209
81256,-95.684100,36.062089
81257,-95.684067,36.062088
81258,-95.684035,36.062087
81259,-95.684003,36.062087
81260,-95.683970,36.062086
81274,-95.684517,36.062213
81310,-95.684285,36.062918
81311,-95.684115,36.062918
81273,-95.684096,36.062227
81272,-95.684063,36.062226
81271,-95.684031,36.062225
81270,-95.683999,36.062225
81312,-95.683846,36.062961
81325,-95.683846,36.063099
81261,-95.683293,36.062075
81262,-95.683261,36.062074
81263,-95.683228,36.062074
81264,-95.683196,36.062073
81265,-95.683164,36.062073
81269,-95.683289,36.062213
81268,-95.683257,36.062212
81267,-95.683224,36.062212
81266,-95.683192,36.062211
81313,-95.683518,36.062961
81314,-95.683495,36.062961
81324,-95.683518,36.063099
81323,-95.683495,36.063099
81315,-95.683011,36.062961
81316,-95.682988,36.062961
81317,-95.682966,36.062961
81318,-95.682944,36.062961
81319,-95.682922,36.062961
81322,-95.683011,36.063099
81321,-95.682988,36.063099
81320,-95.682966,36.063099
81372,-95.682135,36.063478
81373,-95.682135,36.063496
81374,-95.682135,36.063513
81375,-95.682135,36.063530
81376,-95.682135,36.063548
81231,-95.679265,36.063065
81667,-95.708179,36.066401
81669,-95.708178,36.066593
81668,-95.708176,36.067168
81666,-95.708175,36.067398
81660,-95.708005,36.067398
81661,-95.708036,36.071230
81662,-95.708214,36.071856
81663,-95.708054,36.072829
81664,-95.708061,36.073372
81665,-95.708062,36.073454
86219,-95.707559,36.075308
86220,-95.707515,36.075446
86218,-95.707377,36.075445
86086,-95.708113,36.080576
86088,-95.708117,36.081323
86087,-95.708118,36.081509
86085,-95.708295,36.082853
86089,-95.708126,36.083003
86104,-95.708305,36.084512
86105,-95.708135,36.084571
86106,-95.708111,36.085721
86107,-95.708078,36.085721
86108,-95.708044,36.085721
86109,-95.707761,36.085722
86110,-95.707278,36.085724
86121,-95.708128,36.085859
86120,-95.708094,36.085859
86119,-95.708061,36.085859
86122,-95.708145,36.086530
86123,-95.708145,36.086530
86118,-95.707295,36.085862
86117,-95.707228,36.085863
86124,-95.708145,36.088163
86125,-95.708145,36.089770
86084,-95.708128,36.089810
86141,-95.708139,36.091094
86142,-95.708133,36.092836
86143,-95.708132,36.093126
86144,-95.708131,36.093359
86145,-95.708130,36.093417
86146,-95.708130,36.093562
86090,-95.706329,36.084364
86091,-95.706244,36.084364
86111,-95.706429,36.085728
86100,-95.705972,36.084365
86099,-95.706056,36.084503
86101,-95.706039,36.084503
86098,-95.705686,36.084366
86113,-95.705613,36.085732
86114,-95.705579,36.085732
86097,-95.704768,36.084506
86096,-95.704717,36.084506
86095,-95.704682,36.084506
86092,-95.704570,36.084368
86093,-95.704541,36.084368
86094,-95.704513,36.084368
79077,-95.703981,36.085740
86112,-95.706412,36.085866
86116,-95.706395,36.085866
86115,-95.705629,36.085870
86126,-95.705501,36.089805
79078,-95.703981,36.085878
86127,-95.703891,36.089802
86128,-95.703874,36.089802
86131,-95.703857,36.089802
86130,-95.703840,36.089802
86129,-95.703823,36.089802
86140,-95.707104,36.089946
86139,-95.704289,36.089941
86137,-95.702443,36.089936
86147,-95.708128,36.093998
86148,-95.708127,36.094259
86149,-95.708156,36.097481
86151,-95.708161,36.099369
86152,-95.708150,36.102416
86150,-95.708149,36.102503
86153,-95.708149,36.104103
86154,-95.708150,36.104132
86157,-95.703303,36.102714
86155,-95.703613,36.104351
86156,-95.703585,36.104351
81644,-95.703314,36.104337
81645,-95.703314,36.104337
81646,-95.703314,36.104337
81647,-95.703314,36.104337
81648,-95.703314,36.104337
81649,-95.703314,36.104337
81651,-95.703314,36.104337
81652,-95.703314,36.104337
81653,-95.703314,36.104337
81654,-95.703314,36.104337
81650,-95.703144,36.104337
86158,-95.702215,36.102290
86159,-95.702045,36.102290
86160,-95.698949,36.104310
86162,-95.698235,36.102734
86163,-95.698065,36.103025
86161,-95.696249,36.104295
79096,-95.654680,36.103682
79097,-95.654787,36.104201
79093,-95.654498,36.104338
79092,-95.651523,36.104195
78717,-95.644697,36.093429
78716,-95.644615,36.093429
78715,-95.644245,36.093293
79011,-95.636963,36.093456
79091,-95.649423,36.104330
79090,-95.647815,36.104195
79089,-95.645998,36.104345
79088,-95.645948,36.104346
79087,-95.644806,36.104355
79086,-95.642852,36.104372
79085,-95.642243,36.104239
79084,-95.640973,36.104379
79083,-95.639758,36.104241
78766,-95.672587,36.110778
78767,-95.672578,36.112429
78768,-95.664555,36.118736
78804,-95.662798,36.118877
78805,-95.662711,36.118878
78988,-95.662711,36.118878
78989,-95.662711,36.118878
78769,-95.662406,36.118877
78803,-95.662695,36.119783
78802,-95.662695,36.119981
78770,-95.662525,36.119808
78771,-95.662525,36.119981
78801,-95.662695,36.120996
78799,-95.662695,36.121194
78800,-95.662525,36.121021
78772,-95.662525,36.121219
78798,-95.662694,36.122309
78797,-95.662694,36.122507
78773,-95.662525,36.122160
78774,-95.662524,36.122358
78775,-95.662524,36.122556
78796,-95.662691,36.123299
78795,-95.662690,36.123497
78776,-95.662521,36.123324
78777,-95.662520,36.123522
78794,-95.662689,36.123696
78793,-95.662686,36.124513
78778,-95.662518,36.124141
78792,-95.662685,36.124909
78779,-95.662516,36.124736
78791,-95.662271,36.125319
78806,-95.661945,36.118873
78807,-95.661243,36.118867
78825,-95.660661,36.118862
78824,-95.660198,36.119743
78811,-95.660197,36.119942
78812,-95.660199,36.120962
78815,-95.660200,36.121161
78823,-95.660206,36.122106
78822,-95.660207,36.122306
78814,-95.660037,36.122306
78817,-95.660038,36.122505
78808,-95.660018,36.118858
78826,-95.659952,36.118857
78809,-95.660028,36.119767
78819,-95.660027,36.119967
78810,-95.660030,36.121186
78813,-95.660213,36.123251
78816,-95.660213,36.123276
78783,-95.660043,36.123301
78782,-95.660215,36.123475
78820,-95.660045,36.123500
78781,-95.660216,36.123674
78784,-95.660046,36.123699
78785,-95.660051,36.124520
78780,-95.662004,36.125182
78790,-95.661545,36.125323
78821,-95.661157,36.125186
78789,-95.661181,36.125324
78788,-95.660939,36.125325
78818,-95.660222,36.124694
78786,-95.660052,36.124719
78787,-95.660054,36.124918
78827,-95.654228,36.112507
78879,-95.654117,36.112624
78880,-95.654555,36.113528
78881,-95.654555,36.114759
78882,-95.654555,36.114976
78883,-95.654555,36.115194
78884,-95.654519,36.115273
78990,-95.653918,36.115288
78885,-95.654567,36.116510
78886,-95.654570,36.116748
78828,-95.653860,36.112471
78829,-95.653803,36.112471
78878,-95.653819,36.112609
78830,-95.653264,36.112475
78832,-95.651175,36.113152
78831,-95.651175,36.113237
78877,-95.651345,36.113789
78876,-95.651345,36.113863
78875,-95.651345,36.114270
78833,-95.651175,36.113699
78834,-95.651175,36.113845
78835,-95.651175,36.114246
78866,-95.653022,36.116954
78865,-95.653348,36.117101
78864,-95.653336,36.117101
78862,-95.653264,36.117101
78863,-95.653365,36.117239
78867,-95.652852,36.116948
78868,-95.652853,36.117046
78874,-95.651343,36.114638
78873,-95.651342,36.114887
78836,-95.651174,36.114472
78837,-95.651173,36.114729
78872,-95.651338,36.116173
78871,-95.651337,36.116464
78838,-95.651168,36.115929
78839,-95.651167,36.116401
78870,-95.651336,36.116713
78869,-95.651335,36.116962
78861,-95.651351,36.117239
78860,-95.651119,36.117680
78840,-95.650711,36.117101
78859,-95.650616,36.117239
78858,-95.650294,36.117239
78887,-95.654583,36.118579
78888,-95.654751,36.119265
78905,-95.654742,36.120907
78904,-95.654514,36.122479
78911,-95.657936,36.125101
78910,-95.657936,36.125239
78909,-95.657247,36.125239
78908,-95.656537,36.125239
78907,-95.655805,36.125239
78906,-95.654732,36.125085
78913,-95.654596,36.126143
78914,-95.654596,36.126190
78915,-95.654578,36.126129
78917,-95.654775,36.126675
78903,-95.653682,36.122479
78889,-95.653509,36.122341
78890,-95.652816,36.122341
78902,-95.651916,36.122480
78891,-95.651429,36.122345
78901,-95.649937,36.122475
78916,-95.653405,36.126132
78912,-95.651792,36.126137
78919,-95.654781,36.126966
78921,-95.654786,36.127257
79004,-95.648341,36.111559
78843,-95.649505,36.116389
78842,-95.649505,36.116538
78841,-95.649505,36.116740
78845,-95.649505,36.116942
78844,-95.649335,36.116915
78856,-95.649310,36.117220
78855,-95.649083,36.117200
78857,-95.649759,36.117664
78854,-95.648273,36.117132
78847,-95.647313,36.115995
78848,-95.647098,36.115986
78846,-95.647655,36.116512
78849,-95.647507,36.116686
78850,-95.647523,36.116831
78851,-95.647460,36.117238
78852,-95.647305,36.117700
78853,-95.647193,36.118046
79007,-95.645452,36.111484
79005,-95.645523,36.111621
79003,-95.644600,36.111635
79008,-95.643775,36.111648
79006,-95.643540,36.111511
79009,-95.643498,36.111650
79010,-95.642575,36.111654
79002,-95.641671,36.111658
78893,-95.649684,36.119821
78894,-95.649318,36.121979
78895,-95.649301,36.122030
78892,-95.649433,36.122166
78900,-95.648497,36.124064
78899,-95.648459,36.124139
78896,-95.648339,36.124012
78897,-95.648320,36.124049
79001,-95.639963,36.111665
78940,-95.662582,36.133213
78944,-95.661560,36.130293
78945,-95.661389,36.130380
78946,-95.661387,36.130845
78947,-95.661387,36.130874
78948,-95.661386,36.130961
78943,-95.661550,36.132180
78942,-95.661548,36.132442
78941,-95.661545,36.133182
78938,-95.661018,36.133211
78949,-95.660479,36.133211
78939,-95.659989,36.133349
78937,-95.659977,36.133349
78950,-95.659295,36.133211
78951,-95.658145,36.133220
78931,-95.656718,36.130622
78918,-95.654620,36.127476
78920,-95.654624,36.127667
78922,-95.654797,36.127840
78923,-95.654813,36.128666
78924,-95.654641,36.128572
78925,-95.654577,36.128681
78926,-95.654629,36.128819
78927,-95.654638,36.129509
78930,-95.654080,36.129770
78932,-95.656885,36.130985
78933,-95.656715,36.130882
78934,-95.656921,36.132386
78952,-95.656960,36.133231
78953,-95.656960,36.133231
78954,-95.654647,36.133191
78935,-95.654868,36.133665
78955,-95.654097,36.133195
78936,-95.654662,36.134124
78958,-95.654819,36.134238
78959,-95.654657,36.134672
78960,-95.654662,36.134873
78928,-95.653074,36.129772
78929,-95.650579,36.129640
78956,-95.653273,36.133203
78957,-95.653210,36.133341
78961,-95.654673,36.136035
78962,-95.654673,36.136095
78963,-95.654673,36.136116
78972,-95.650292,36.137323
78971,-95.650292,36.137385
78970,-95.650292,36.137406
78969,-95.650121,36.137964
78968,-95.650121,36.137985
78967,-95.650120,36.138109
78898,-95.647426,36.125859
78978,-95.646488,36.134621
78977,-95.646556,36.134761
78974,-95.648725,36.136186
78976,-95.646883,36.135567
78973,-95.647739,36.136180
78975,-95.647242,36.136057
89703,-95.672624,36.133217
89680,-95.672454,36.133217
78964,-95.654869,36.139469
78965,-95.651634,36.140569
78966,-95.650117,36.139495
79012,-95.618282,36.089723
79015,-95.616616,36.089728
79016,-95.614834,36.089859
79013,-95.614808,36.089859
79014,-95.611082,36.089840
78979,-95.616853,36.127824
78980,-95.604776,36.132007
78983,-95.604125,36.131678
78984,-95.604013,36.131651
78981,-95.604691,36.131943
78982,-95.604600,36.131875
