69070,-95.850635,36.072853
69069,-95.850582,36.072852
69075,-95.849618,36.072578
69074,-95.849618,36.072596
69073,-95.849617,36.072624
69072,-95.849616,36.072652
69071,-95.849616,36.072670
69084,-95.848502,36.072072
69085,-95.848476,36.072072
69102,-95.848480,36.072210
69076,-95.849448,36.072594
69077,-95.849447,36.072622
69078,-95.849446,36.072650
69079,-95.849446,36.072668
69068,-95.849433,36.072843
69067,-95.849385,36.072845
69066,-95.849350,36.072846
69083,-95.848742,36.072673
69081,-95.848771,36.072730
69080,-95.848788,36.072765
69082,-95.848759,36.072707
69103,-95.848632,36.072817
69104,-95.848644,36.072840
69065,-95.848706,36.072988
69064,-95.848509,36.073067
69086,-95.848437,36.072073
69087,-95.848397,36.072073
69088,-95.848371,36.072074
69089,-95.848332,36.072074
69101,-95.848428,36.072211
69100,-95.848388,36.072212
69063,-95.848384,36.073117
69062,-95.848193,36.073207
69098,-95.847950,36.073017
69097,-95.847998,36.073082
69061,-95.847955,36.073320
69090,-95.847713,36.072936
69099,-95.847914,36.072968
69095,-95.847840,36.073136
69096,-95.847864,36.073168
69092,-95.847756,36.073021
69093,-95.847780,36.073054
69094,-95.847804,36.073087
69091,-95.847726,36.072972
69060,-95.847895,36.073348
69105,-95.847212,36.073405
69106,-95.847178,36.073359
69107,-95.847145,36.073313
69108,-95.847079,36.073221
68843,-95.847032,36.073429
69030,-95.849626,36.074315
69029,-95.849625,36.074384
69028,-95.849623,36.074452
69027,-95.849622,36.074498
69026,-95.849621,36.074567
69025,-95.849619,36.074635
69024,-95.849618,36.074704
69023,-95.849617,36.074750
69022,-95.849616,36.074796
69031,-95.849274,36.073537
69032,-95.849155,36.073560
69033,-95.849025,36.073608
69045,-95.849453,36.074473
69034,-95.848915,36.073653
69035,-95.848751,36.073721
69036,-95.848641,36.073766
69044,-95.848596,36.073960
69043,-95.848622,36.074013
69042,-95.848475,36.074083
69046,-95.849452,36.074519
69047,-95.849450,36.074588
69048,-95.849449,36.074656
69021,-95.849427,36.074967
69020,-95.849391,36.074966
69049,-95.849341,36.074828
69050,-95.849306,36.074827
69051,-95.849253,36.074827
69052,-95.849218,36.074826
69019,-95.849339,36.074966
69018,-95.849304,36.074965
69017,-95.849251,36.074965
69053,-95.849165,36.074826
69054,-95.849130,36.074826
69016,-95.849216,36.074964
69015,-95.849163,36.074964
69014,-95.849128,36.074964
69055,-95.849078,36.074825
69056,-95.849043,36.074825
69013,-95.849076,36.074963
69012,-95.849041,36.074963
69037,-95.848352,36.073883
69038,-95.848312,36.073898
69041,-95.848440,36.074012
69040,-95.848362,36.074030
69039,-95.848321,36.074046
69059,-95.847608,36.073976
69058,-95.847624,36.074003
69057,-95.847640,36.074030
68849,-95.847489,36.074091
68847,-95.847461,36.074045
68846,-95.847450,36.074027
68848,-95.847477,36.074072
68845,-95.847099,36.073521
68844,-95.847066,36.073475
69172,-95.848213,36.071431
69171,-95.847999,36.071434
69170,-95.847786,36.071437
69169,-95.847564,36.071432
69113,-95.846701,36.072091
68838,-95.846676,36.072229
69114,-95.846651,36.072091
69115,-95.846575,36.072091
69116,-95.846525,36.072091
69117,-95.846449,36.072091
68837,-95.846575,36.072229
68836,-95.846525,36.072229
68835,-95.846449,36.072229
69109,-95.847052,36.073182
69111,-95.846988,36.073060
69112,-95.846962,36.073011
69110,-95.847014,36.073109
68840,-95.846916,36.073268
68841,-95.846949,36.073314
68842,-95.846999,36.073383
68839,-95.846883,36.073212
68850,-95.847505,36.074751
68851,-95.847505,36.074785
69011,-95.847475,36.074950
69010,-95.847448,36.074950
68862,-95.846410,36.073725
68860,-95.846582,36.073969
68861,-95.846484,36.073829
68858,-95.846707,36.074152
68856,-95.846793,36.074355
68855,-95.846806,36.074443
68857,-95.846762,36.074263
68859,-95.846631,36.074038
68899,-95.846551,36.074204
68898,-95.846485,36.074106
68897,-95.846436,36.074037
68900,-95.846636,36.074418
69009,-95.847407,36.074950
69008,-95.847366,36.074951
68854,-95.846810,36.074523
68853,-95.846814,36.074649
68852,-95.846811,36.074729
68901,-95.846640,36.074529
68902,-95.846644,36.074645
68903,-95.846639,36.074765
69007,-95.846553,36.074959
68785,-95.845619,36.071308
68786,-95.845579,36.071308
68787,-95.845539,36.071309
68788,-95.845499,36.071309
69118,-95.846399,36.072091
69119,-95.846323,36.072091
68834,-95.846399,36.072229
68833,-95.846323,36.072229
69124,-95.845644,36.071446
69123,-95.845604,36.071446
69122,-95.845563,36.071447
69121,-95.845522,36.071447
69120,-95.845482,36.071448
68865,-95.845783,36.072790
68866,-95.845653,36.072787
68895,-95.845647,36.072925
68867,-95.845456,36.072782
68894,-95.845450,36.072920
68805,-95.845240,36.071461
68804,-95.845208,36.071464
68803,-95.845176,36.071467
68806,-95.845127,36.072088
68832,-95.845287,36.072228
68831,-95.845125,36.072226
68807,-95.844966,36.072087
68830,-95.844964,36.072225
68808,-95.844858,36.072086
68809,-95.844697,36.072085
68829,-95.844856,36.072224
68828,-95.844695,36.072223
68810,-95.844589,36.072084
68811,-95.844427,36.072083
68827,-95.844587,36.072222
68826,-95.844425,36.072221
68868,-95.845326,36.072779
68893,-95.845320,36.072917
68869,-95.845130,36.072774
68892,-95.845124,36.072912
68870,-95.844996,36.072770
68891,-95.844996,36.072908
68871,-95.844800,36.072770
68890,-95.844800,36.072908
68872,-95.844603,36.072769
68889,-95.844603,36.072907
68873,-95.844472,36.072768
68888,-95.844472,36.072906
68913,-95.844755,36.073460
68915,-95.844571,36.073460
68916,-95.844433,36.073459
68825,-95.844318,36.072221
68874,-95.844276,36.072767
68887,-95.844276,36.072905
68875,-95.844145,36.072767
68886,-95.844145,36.072905
68917,-95.844296,36.073458
68918,-95.844204,36.073458
68864,-95.846287,36.073551
68863,-95.846336,36.073620
68896,-95.846362,36.073932
68910,-95.845537,36.073918
68911,-95.845515,36.073891
68909,-95.845551,36.073936
69006,-95.846361,36.074959
68908,-95.845913,36.074665
68907,-95.845916,36.074694
68906,-95.845919,36.074724
68905,-95.845921,36.074753
68904,-95.845924,36.074783
68959,-95.845748,36.074704
68960,-95.845752,36.074749
68961,-95.845756,36.074793
69005,-95.845748,36.074831
69004,-95.845748,36.074969
69003,-95.845559,36.074969
68962,-95.845434,36.074831
68935,-95.845214,36.074123
68936,-95.845121,36.074144
68958,-95.845292,36.074245
68957,-95.845163,36.074276
68937,-95.844972,36.074160
68956,-95.844970,36.074298
68912,-95.844863,36.073478
68934,-95.844755,36.073598
68914,-95.844782,36.073604
68933,-95.844571,36.073598
68932,-95.844433,36.073597
68938,-95.844856,36.074158
68939,-95.844682,36.074156
68955,-95.844854,36.074296
68954,-95.844680,36.074294
68940,-95.844566,36.074155
68941,-95.844392,36.074153
68953,-95.844564,36.074293
68963,-95.845309,36.074831
69002,-95.845371,36.074969
68964,-95.845121,36.074831
68931,-95.844296,36.073596
68930,-95.844204,36.073596
68802,-95.844634,36.071516
68801,-95.844405,36.071525
68800,-95.844185,36.071518
68812,-95.844320,36.072083
68813,-95.844158,36.072081
68824,-95.844156,36.072219
68814,-95.843997,36.072080
68815,-95.843889,36.072079
68823,-95.843995,36.072218
68822,-95.843887,36.072217
68816,-95.843782,36.072079
68817,-95.843620,36.072077
68821,-95.843780,36.072217
68820,-95.843618,36.072215
68818,-95.843459,36.072076
68819,-95.843351,36.072076
68876,-95.843949,36.072766
68885,-95.843949,36.072904
68919,-95.844066,36.073457
68920,-95.843974,36.073457
68877,-95.843818,36.072765
68884,-95.843818,36.072903
68878,-95.843622,36.072765
68883,-95.843622,36.072903
68879,-95.843491,36.072764
68882,-95.843491,36.072902
68921,-95.843836,36.073456
68922,-95.843606,36.073455
68923,-95.843514,36.073455
68880,-95.843295,36.072763
68881,-95.843295,36.072901
68973,-95.842457,36.072645
68974,-95.842457,36.072667
68975,-95.842456,36.072701
68976,-95.842456,36.072723
68977,-95.842455,36.072912
68978,-95.842455,36.073334
68979,-95.842455,36.073372
68980,-95.842455,36.073398
68981,-95.842455,36.073437
68952,-95.844390,36.074291
69001,-95.845246,36.074969
69000,-95.845058,36.074969
68965,-95.844933,36.074831
68999,-95.844933,36.074969
68966,-95.844745,36.074831
68998,-95.844745,36.074969
68967,-95.844619,36.074831
68997,-95.844619,36.074969
68968,-95.844431,36.074831
68996,-95.844431,36.074969
68929,-95.844066,36.073595
68928,-95.843974,36.073595
68942,-95.844276,36.074151
68943,-95.844102,36.074149
68951,-95.844274,36.074289
68950,-95.844216,36.074288
68944,-95.843986,36.074148
68949,-95.843984,36.074286
68927,-95.843836,36.073594
68926,-95.843744,36.073594
68925,-95.843606,36.073593
68924,-95.843514,36.073593
68945,-95.843812,36.074146
68946,-95.843696,36.074144
68948,-95.843810,36.074284
68947,-95.843694,36.074282
68969,-95.844243,36.074831
68995,-95.844306,36.074969
68994,-95.844118,36.074969
68993,-95.843993,36.074969
68970,-95.843930,36.074831
68971,-95.843742,36.074831
68992,-95.843805,36.074969
68972,-95.843617,36.074831
68991,-95.843679,36.074969
68990,-95.843491,36.074969
68989,-95.843366,36.074969
68982,-95.842456,36.073667
68983,-95.842461,36.073989
68984,-95.842465,36.074282
68985,-95.842465,36.074728
68986,-95.842465,36.074749
68987,-95.842465,36.074770
68988,-95.842473,36.074828
68608,-95.841431,36.075509
68736,-95.844600,36.069716
68727,-95.844429,36.069638
68728,-95.844429,36.069677
68729,-95.844430,36.069716
68730,-95.844430,36.069755
68731,-95.844430,36.069794
68784,-95.845121,36.070683
68769,-95.845113,36.070545
68770,-95.845042,36.070548
68771,-95.844971,36.070551
68772,-95.844900,36.070554
68783,-95.845050,36.070686
68782,-95.844979,36.070689
68781,-95.844908,36.070692
68789,-95.845047,36.071341
68773,-95.844829,36.070557
68774,-95.844758,36.070560
68775,-95.844687,36.070563
68776,-95.844617,36.070566
68780,-95.844837,36.070695
68779,-95.844766,36.070698
68778,-95.844695,36.070701
68777,-95.844625,36.070704
68732,-95.844433,36.070721
68733,-95.844432,36.070747
68734,-95.844432,36.070774
68735,-95.844432,36.070801
68790,-95.844824,36.071361
68791,-95.844601,36.071382
68715,-95.843618,36.069548
68714,-95.843618,36.069584
68713,-95.843618,36.069621
68712,-95.843618,36.069658
68711,-95.843618,36.069694
68696,-95.843448,36.069548
68697,-95.843448,36.069584
68698,-95.843448,36.069621
68699,-95.843448,36.069658
68700,-95.843448,36.069694
68710,-95.843621,36.070465
68709,-95.843621,36.070502
68708,-95.843621,36.070539
68707,-95.843621,36.070576
68706,-95.843621,36.070612
68701,-95.843451,36.070465
68702,-95.843451,36.070502
68703,-95.843451,36.070539
68704,-95.843451,36.070576
68705,-95.843451,36.070612
68683,-95.842645,36.069592
68682,-95.842645,36.069628
68681,-95.842645,36.069664
68680,-95.842645,36.070427
68679,-95.842645,36.070463
68678,-95.842645,36.070500
68677,-95.842645,36.070536
68676,-95.842645,36.070572
68671,-95.842475,36.070427
68672,-95.842475,36.070463
68673,-95.842475,36.070500
68674,-95.842475,36.070536
68675,-95.842475,36.070572
68799,-95.843966,36.071511
68798,-95.843747,36.071505
68797,-95.843435,36.071495
68796,-95.843398,36.071493
68795,-95.843361,36.071492
68794,-95.843324,36.071491
68793,-95.842658,36.071472
68792,-95.842396,36.071464
68744,-95.844595,36.068622
68743,-95.844595,36.068661
68742,-95.844595,36.068700
68741,-95.844595,36.068739
68740,-95.844595,36.068778
68721,-95.844425,36.068622
68722,-95.844425,36.068661
68723,-95.844425,36.068700
68724,-95.844425,36.068739
68725,-95.844425,36.068778
68651,-95.844311,36.068468
68652,-95.844117,36.068466
68653,-95.843923,36.068464
68654,-95.843729,36.068462
68720,-95.843615,36.068630
68719,-95.843615,36.068667
68718,-95.843615,36.068703
68717,-95.843615,36.068740
68716,-95.843615,36.068777
68655,-95.843428,36.068461
68656,-95.843391,36.068461
68657,-95.843354,36.068461
68691,-95.843445,36.068630
68692,-95.843445,36.068667
68693,-95.843445,36.068703
68694,-95.843445,36.068740
68695,-95.843445,36.068777
68658,-95.843318,36.068461
68659,-95.842661,36.068461
68690,-95.842645,36.068612
68689,-95.842645,36.068648
68688,-95.842645,36.068684
68687,-95.842645,36.068720
68686,-95.842645,36.068757
68660,-95.842412,36.068461
68661,-95.842475,36.068612
68662,-95.842475,36.068648
68663,-95.842475,36.068684
68664,-95.842475,36.068720
68665,-95.842475,36.068757
68739,-95.844599,36.069599
68726,-95.844429,36.069599
68738,-95.844599,36.069638
68737,-95.844599,36.069677
68685,-95.842645,36.069519
68684,-95.842645,36.069556
68666,-95.842475,36.069519
68667,-95.842475,36.069556
68668,-95.842475,36.069592
68669,-95.842475,36.069628
68670,-95.842475,36.069664
68640,-95.846537,36.068660
68639,-95.846539,36.068687
68638,-95.846542,36.068715
68637,-95.846545,36.068747
68636,-95.846545,36.068775
68635,-95.846545,36.069353
68634,-95.846545,36.069381
68633,-95.846561,36.070041
69130,-95.846545,36.070192
68641,-95.846316,36.068481
68642,-95.846286,36.068481
68760,-95.846369,36.068670
68761,-95.846371,36.068697
68762,-95.846374,36.068725
68763,-95.846375,36.068747
68764,-95.846375,36.068775
68765,-95.846375,36.069353
68643,-95.845686,36.068481
68644,-95.845656,36.068481
68645,-95.845626,36.068481
68646,-95.845596,36.068481
68647,-95.845378,36.068481
68759,-95.845565,36.068642
68758,-95.845565,36.068663
68757,-95.845565,36.068685
68756,-95.845565,36.068706
68755,-95.845565,36.068727
68745,-95.845395,36.068642
68746,-95.845395,36.068663
68747,-95.845395,36.068685
68748,-95.845395,36.068727
68754,-95.845565,36.069175
68753,-95.845565,36.069196
68752,-95.845565,36.069218
68749,-95.845395,36.069175
68750,-95.845395,36.069196
68751,-95.845395,36.069218
68648,-95.845051,36.068481
68649,-95.844627,36.068473
68650,-95.844613,36.068473
68766,-95.846375,36.069381
68767,-95.846375,36.069408
68768,-95.846375,36.069436
69251,-95.848715,36.068586
69250,-95.848644,36.068587
68619,-95.848500,36.068450
69249,-95.848573,36.068587
69248,-95.848502,36.068588
69241,-95.848938,36.069241
69242,-95.848867,36.069241
69243,-95.848796,36.069241
69244,-95.848724,36.069241
69245,-95.848653,36.069241
69246,-95.848582,36.069241
69247,-95.848511,36.069241
69154,-95.848316,36.068603
69155,-95.848316,36.068628
69156,-95.848316,36.068654
69157,-95.848316,36.068679
68620,-95.848010,36.068451
68621,-95.847997,36.068451
68622,-95.847785,36.068454
68623,-95.847537,36.068466
68624,-95.847528,36.068469
69153,-95.847524,36.068640
69152,-95.847523,36.068668
69151,-95.847523,36.068696
69150,-95.847523,36.068724
69149,-95.847523,36.068752
69148,-95.847519,36.069341
69147,-95.847519,36.069369
68625,-95.847354,36.068640
68626,-95.847353,36.068668
68627,-95.847353,36.068696
68628,-95.847353,36.068724
68629,-95.847353,36.068752
68630,-95.847349,36.069341
68631,-95.847349,36.069369
69214,-95.848938,36.069379
69213,-95.848867,36.069379
69212,-95.848796,36.069379
69211,-95.848724,36.069379
69210,-95.848653,36.069379
69209,-95.848511,36.069379
69208,-95.848495,36.069430
69207,-95.848495,36.069468
69206,-95.848495,36.069506
69158,-95.848325,36.069392
69159,-95.848325,36.069430
69160,-95.848325,36.069468
69161,-95.848325,36.069506
69162,-95.848325,36.069544
69146,-95.847519,36.069397
69145,-95.847518,36.069425
69144,-95.847515,36.070191
69143,-95.847515,36.070234
69142,-95.847515,36.070278
68632,-95.847349,36.069397
69131,-95.847345,36.070193
69132,-95.847345,36.070236
69133,-95.847345,36.070280
68609,-95.850633,36.068444
68610,-95.850453,36.068442
69239,-95.850436,36.068591
69238,-95.850438,36.068772
68611,-95.850144,36.068441
69237,-95.850440,36.068953
69236,-95.850442,36.069135
68612,-95.849938,36.068442
68613,-95.849733,36.068443
68614,-95.849527,36.068444
68615,-95.849322,36.068445
68616,-95.849116,36.068446
69255,-95.849001,36.068585
69240,-95.849010,36.069241
68617,-95.848911,36.068447
69254,-95.848929,36.068585
69253,-95.848858,36.068586
68618,-95.848705,36.068448
69252,-95.848787,36.068586
69235,-95.850445,36.069392
69216,-95.850275,36.069430
69217,-95.850275,36.069469
69218,-95.850275,36.069508
69234,-95.850447,36.069962
69233,-95.850447,36.069989
69232,-95.850447,36.070016
69231,-95.850448,36.070043
69191,-95.849475,36.070264
69190,-95.849475,36.070285
69215,-95.849010,36.069379
69192,-95.849305,36.070264
69193,-95.849305,36.070285
69205,-95.848499,36.070344
69204,-95.848499,36.070382
69163,-95.848329,36.070344
69141,-95.847516,36.070322
69140,-95.847516,36.070366
69139,-95.847517,36.070409
69134,-95.847346,36.070324
69135,-95.847346,36.070368
69136,-95.847347,36.070411
69137,-95.847347,36.070455
69138,-95.847347,36.070499
69129,-95.846545,36.070477
69128,-95.846546,36.070681
69127,-95.846547,36.070708
69126,-95.846547,36.070736
69125,-95.846548,36.070763
69183,-95.850652,36.071471
69219,-95.850279,36.070359
69220,-95.850279,36.070397
69230,-95.850450,36.070641
69221,-95.850279,36.070436
69222,-95.850280,36.070475
69223,-95.850280,36.070513
69224,-95.850280,36.070552
69229,-95.850451,36.070668
69228,-95.850451,36.070695
69227,-95.850451,36.070722
69226,-95.850451,36.070750
69225,-95.850451,36.070777
69189,-95.849475,36.070780
69188,-95.849475,36.070802
69187,-95.849475,36.070823
69186,-95.849475,36.070845
69185,-95.849475,36.070866
69184,-95.849475,36.070888
69194,-95.849305,36.070780
69195,-95.849305,36.070802
69196,-95.849305,36.070823
69197,-95.849305,36.070845
69198,-95.849305,36.070866
69199,-95.849305,36.070888
69203,-95.848499,36.070420
69202,-95.848500,36.070458
69201,-95.848500,36.070496
69200,-95.848500,36.070534
69182,-95.850471,36.071463
69181,-95.850267,36.071457
69180,-95.850008,36.071454
69179,-95.849749,36.071452
69178,-95.849490,36.071450
69177,-95.849270,36.071445
69176,-95.849239,36.071445
69175,-95.849207,36.071444
69174,-95.849176,36.071443
69173,-95.848519,36.071431
69164,-95.848329,36.070382
69165,-95.848329,36.070420
69166,-95.848330,36.070458
69167,-95.848330,36.070496
69168,-95.848330,36.070534
74767,-95.842472,36.067095
74768,-95.842471,36.067121
74769,-95.842471,36.067147
74762,-95.841604,36.066643
74761,-95.841603,36.066681
74760,-95.841603,36.066720
74759,-95.841602,36.066758
74758,-95.841602,36.066797
74747,-95.841434,36.066641
74748,-95.841433,36.066679
74749,-95.841433,36.066718
74750,-95.841432,36.066756
74751,-95.841432,36.066795
74757,-95.841602,36.066835
74756,-95.841601,36.066874
74755,-95.841601,36.066913
74752,-95.841432,36.066833
74753,-95.841431,36.066872
74754,-95.841431,36.066911
74617,-95.840560,36.066500
74604,-95.840545,36.066651
74603,-95.840545,36.066691
74602,-95.840545,36.066732
74601,-95.840546,36.066773
74600,-95.840546,36.066814
74605,-95.840375,36.066653
74606,-95.840375,36.066693
74607,-95.840375,36.066734
74608,-95.840376,36.066775
74599,-95.840547,36.066855
74598,-95.840547,36.066896
74597,-95.840548,36.066937
74609,-95.840376,36.066816
74610,-95.840377,36.066857
74618,-95.839667,36.066501
74619,-95.839635,36.066501
74620,-95.839603,36.066501
74621,-95.839571,36.066501
74616,-95.839555,36.066652
74615,-95.839555,36.066694
74614,-95.839555,36.066736
74613,-95.839556,36.066778
74584,-95.839385,36.066652
74585,-95.839385,36.066694
74586,-95.839385,36.066736
74587,-95.839386,36.066778
74612,-95.839556,36.066820
74611,-95.839556,36.066863
74588,-95.839386,36.066820
74589,-95.839386,36.066863
74596,-95.839672,36.067839
74595,-95.839642,36.067839
74594,-95.839611,36.067839
74593,-95.839581,36.067839
74592,-95.839350,36.067839
74591,-95.839349,36.067839
74590,-95.839347,36.067839
74020,-95.839180,36.067839
74019,-95.839177,36.067839
74018,-95.839113,36.067839
74849,-95.842890,36.064661
74848,-95.842820,36.064660
74847,-95.842750,36.064660
74718,-95.842565,36.064672
74719,-95.842565,36.064940
74720,-95.842565,36.064955
74721,-95.842565,36.064970
74722,-95.842565,36.064985
74841,-95.842993,36.065325
74842,-95.842945,36.065324
74840,-95.843037,36.065464
74839,-95.842989,36.065463
74843,-95.842897,36.065324
74844,-95.842849,36.065323
74838,-95.842941,36.065462
74837,-95.842893,36.065462
74836,-95.842845,36.065461
74825,-95.843224,36.066121
74824,-95.843296,36.066259
74823,-95.843224,36.066259
74826,-95.843153,36.066121
74827,-95.843081,36.066121
74822,-95.843153,36.066259
74821,-95.843081,36.066259
74828,-95.843009,36.066121
74820,-95.843009,36.066259
74829,-95.842937,36.066121
74830,-95.842866,36.066121
74819,-95.842937,36.066259
74818,-95.842866,36.066259
74845,-95.842801,36.065322
74846,-95.842753,36.065322
74835,-95.842797,36.065460
74834,-95.842749,36.065460
74723,-95.842552,36.065462
74724,-95.842521,36.065643
74831,-95.842794,36.066121
74832,-95.842722,36.066121
74817,-95.842794,36.066259
74816,-95.842722,36.066259
74833,-95.842651,36.066121
74815,-95.842651,36.066259
74725,-95.842490,36.065824
74726,-95.842475,36.066012
74727,-95.842467,36.066273
74728,-95.842467,36.066283
74809,-95.843111,36.066881
74810,-95.843029,36.066881
74811,-95.842947,36.066881
74797,-95.843029,36.067019
74796,-95.842947,36.067019
74812,-95.842865,36.066881
74795,-95.842865,36.067019
74763,-95.842475,36.066662
74813,-95.842783,36.066881
74814,-95.842701,36.066881
74794,-95.842783,36.067019
74793,-95.842701,36.067019
74764,-95.842475,36.066867
74765,-95.842472,36.067043
74766,-95.842472,36.067069
74737,-95.841586,36.065321
74736,-95.841586,36.065368
74735,-95.841587,36.065415
74734,-95.841588,36.065462
74733,-95.841588,36.065509
74732,-95.841589,36.065556
74731,-95.841590,36.065603
74730,-95.841590,36.065651
74729,-95.841591,36.065698
74738,-95.841416,36.065323
74739,-95.841416,36.065370
74740,-95.841417,36.065417
74741,-95.841418,36.065464
74742,-95.841418,36.065511
74743,-95.841419,36.065558
74744,-95.841420,36.065605
74745,-95.841420,36.065653
74746,-95.841421,36.065700
74635,-95.840545,36.065332
74634,-95.840545,36.065347
74633,-95.840545,36.065362
74632,-95.840545,36.065377
74631,-95.840545,36.065393
74627,-95.840375,36.065332
74628,-95.840375,36.065347
74629,-95.840375,36.065362
74630,-95.840375,36.065377
74626,-95.839555,36.065332
74625,-95.839555,36.065379
74624,-95.839555,36.065426
74623,-95.839555,36.065473
74622,-95.839555,36.065520
74576,-95.839385,36.065332
74577,-95.839385,36.065379
74578,-95.839385,36.065426
74579,-95.839385,36.065473
74580,-95.839385,36.065520
74581,-95.839385,36.065567
74582,-95.839385,36.065614
74583,-95.839385,36.065662
74876,-95.842832,36.063069
74706,-95.842478,36.062376
74707,-95.842463,36.062558
74877,-95.842793,36.062931
74878,-95.842755,36.062931
74879,-95.842717,36.062931
74880,-95.842679,36.062931
74881,-95.842641,36.062931
74875,-95.842793,36.063069
74874,-95.842755,36.063069
74873,-95.842717,36.063069
74872,-95.842679,36.063069
74871,-95.842641,36.063069
74708,-95.842459,36.062737
74709,-95.842456,36.062917
74710,-95.842457,36.063084
74866,-95.842928,36.063723
74867,-95.842883,36.063722
74868,-95.842838,36.063722
74865,-95.842926,36.063861
74864,-95.842881,36.063860
74863,-95.842836,36.063860
74869,-95.842793,36.063721
74870,-95.842749,36.063721
74711,-95.842465,36.063372
74712,-95.842465,36.063540
74713,-95.842485,36.063717
74862,-95.842791,36.063859
74861,-95.842747,36.063859
74860,-95.842702,36.063859
74714,-95.842516,36.063957
74715,-95.842537,36.064116
74972,-95.843245,36.064526
74853,-95.843174,36.064526
74854,-95.843104,36.064525
74852,-95.843102,36.064663
74855,-95.843033,36.064524
74856,-95.842963,36.064524
74851,-95.843031,36.064662
74850,-95.842961,36.064662
74857,-95.842892,36.064523
74858,-95.842822,36.064522
74717,-95.842565,36.064428
74859,-95.842752,36.064522
74716,-95.842559,36.064275
74691,-95.841579,36.062080
74690,-95.841579,36.062125
74689,-95.841579,36.062170
74667,-95.841409,36.062080
74668,-95.841409,36.062125
74669,-95.841409,36.062170
74688,-95.841580,36.062214
74687,-95.841580,36.062259
74670,-95.841410,36.062214
74671,-95.841410,36.062259
74535,-95.840384,36.062135
74536,-95.840382,36.062159
74652,-95.840363,36.062661
74651,-95.840345,36.062692
74650,-95.840328,36.062724
74648,-95.840359,36.062806
74649,-95.840345,36.062793
74686,-95.841585,36.063341
74685,-95.841585,36.063359
74684,-95.841585,36.063377
74683,-95.841585,36.063395
74682,-95.841585,36.063413
74672,-95.841415,36.063343
74673,-95.841415,36.063361
74674,-95.841415,36.063379
74675,-95.841415,36.063397
74676,-95.841415,36.063415
74681,-95.841589,36.063793
74680,-95.841589,36.063811
74677,-95.841419,36.063795
74678,-95.841419,36.063813
74679,-95.841419,36.063831
74647,-95.840545,36.063322
74646,-95.840545,36.063397
74645,-95.840545,36.063472
74644,-95.840545,36.063547
74643,-95.840545,36.063623
74642,-95.840545,36.063698
74550,-95.840375,36.063322
74551,-95.840375,36.063400
74552,-95.840375,36.063479
74553,-95.840375,36.063557
74554,-95.840375,36.063636
74555,-95.840375,36.063714
74641,-95.840545,36.063773
74640,-95.840545,36.063849
74639,-95.840545,36.063924
74638,-95.840545,36.063999
74637,-95.840545,36.064075
74636,-95.840545,36.064150
74556,-95.840375,36.063793
74557,-95.840375,36.063871
74558,-95.840375,36.063950
74559,-95.840375,36.064028
74549,-95.840211,36.062877
74548,-95.840174,36.062930
74547,-95.840163,36.062942
74537,-95.840070,36.062818
74538,-95.840058,36.062829
74539,-95.840046,36.062840
74540,-95.840035,36.062852
74546,-95.839917,36.063164
74545,-95.839904,36.063175
74544,-95.839892,36.063185
74541,-95.839795,36.063070
74542,-95.839782,36.063081
74543,-95.839770,36.063091
74566,-95.839555,36.064476
74565,-95.839555,36.064510
74564,-95.839555,36.064544
74563,-95.839555,36.064577
74562,-95.839555,36.064611
74561,-95.839555,36.064645
74560,-95.839555,36.064678
74567,-95.839385,36.064459
74568,-95.839385,36.064493
74569,-95.839385,36.064527
74570,-95.839385,36.064560
74571,-95.839385,36.064594
74572,-95.839385,36.064628
74573,-95.839385,36.064661
74574,-95.839385,36.064678
74575,-95.839385,36.064712
74889,-95.842595,36.060990
74890,-95.842591,36.060947
74888,-95.842599,36.061034
74699,-95.842423,36.060957
74700,-95.842426,36.060998
74701,-95.842430,36.061040
75058,-95.841590,36.060809
75059,-95.841590,36.060809
75060,-95.841590,36.060809
74698,-95.841575,36.060962
74697,-95.841575,36.061006
74696,-95.841575,36.061051
74695,-95.841575,36.061096
74694,-95.841575,36.061140
74660,-95.841405,36.060962
74661,-95.841405,36.061006
74662,-95.841405,36.061051
74663,-95.841405,36.061096
74664,-95.841405,36.061140
74659,-95.840396,36.060961
74658,-95.840396,36.060995
74657,-95.840397,36.061029
74532,-95.840226,36.060963
74533,-95.840226,36.060986
74534,-95.840226,36.061010
74885,-95.842708,36.062141
74886,-95.842690,36.062141
74887,-95.842665,36.062040
74702,-95.842495,36.062001
74703,-95.842495,36.062043
74704,-95.842495,36.062085
74705,-95.842495,36.062128
74884,-95.842726,36.062279
74883,-95.842708,36.062279
74882,-95.842690,36.062279
74693,-95.841575,36.061185
74692,-95.841576,36.061230
74665,-95.841405,36.061185
74666,-95.841406,36.061230
74656,-95.840526,36.061796
74655,-95.840530,36.061830
74654,-95.840535,36.061864
74653,-95.840540,36.061898
74044,-95.837832,36.060949
74045,-95.837798,36.060949
74949,-95.845945,36.063092
74891,-95.844736,36.061371
74892,-95.844654,36.061370
74893,-95.844573,36.061368
74894,-95.844491,36.061367
74895,-95.844410,36.061366
74940,-95.844406,36.061504
74928,-95.844402,36.062167
74929,-95.844376,36.062176
74919,-95.844868,36.062949
74918,-95.844969,36.063086
74917,-95.844919,36.063087
74916,-95.844870,36.063087
74927,-95.844440,36.062304
74926,-95.844414,36.062313
74925,-95.844389,36.062321
74924,-95.844363,36.062330
74920,-95.844819,36.062950
74921,-95.844770,36.062950
74922,-95.844721,36.062951
74915,-95.844821,36.063088
74914,-95.844772,36.063088
74913,-95.844723,36.063089
74950,-95.844936,36.063743
74951,-95.844878,36.063744
74965,-95.844938,36.063881
74964,-95.844880,36.063882
74952,-95.844820,36.063745
74953,-95.844762,36.063745
74963,-95.844822,36.063883
74962,-95.844764,36.063883
74954,-95.844703,36.063746
74955,-95.844645,36.063747
74961,-95.844705,36.063884
74960,-95.844647,36.063885
74956,-95.844587,36.063747
74957,-95.844529,36.063748
74959,-95.844589,36.063885
74958,-95.844531,36.063886
74896,-95.844328,36.061365
74897,-95.844246,36.061363
74898,-95.844165,36.061362
74939,-95.844324,36.061503
74938,-95.844242,36.061501
74937,-95.844161,36.061500
74899,-95.844083,36.061361
74900,-95.843991,36.061366
74901,-95.843887,36.061384
74936,-95.844079,36.061499
74935,-95.844009,36.061502
74934,-95.843953,36.061510
74930,-95.844350,36.062185
74931,-95.844325,36.062193
74932,-95.844299,36.062202
74904,-95.843853,36.061853
74907,-95.844049,36.062204
74906,-95.843983,36.062087
74905,-95.843918,36.061970
74902,-95.843759,36.061578
74903,-95.843787,36.061736
74933,-95.844273,36.062210
74923,-95.844337,36.062338
74908,-95.844165,36.062413
74909,-95.844182,36.062443
74912,-95.844233,36.062533
74910,-95.844199,36.062473
74911,-95.844216,36.062503
74966,-95.844933,36.064533
74967,-95.844882,36.064534
75036,-95.844987,36.064670
75035,-95.844937,36.064671
75034,-95.844886,36.064672
74968,-95.844831,36.064535
74969,-95.844781,36.064536
75033,-95.844835,36.064673
75032,-95.844785,36.064674
74970,-95.844730,36.064537
74971,-95.844680,36.064539
75031,-95.844734,36.064675
75030,-95.844684,36.064677
74973,-95.844495,36.064692
74974,-95.844495,36.064714
74975,-95.844495,36.064737
74976,-95.844495,36.064760
75023,-95.846122,36.065490
75022,-95.846125,36.065512
75021,-95.846125,36.065791
75020,-95.846125,36.065803
75019,-95.846125,36.065815
75018,-95.846125,36.065827
75017,-95.846126,36.066251
75016,-95.846130,36.066613
75015,-95.846132,36.066795
75014,-95.846135,36.067052
75013,-95.846135,36.067080
75012,-95.846135,36.067109
75011,-95.846135,36.067138
75010,-95.846135,36.067167
74992,-95.845453,36.066901
74993,-95.845429,36.066901
74994,-95.845406,36.066901
74995,-95.845382,36.066901
74999,-95.845453,36.067039
74998,-95.845429,36.067039
74997,-95.845406,36.067039
74996,-95.845382,36.067039
75024,-95.845005,36.065338
74982,-95.845013,36.065476
75025,-95.844958,36.065340
75026,-95.844936,36.065338
75027,-95.844891,36.065329
75028,-95.844879,36.065327
74981,-95.844966,36.065478
74980,-95.844896,36.065472
74983,-95.845279,36.066101
74984,-95.845247,36.066101
74985,-95.845215,36.066101
74986,-95.845183,36.066101
74987,-95.845151,36.066101
74991,-95.845247,36.066239
74990,-95.845215,36.066239
74989,-95.845183,36.066239
74988,-95.845151,36.066239
75029,-95.844841,36.065304
74979,-95.844851,36.065463
74978,-95.844777,36.065437
74977,-95.844739,36.065414
75000,-95.845167,36.067675
75001,-95.845132,36.067674
75009,-95.845233,36.067814
75008,-95.845198,36.067814
75007,-95.845163,36.067813
75006,-95.845128,36.067812
75002,-95.845097,36.067673
75003,-95.845063,36.067673
75005,-95.845093,36.067811
75004,-95.845059,36.067811
74804,-95.843521,36.066881
74803,-95.843521,36.067019
74805,-95.843439,36.066881
74806,-95.843357,36.066881
74802,-95.843439,36.067019
74801,-95.843357,36.067019
74807,-95.843275,36.066881
74800,-95.843275,36.067019
74808,-95.843193,36.066881
74799,-95.843193,36.067019
74798,-95.843111,36.067019
74781,-95.843666,36.067803
74782,-95.843578,36.067665
74783,-95.843489,36.067664
74780,-95.843578,36.067803
74779,-95.843489,36.067802
74784,-95.843401,36.067664
74778,-95.843401,36.067802
74785,-95.843313,36.067663
74786,-95.843224,36.067663
74777,-95.843313,36.067801
74776,-95.843224,36.067801
74787,-95.843136,36.067663
74775,-95.843136,36.067801
74788,-95.843048,36.067662
74789,-95.842959,36.067662
74774,-95.843048,36.067800
74773,-95.842959,36.067800
74790,-95.842871,36.067661
74772,-95.842871,36.067799
74791,-95.842783,36.067661
74792,-95.842733,36.067666
74771,-95.842783,36.067799
74770,-95.842657,36.067790
75057,-95.848007,36.061693
75056,-95.847822,36.062377
75055,-95.846113,36.060973
75054,-95.846112,36.060989
74941,-95.845936,36.061543
75053,-95.846110,36.061724
74942,-95.845940,36.061726
75052,-95.846115,36.061982
75051,-95.846115,36.062153
74943,-95.845945,36.061982
74944,-95.845945,36.062024
74945,-95.845945,36.062066
74946,-95.845945,36.062108
74947,-95.845945,36.062150
74948,-95.845945,36.062192
75050,-95.846115,36.062325
75049,-95.846115,36.062497
75048,-95.846115,36.062669
75047,-95.846115,36.062841
75046,-95.846115,36.063092
75045,-95.846115,36.063636
75044,-95.846115,36.063668
75043,-95.846115,36.063700
75042,-95.846116,36.063881
75041,-95.846116,36.063907
75040,-95.846116,36.063934
75039,-95.846117,36.063961
75038,-95.846117,36.063988
75037,-95.846118,36.064015
74432,-95.839318,36.056935
74433,-95.839321,36.056961
74434,-95.839324,36.056987
74417,-95.839809,36.057690
74429,-95.839582,36.057551
74416,-95.839733,36.057689
74415,-95.839656,36.057689
74414,-95.839534,36.057717
74413,-95.839507,36.057794
74412,-95.839494,36.057833
74435,-95.839370,36.057681
74436,-95.839356,36.057719
74437,-95.839343,36.057758
74438,-95.839330,36.057797
74439,-95.839317,36.057836
74440,-95.839303,36.057875
74409,-95.839953,36.058520
74410,-95.839933,36.058529
74411,-95.839913,36.058539
74408,-95.840019,36.058647
74404,-95.840008,36.058731
74407,-95.839999,36.058657
74406,-95.839975,36.058685
74405,-95.839991,36.058708
74444,-95.839879,36.058824
74442,-95.839845,36.058778
74443,-95.839862,36.058801
74441,-95.839829,36.058755
71957,-95.837198,36.056093
71956,-95.837192,36.056336
72034,-95.836556,36.055960
72033,-95.836540,36.055975
71974,-95.837026,36.056206
71955,-95.837092,36.056570
71975,-95.836942,36.056506
71954,-95.837028,36.056735
71953,-95.837012,36.056725
71952,-95.836997,36.056715
71976,-95.836819,36.056649
71951,-95.836904,36.056781
71950,-95.836861,36.056823
71977,-95.836777,36.056690
71978,-95.836736,36.056730
71979,-95.836695,36.056771
71949,-95.836818,36.056866
71948,-95.836774,36.056909
71980,-95.836653,36.056812
72032,-95.835475,36.056867
72039,-95.835338,36.056770
72040,-95.835253,36.056805
72031,-95.835388,36.056903
72030,-95.835301,36.056939
72041,-95.835168,36.056840
72029,-95.835215,36.056975
72042,-95.835084,36.056875
72028,-95.835128,36.057011
72027,-95.835042,36.057047
72043,-95.834999,36.056911
72044,-95.834914,36.056946
72026,-95.834955,36.057083
72045,-95.834830,36.056981
72046,-95.834745,36.057016
72047,-95.834661,36.057052
71947,-95.836356,36.057831
71946,-95.836358,36.058057
71945,-95.836361,36.058283
71944,-95.836362,36.058563
71981,-95.836189,36.058652
71982,-95.836188,36.058698
71983,-95.836187,36.058744
71943,-95.836168,36.059103
72020,-95.835376,36.057671
72021,-95.835354,36.057672
72023,-95.835282,36.057661
72022,-95.835318,36.057667
72019,-95.835374,36.057809
72018,-95.835322,36.057806
72017,-95.835286,36.057801
72016,-95.835250,36.057795
71942,-95.836146,36.059119
71941,-95.836124,36.059135
71998,-95.835219,36.058411
71999,-95.835174,36.058411
71997,-95.835219,36.058549
71996,-95.835174,36.058549
72025,-95.834868,36.057119
72024,-95.834732,36.057190
72014,-95.834634,36.057333
72015,-95.834651,36.057359
72011,-95.834582,36.057254
72013,-95.834616,36.057306
72012,-95.834599,36.057280
72048,-95.834328,36.057149
72000,-95.835130,36.058411
72001,-95.835085,36.058411
71995,-95.835130,36.058549
71994,-95.835085,36.058549
72002,-95.834149,36.058411
71993,-95.834149,36.058549
71940,-95.836102,36.059152
71939,-95.836080,36.059168
71938,-95.836043,36.059188
71937,-95.835422,36.059526
71936,-95.835379,36.059568
71984,-95.834241,36.059153
71935,-95.834295,36.059291
71985,-95.834185,36.059152
71986,-95.834129,36.059152
71934,-95.834239,36.059291
71933,-95.834183,36.059290
71932,-95.834127,36.059290
72049,-95.833933,36.057142
72010,-95.833915,36.057292
72009,-95.833915,36.057516
72106,-95.833745,36.057292
72107,-95.833745,36.057305
72008,-95.833941,36.057787
72007,-95.833955,36.058085
71922,-95.833773,36.057797
71923,-95.833785,36.058034
72003,-95.834104,36.058411
72004,-95.834060,36.058411
72005,-95.834015,36.058411
71992,-95.834104,36.058549
71991,-95.834060,36.058549
71990,-95.834015,36.058549
72006,-95.833971,36.058411
71989,-95.833971,36.058549
71924,-95.833785,36.058276
71925,-95.833785,36.058562
71926,-95.833785,36.058829
71927,-95.833785,36.058841
71928,-95.833785,36.058853
71929,-95.833785,36.058866
71987,-95.834073,36.059151
71988,-95.834017,36.059151
71931,-95.834071,36.059289
71930,-95.834015,36.059289
74273,-95.839555,36.054652
74274,-95.839555,36.054699
74276,-95.839575,36.054813
74275,-95.839566,36.054790
74277,-95.839292,36.055856
74278,-95.839259,36.055849
74287,-95.839302,36.055999
74286,-95.839246,36.055988
74336,-95.839505,36.056751
74340,-95.839491,36.056889
74337,-95.839288,36.056751
74430,-95.839483,36.056895
74431,-95.839315,36.056909
74279,-95.839226,36.055841
74280,-95.839193,36.055833
74281,-95.839160,36.055826
74285,-95.839213,36.055981
74284,-95.839180,36.055973
74283,-95.839147,36.055965
74282,-95.839114,36.055958
74338,-95.839209,36.056751
74339,-95.839131,36.056751
71966,-95.836842,36.054103
71965,-95.836841,36.054112
71964,-95.836841,36.054121
71963,-95.836841,36.054130
71967,-95.836672,36.054101
71968,-95.836671,36.054110
71969,-95.836671,36.054119
71970,-95.836667,36.054519
71971,-95.836668,36.054544
71958,-95.837203,36.055863
71961,-95.837015,36.055098
71962,-95.837002,36.055075
71960,-95.837027,36.055121
71959,-95.837040,36.055144
71972,-95.836848,36.055131
71973,-95.836861,36.055154
72037,-95.836162,36.055459
72036,-95.836184,36.055501
72035,-95.836187,36.055521
72085,-95.835951,36.054347
72084,-95.835951,36.054351
72086,-95.835785,36.054373
72087,-95.835785,36.054377
72088,-95.835786,36.054381
72083,-95.836077,36.054582
72082,-95.836051,36.054586
72081,-95.836025,36.054591
72080,-95.834563,36.054976
72089,-95.834411,36.054885
72079,-95.834489,36.055007
72078,-95.834415,36.055038
72090,-95.834337,36.054916
72091,-95.834264,36.054947
72092,-95.834190,36.054978
72093,-95.834116,36.055009
72038,-95.835278,36.055463
72063,-95.835254,36.055473
72062,-95.834888,36.055778
72064,-95.834812,36.055656
72065,-95.834787,36.055666
72066,-95.834763,36.055676
72061,-95.834863,36.055788
72060,-95.834839,36.055798
72067,-95.834738,36.055686
72068,-95.834714,36.055696
72059,-95.834814,36.055808
72058,-95.834790,36.055818
72057,-95.834778,36.055853
72056,-95.834783,36.055861
72054,-95.834626,36.055915
72055,-95.834631,36.055923
72077,-95.834342,36.055069
72076,-95.834268,36.055100
72075,-95.834194,36.055131
72074,-95.834120,36.055162
72069,-95.834521,36.055772
72070,-95.834258,36.055829
72094,-95.834042,36.055040
72073,-95.834046,36.055193
72095,-95.833968,36.055071
72096,-95.833892,36.055109
72072,-95.833980,36.055225
72097,-95.833745,36.055291
72098,-95.833745,36.055312
72099,-95.833745,36.055333
72071,-95.833943,36.055823
72053,-95.833924,36.055972
72052,-95.833923,36.056019
72100,-95.833754,36.055972
72101,-95.833753,36.056019
72051,-95.833923,36.056066
72050,-95.833922,36.056113
72102,-95.833753,36.056066
72103,-95.833752,36.056113
72104,-95.833752,36.056160
72105,-95.833752,36.056207
74165,-95.844355,36.051641
74164,-95.844359,36.051657
74163,-95.844402,36.051826
74160,-95.844419,36.051895
74162,-95.844407,36.051849
74161,-95.844413,36.051872
74157,-95.844623,36.052702
74156,-95.844637,36.052751
74155,-95.844650,36.052800
74154,-95.844663,36.052849
74159,-95.844584,36.052555
74158,-95.844597,36.052604
74194,-95.844457,36.052732
74193,-95.844444,36.052683
74195,-95.844464,36.052756
74196,-95.844477,36.052806
74168,-95.844342,36.051593
74167,-95.844346,36.051609
74166,-95.844351,36.051625
74176,-95.844193,36.051685
74175,-95.844189,36.051669
74177,-95.843726,36.051807
74182,-95.843806,36.051933
74181,-95.843787,36.051937
74180,-95.843768,36.051941
74179,-95.843749,36.051946
74178,-95.843707,36.051812
74192,-95.843860,36.052736
74183,-95.843804,36.052606
74184,-95.843777,36.052614
74185,-95.843750,36.052621
74186,-95.843723,36.052629
74187,-95.843697,36.052637
74191,-95.843833,36.052744
74190,-95.843806,36.052751
74189,-95.843779,36.052759
74188,-95.843753,36.052767
74169,-95.841589,36.051270
74174,-95.841639,36.051402
74170,-95.841483,36.051296
74173,-95.841533,36.051428
74172,-95.841412,36.051452
74171,-95.841302,36.051466
74234,-95.841423,36.052126
74233,-95.841433,36.052158
74232,-95.841444,36.052189
74231,-95.841455,36.052221
74230,-95.841466,36.052253
74238,-95.840754,36.050999
74239,-95.840724,36.051001
74240,-95.840659,36.051025
74237,-95.840768,36.051135
74235,-95.840751,36.051139
74236,-95.840738,36.051137
74241,-95.840634,36.051039
74242,-95.840609,36.051052
74243,-95.840583,36.051066
74227,-95.840332,36.051575
74226,-95.840316,36.051596
74228,-95.841269,36.052194
74229,-95.841280,36.052225
74222,-95.840650,36.052641
74223,-95.840554,36.052523
74224,-95.840522,36.052534
74221,-95.840618,36.052651
74220,-95.840586,36.052662
74219,-95.840555,36.052673
74225,-95.840491,36.052545
74249,-95.840301,36.052579
74250,-95.840283,36.052549
74244,-95.840180,36.051514
74245,-95.840164,36.051535
74246,-95.840143,36.051577
74247,-95.840135,36.051601
74248,-95.840132,36.051614
76194,-95.845429,36.053918
76191,-95.846040,36.054377
76320,-95.845949,36.054495
76319,-95.845912,36.054468
76192,-95.845803,36.054203
76318,-95.845875,36.054441
76317,-95.845839,36.054415
76193,-95.845616,36.054060
76292,-95.845426,36.055012
76195,-95.845242,36.053776
76196,-95.845272,36.054633
76197,-95.845237,36.054651
76198,-95.845213,36.054663
76293,-95.845375,36.054972
76294,-95.845353,36.054946
76296,-95.845283,36.055090
76295,-95.845232,36.055050
74199,-95.843947,36.053721
74198,-95.843947,36.053729
74197,-95.843947,36.053737
74200,-95.843777,36.053723
74201,-95.843777,36.053731
74153,-95.844155,36.054079
74152,-95.844109,36.054079
74151,-95.844063,36.054079
74150,-95.844017,36.054079
74149,-95.843971,36.054079
74148,-95.843560,36.054079
74147,-95.843551,36.054079
76205,-95.843363,36.054091
76206,-95.843356,36.054396
76199,-95.843825,36.054751
76200,-95.843760,36.054751
76201,-95.843695,36.054751
76202,-95.843645,36.054749
76316,-95.843825,36.054889
76315,-95.843760,36.054889
76314,-95.843695,36.054889
76313,-95.843615,36.054885
76203,-95.843580,36.054739
76204,-95.843516,36.054730
76312,-95.843550,36.054875
76311,-95.843486,36.054866
74202,-95.842450,36.053941
74203,-95.842410,36.053941
74204,-95.842371,36.053941
76207,-95.843304,36.054687
76208,-95.843257,36.054855
76209,-95.843249,36.054882
76210,-95.843240,36.054909
76211,-95.843231,36.054936
74146,-95.842355,36.054092
74145,-95.842355,36.054277
74144,-95.842345,36.054466
76306,-95.843478,36.055539
76307,-95.843421,36.055525
76308,-95.843364,36.055512
76304,-95.843592,36.055565
76305,-95.843535,36.055552
76249,-95.843375,36.055657
76309,-95.843307,36.055499
76310,-95.843250,36.055486
76248,-95.843318,36.055644
76247,-95.843261,36.055631
76246,-95.843186,36.055626
76245,-95.843171,36.055671
76212,-95.843022,36.055592
76213,-95.843007,36.055637
76214,-95.842992,36.055683
76215,-95.842978,36.055729
76216,-95.842963,36.055775
76217,-95.842949,36.055821
74143,-95.842287,36.054660
74142,-95.842227,36.054839
74205,-95.841483,36.054029
74206,-95.841453,36.054033
74207,-95.841424,36.054038
74308,-95.841513,36.054165
74307,-95.841483,36.054169
74306,-95.841454,36.054174
74309,-95.841537,36.054889
74321,-95.841551,36.055027
74310,-95.841515,36.054893
74311,-95.841494,36.054897
74312,-95.841473,36.054900
74313,-95.841452,36.054904
74320,-95.841530,36.055031
74319,-95.841509,36.055034
74318,-95.841488,36.055038
74213,-95.841174,36.053194
74214,-95.841135,36.053201
74215,-95.841095,36.053209
74216,-95.841056,36.053217
74212,-95.841214,36.053328
74211,-95.841175,36.053335
74210,-95.841135,36.053343
74209,-95.841096,36.053351
74217,-95.841017,36.053225
74218,-95.840978,36.053233
74208,-95.841018,36.053367
74314,-95.840942,36.054992
74315,-95.840921,36.054996
74141,-95.842146,36.055086
74140,-95.842134,36.055121
74139,-95.842123,36.055157
74138,-95.842112,36.055193
74317,-95.840978,36.055126
74316,-95.840957,36.055130
74263,-95.839857,36.053585
74262,-95.839802,36.053595
74261,-95.839746,36.053605
74251,-95.839653,36.053481
74252,-95.839598,36.053492
74253,-95.839543,36.053502
74260,-95.839691,36.053615
74259,-95.839636,36.053626
74254,-95.839496,36.053507
74258,-95.839581,36.053636
74257,-95.839516,36.053643
74255,-95.839440,36.053513
74256,-95.839460,36.053649
74264,-95.840151,36.054285
74305,-95.840129,36.054431
74265,-95.840089,36.054297
74266,-95.840028,36.054309
74304,-95.840068,36.054443
74303,-95.840007,36.054455
74267,-95.839967,36.054321
74268,-95.839906,36.054333
74302,-95.839946,36.054467
74301,-95.839905,36.054476
74269,-95.839827,36.054354
74270,-95.839771,36.054378
74300,-95.839849,36.054500
74299,-95.839822,36.054525
74294,-95.839755,36.054816
74271,-95.839706,36.054425
74298,-95.839725,36.054652
74297,-95.839725,36.054699
74296,-95.839725,36.054747
74295,-95.839737,36.054771
74272,-95.839572,36.054582
76190,-95.846219,36.054507
76321,-95.845986,36.054522
76189,-95.846398,36.054637
76323,-95.846060,36.054575
76322,-95.846023,36.054549
76286,-95.846314,36.056001
76287,-95.846276,36.056001
76288,-95.846238,36.056001
76289,-95.845578,36.055132
76290,-95.845527,36.055092
76291,-95.845477,36.055052
76298,-95.845384,36.055170
76285,-95.846341,36.056139
76284,-95.846301,36.056139
76283,-95.846261,36.056139
76282,-95.846221,36.056139
76281,-95.845994,36.056135
76280,-95.845951,36.056133
76273,-95.846336,36.056786
76297,-95.845333,36.055130
76299,-95.845318,36.055970
76300,-95.845272,36.055968
76301,-95.845226,36.055967
76303,-95.844865,36.055834
76302,-95.844865,36.055903
76250,-95.844695,36.055834
76251,-95.844695,36.055903
76279,-95.845177,36.056103
76278,-95.845134,36.056101
76277,-95.845091,36.056100
76274,-95.845297,36.056768
76275,-95.845239,36.056767
76276,-95.845181,36.056766
76259,-95.845351,36.056907
76258,-95.845293,36.056906
76257,-95.845235,36.056905
76256,-95.845177,36.056904
76252,-95.844696,36.056103
76253,-95.844696,36.056132
76254,-95.844696,36.056161
76255,-95.844696,36.056190
76241,-95.843619,36.056700
76238,-95.843622,36.056760
76240,-95.843610,36.056706
76239,-95.843602,36.056712
76242,-95.843513,36.056592
76243,-95.843504,36.056598
76244,-95.843496,36.056604
76218,-95.843462,36.056816
76221,-95.843522,36.056885
76220,-95.843511,36.056869
76219,-95.843486,36.056842
74130,-95.842567,36.057021
74132,-95.842541,36.056981
74131,-95.842554,36.057001
74350,-95.842391,36.057045
74092,-95.844993,36.058342
74056,-95.844989,36.058480
74055,-95.844971,36.058494
76232,-95.844057,36.057552
76233,-95.844018,36.057552
76234,-95.843979,36.057552
76235,-95.843940,36.057551
76236,-95.843901,36.057551
76237,-95.843862,36.057551
76231,-95.844055,36.057690
76230,-95.844016,36.057690
76229,-95.843977,36.057690
76228,-95.843938,36.057689
76227,-95.843899,36.057689
76226,-95.843860,36.057689
76222,-95.843675,36.057702
76223,-95.843675,36.057727
76224,-95.843675,36.057752
76225,-95.843675,36.057777
74093,-95.843975,36.058332
74094,-95.843937,36.058331
74095,-95.843899,36.058331
74096,-95.843862,36.058331
74101,-95.844011,36.058470
74100,-95.843973,36.058470
74099,-95.843935,36.058469
74098,-95.843897,36.058469
74097,-95.843860,36.058469
74107,-95.843923,36.059112
74129,-95.842656,36.057727
74128,-95.842653,36.057756
74127,-95.842651,36.057785
74351,-95.842488,36.057717
74352,-95.842485,36.057746
74353,-95.842483,36.057775
74126,-95.842652,36.058447
74125,-95.842654,36.058476
74123,-95.842659,36.058534
74124,-95.842656,36.058505
74354,-95.842484,36.058455
74355,-95.842486,36.058484
74356,-95.842488,36.058513
74357,-95.842491,36.058542
74122,-95.842660,36.059181
74121,-95.842660,36.059210
74120,-95.842660,36.059240
74119,-95.842659,36.059269
74358,-95.842490,36.059181
74359,-95.842490,36.059210
74360,-95.842490,36.059240
74361,-95.842489,36.059269
74362,-95.842489,36.059298
74137,-95.841904,36.055933
74136,-95.841903,36.055966
74135,-95.841903,36.055999
74329,-95.841734,36.055931
74330,-95.841733,36.055964
74331,-95.841733,36.055997
74332,-95.841732,36.056030
74133,-95.841932,36.056763
74134,-95.841914,36.056763
74349,-95.841926,36.056901
74348,-95.841908,36.056901
74322,-95.841274,36.055775
74323,-95.841255,36.055781
74324,-95.841235,36.055786
74325,-95.841216,36.055792
74326,-95.841197,36.055798
74328,-95.841272,36.055922
74327,-95.841253,36.055928
74333,-95.840550,36.056752
74347,-95.840690,36.056891
74346,-95.840632,36.056890
74345,-95.840574,36.056890
74344,-95.840516,36.056889
74334,-95.840491,36.056751
74335,-95.840431,36.056751
74343,-95.840458,36.056889
74342,-95.840400,36.056889
74293,-95.840161,36.055857
74292,-95.840174,36.055891
74291,-95.840188,36.055925
74290,-95.840202,36.055960
74288,-95.840014,36.055933
74289,-95.840028,36.055967
74341,-95.839962,36.056889
74420,-95.841996,36.057564
74421,-95.841662,36.057561
74422,-95.841333,36.057559
74394,-95.841645,36.057712
74393,-95.841645,36.057731
74392,-95.841645,36.057751
74395,-95.841475,36.057712
74396,-95.841475,36.057731
74397,-95.841475,36.057751
74391,-95.841645,36.058206
74390,-95.841645,36.058226
74389,-95.841645,36.058246
74388,-95.841645,36.058266
74398,-95.841475,36.058206
74399,-95.841475,36.058226
74400,-95.841475,36.058246
74401,-95.841475,36.058256
74387,-95.841645,36.058701
74423,-95.841083,36.057558
74424,-95.840833,36.057557
74425,-95.840583,36.057555
74426,-95.840332,36.057554
74386,-95.840576,36.059372
74385,-95.840533,36.059376
74384,-95.840517,36.059382
74402,-95.840449,36.059256
74403,-95.840409,36.059270
74427,-95.840082,36.057553
74428,-95.839832,36.057552
74419,-95.839963,36.057690
74418,-95.839886,36.057690
76187,-95.846762,36.054901
76188,-95.846577,36.054767
76180,-95.847463,36.056100
76331,-95.847497,36.056240
76330,-95.847486,36.056260
76185,-95.847060,36.055228
76186,-95.846925,36.055044
76184,-95.847143,36.055426
76183,-95.847193,36.055616
76182,-95.847245,36.055803
76181,-95.847314,36.055952
76324,-95.846729,36.055075
76325,-95.846763,36.055104
76267,-95.846816,36.056791
76268,-95.846774,36.056791
76269,-95.846732,36.056791
76266,-95.846816,36.056929
76265,-95.846774,36.056929
76264,-95.846732,36.056929
76270,-95.846510,36.056789
76271,-95.846452,36.056788
76263,-95.846506,36.056927
76262,-95.846448,36.056926
76272,-95.846394,36.056787
76261,-95.846390,36.056925
76260,-95.846332,36.056924
74079,-95.846215,36.057571
74080,-95.846200,36.057571
74081,-95.846185,36.057571
74082,-95.846170,36.057571
74086,-95.846215,36.057709
74085,-95.846200,36.057709
74084,-95.846185,36.057709
74083,-95.846170,36.057709
74087,-95.846025,36.058349
74088,-95.846001,36.058349
74078,-95.846018,36.058487
74077,-95.845993,36.058488
74076,-95.845976,36.058532
74075,-95.845977,36.058552
74074,-95.845977,36.058573
74072,-95.846020,36.059036
74071,-95.846024,36.059056
74073,-95.846016,36.059015
74089,-95.845788,36.058351
74057,-95.845806,36.058513
74058,-95.845806,36.058534
74059,-95.845807,36.058554
74060,-95.845807,36.058575
74061,-95.845808,36.058596
74090,-95.845611,36.058351
74062,-95.845850,36.059037
74063,-95.845854,36.059058
74064,-95.845858,36.059078
74091,-95.845271,36.058346
74054,-95.844973,36.058907
74070,-95.846045,36.059542
74069,-95.846045,36.059562
74068,-95.846045,36.059583
74065,-95.845875,36.059542
74066,-95.845875,36.059562
74067,-95.845875,36.059583
74053,-95.844982,36.059283
74052,-95.844981,36.059310
74051,-95.844980,36.059337
74050,-95.844980,36.059365
74049,-95.844969,36.060058
74048,-95.844971,36.060088
74047,-95.844973,36.060118
74046,-95.844975,36.060148
74112,-95.844811,36.059294
74113,-95.844810,36.059322
74114,-95.844810,36.059350
74374,-95.844803,36.060096
74375,-95.844805,36.060126
74376,-95.844807,36.060156
74102,-95.844101,36.059115
74103,-95.844066,36.059114
74104,-95.844030,36.059114
74105,-95.843994,36.059113
74106,-95.843958,36.059112
74111,-95.844026,36.059252
74110,-95.843990,36.059251
74109,-95.843954,36.059250
74108,-95.843919,36.059250
74373,-95.843087,36.060079
74115,-95.843032,36.059931
74372,-95.843002,36.060067
74116,-95.842934,36.059920
74117,-95.842847,36.059917
74371,-95.842928,36.060058
74370,-95.842841,36.060055
74118,-95.842760,36.059915
74369,-95.842754,36.060053
74368,-95.842647,36.060066
74367,-95.842644,36.060095
74366,-95.842642,36.060125
74363,-95.842479,36.060058
74364,-95.842476,36.060087
74365,-95.842474,36.060117
74383,-95.840477,36.059396
74382,-95.840437,36.059411
74381,-95.840438,36.059492
74380,-95.840450,36.059558
74379,-95.840457,36.059613
74445,-95.840257,36.059478
74446,-95.840276,36.059530
74447,-95.840282,36.059574
74448,-95.840289,36.059629
74378,-95.840465,36.059667
74377,-95.840473,36.059722
74449,-95.840297,36.059683
76095,-95.846816,36.051423
76096,-95.846796,36.051434
76097,-95.846775,36.051446
76101,-95.846912,36.051535
76100,-95.846892,36.051546
76099,-95.846871,36.051558
76098,-95.846851,36.051570
76168,-95.850041,36.055815
76167,-95.850039,36.055819
76166,-95.850038,36.055823
76169,-95.849875,36.055785
76170,-95.849873,36.055789
76171,-95.849872,36.055793
76165,-95.849592,36.055844
76343,-95.849481,36.055974
76342,-95.849473,36.056002
76353,-95.850403,36.056163
76352,-95.850402,36.056183
76351,-95.850402,36.056203
76350,-95.850402,36.056223
76349,-95.850401,36.056243
76344,-95.850233,36.056161
76345,-95.850232,36.056181
76346,-95.850232,36.056201
76347,-95.850232,36.056221
76348,-95.850231,36.056241
76174,-95.849059,36.055327
76173,-95.849066,36.055342
76172,-95.849072,36.055356
76175,-95.849053,36.055313
76341,-95.849466,36.056030
76340,-95.849459,36.056059
76334,-95.849307,36.055974
76335,-95.849300,36.056002
76336,-95.849293,36.056031
76337,-95.849286,36.056059
76333,-95.849097,36.055878
76177,-95.848901,36.055375
76178,-95.848908,36.055390
76179,-95.848914,36.055404
76176,-95.848895,36.055361
76332,-95.848910,36.055848
76339,-95.849452,36.056087
76338,-95.849444,36.056116
76326,-95.847722,36.056589
76327,-95.847722,36.056589
76328,-95.847721,36.056588
76329,-95.847721,36.056588
76135,-95.849566,36.050484
76134,-95.849479,36.050524
76073,-95.849429,36.049403
76074,-95.849342,36.049406
76164,-95.849356,36.049542
76075,-95.849280,36.049410
76163,-95.849294,36.049546
76162,-95.849273,36.049557
76161,-95.849220,36.049582
76076,-95.849189,36.049437
76077,-95.849136,36.049462
76160,-95.849180,36.049602
76159,-95.849132,36.049633
76078,-95.849072,36.049496
76079,-95.849024,36.049527
76080,-95.848977,36.049559
76158,-95.849085,36.049665
76157,-95.849052,36.049694
76156,-95.849012,36.049731
76155,-95.848972,36.049769
76081,-95.848924,36.049604
76082,-95.848884,36.049641
76083,-95.848844,36.049679
76154,-95.848931,36.049807
76084,-95.848803,36.049717
76133,-95.849392,36.050564
76132,-95.849305,36.050604
76131,-95.849218,36.050643
76136,-95.849134,36.050523
76130,-95.849131,36.050683
76137,-95.849047,36.050563
76129,-95.849044,36.050723
76138,-95.848960,36.050603
76139,-95.848873,36.050643
76140,-95.848786,36.050683
76128,-95.848957,36.050763
76127,-95.848870,36.050803
76126,-95.848796,36.050840
76125,-95.848717,36.050890
76141,-95.848692,36.050732
76142,-95.848613,36.050782
76124,-95.848691,36.050939
76143,-95.848541,36.050875
76117,-95.849351,36.051305
76116,-95.849428,36.051453
76118,-95.849275,36.051283
76115,-95.849327,36.051441
76120,-95.849126,36.051199
76121,-95.849043,36.051151
76122,-95.848961,36.051102
76119,-95.849208,36.051248
76114,-95.849211,36.051411
76113,-95.849108,36.051358
76112,-95.849026,36.051309
76123,-95.848879,36.051053
76109,-95.848779,36.051163
76111,-95.848943,36.051261
76110,-95.848861,36.051212
76108,-95.848697,36.051115
76107,-95.848619,36.051079
76085,-95.847685,36.050176
76153,-95.847703,36.050312
76086,-95.847623,36.050181
76087,-95.847562,36.050187
76152,-95.847641,36.050317
76151,-95.847580,36.050323
76088,-95.847501,36.050193
76068,-95.847329,36.050354
76069,-95.847329,36.050354
76070,-95.847329,36.050354
76048,-95.847291,36.050220
76150,-95.847202,36.050943
76106,-95.848012,36.051177
76105,-95.847991,36.051186
76104,-95.847970,36.051194
76144,-95.847917,36.051062
76145,-95.847896,36.051070
76146,-95.847439,36.051086
76147,-95.847419,36.051077
76148,-95.847272,36.050994
76149,-95.847237,36.050968
76103,-95.847380,36.051217
76102,-95.847359,36.051208
76093,-95.847123,36.051070
76092,-95.847088,36.051045
76091,-95.847049,36.051008
76094,-95.847158,36.051096
76090,-95.847020,36.050979
76089,-95.846990,36.050949
76071,-95.850430,36.049503
76072,-95.850412,36.049507
76047,-95.847034,36.046950
72324,-95.838226,36.048238
72323,-95.838247,36.048288
72322,-95.838268,36.048339
72321,-95.838289,36.048390
76055,-95.838882,36.049085
76056,-95.838882,36.049085
76057,-95.838882,36.049085
76058,-95.838882,36.049085
76059,-95.838882,36.049085
76060,-95.838882,36.049085
76061,-95.838882,36.049085
76062,-95.838894,36.049223
76063,-95.838894,36.049223
76064,-95.838894,36.049223
76065,-95.838894,36.049223
72314,-95.838731,36.049246
72313,-95.838724,36.049249
72315,-95.838683,36.049114
72316,-95.838675,36.049116
72318,-95.838627,36.049083
72320,-95.838604,36.049037
72319,-95.838615,36.049060
72317,-95.838639,36.049107
72312,-95.838344,36.049368
72281,-95.838271,36.049244
72311,-95.838335,36.049372
72186,-95.838536,36.050410
72187,-95.838371,36.050376
72188,-95.838368,36.050398
72185,-95.838532,36.050454
72189,-95.838364,36.050442
72184,-95.838291,36.051026
72183,-95.838280,36.051043
72182,-95.838277,36.051049
72181,-95.838270,36.051068
72330,-95.837817,36.046881
72331,-95.837738,36.046881
72332,-95.837699,36.046881
72333,-95.837660,36.046881
72334,-95.837620,36.046881
72220,-95.837660,36.047019
72219,-95.837620,36.047019
72329,-95.838198,36.048011
72328,-95.838188,36.048063
72327,-95.838186,36.048099
72221,-95.838022,36.048041
72222,-95.838018,36.048111
72326,-95.838192,36.048152
72325,-95.838206,36.048187
72226,-95.838087,36.048332
72227,-95.838108,36.048383
72223,-95.838024,36.048164
72224,-95.838046,36.048231
72225,-95.838066,36.048282
72228,-95.838129,36.048434
76049,-95.838176,36.048583
76050,-95.838176,36.048583
76051,-95.838176,36.048583
76052,-95.838176,36.048583
76053,-95.838176,36.048583
76054,-95.838176,36.048583
72280,-95.837587,36.048768
72279,-95.837532,36.048785
72278,-95.837505,36.048794
72234,-95.837344,36.048489
72231,-95.837392,36.048591
72230,-95.837408,36.048625
72233,-95.837360,36.048523
72232,-95.837376,36.048557
72255,-95.837202,36.048571
72256,-95.837218,36.048605
72257,-95.837234,36.048639
72229,-95.837424,36.048659
72258,-95.837250,36.048673
72259,-95.837266,36.048707
72218,-95.836286,36.047013
72217,-95.836194,36.047012
72235,-95.836362,36.047661
72236,-95.836305,36.047661
72237,-95.836248,36.047661
72238,-95.836191,36.047661
72216,-95.836101,36.047012
72239,-95.836134,36.047661
72240,-95.836077,36.047661
72254,-95.836134,36.047799
72253,-95.836077,36.047799
72241,-95.836021,36.047661
72252,-95.836021,36.047799
72242,-95.835690,36.047661
72248,-95.835435,36.047799
72251,-95.836005,36.048023
72250,-95.836005,36.048032
72249,-95.835835,36.048023
72260,-95.835697,36.048801
72261,-95.835610,36.048801
72262,-95.835523,36.048801
72263,-95.835426,36.048802
72264,-95.835340,36.048810
72265,-95.835253,36.048819
72266,-95.835158,36.048835
72282,-95.838034,36.049320
72283,-95.837934,36.049352
72284,-95.837835,36.049383
72310,-95.837991,36.049481
72309,-95.837888,36.049514
72285,-95.837735,36.049415
72308,-95.837785,36.049546
72286,-95.837636,36.049446
72190,-95.836985,36.050695
72191,-95.836927,36.050678
72174,-95.836852,36.050801
72175,-95.836913,36.050819
72173,-95.836790,36.050782
72176,-95.838115,36.051009
72177,-95.838108,36.051028
72277,-95.836044,36.048939
72276,-95.835957,36.048939
72275,-95.835870,36.048939
72274,-95.835784,36.048939
72273,-95.835697,36.048939
72287,-95.835990,36.049584
72307,-95.836132,36.049723
72306,-95.836022,36.049723
72305,-95.835911,36.049722
72288,-95.835883,36.049584
72289,-95.835776,36.049583
72290,-95.835669,36.049583
72304,-95.835800,36.049721
72303,-95.835690,36.049721
72272,-95.835610,36.048939
72271,-95.835523,36.048939
72270,-95.835446,36.048938
72269,-95.835360,36.048946
72268,-95.835273,36.048955
72267,-95.835198,36.048969
72291,-95.835563,36.049582
72292,-95.835456,36.049581
72302,-95.835579,36.049720
72301,-95.835469,36.049720
72293,-95.835349,36.049581
72192,-95.835942,36.050351
72193,-95.835880,36.050352
72335,-95.836101,36.046874
72336,-95.836009,36.046873
72337,-95.835916,36.046873
72215,-95.836009,36.047011
72214,-95.835916,36.047011
72338,-95.835823,36.046873
72213,-95.835823,36.047011
72339,-95.835731,36.046872
72212,-95.835731,36.047010
72340,-95.835638,36.046872
72341,-95.835546,36.046871
72211,-95.835638,36.047010
72210,-95.835546,36.047009
72342,-95.835453,36.046871
72209,-95.835453,36.047009
72343,-95.835361,36.046871
72208,-95.835361,36.047009
72243,-95.835435,36.047661
72244,-95.835179,36.047661
72247,-95.835179,36.047799
72207,-95.835106,36.047031
72245,-95.834902,36.047678
72246,-95.834950,36.047810
72205,-95.834629,36.047717
72204,-95.834634,36.047729
72206,-95.834624,36.047706
76030,-95.834507,36.047443
72135,-95.834455,36.047724
72136,-95.834460,36.047736
72138,-95.834469,36.047759
72139,-95.834474,36.047771
72140,-95.834479,36.047783
72137,-95.834464,36.047748
72200,-95.835147,36.048827
72203,-95.835093,36.048699
72202,-95.835111,36.048737
72201,-95.835129,36.048775
72141,-95.834908,36.048693
72142,-95.834926,36.048730
72144,-95.834962,36.048806
72143,-95.834944,36.048768
72294,-95.835253,36.049577
72295,-95.835147,36.049565
72300,-95.835358,36.049719
72299,-95.835237,36.049714
72194,-95.835818,36.050353
72195,-95.835694,36.050356
72172,-95.835936,36.050489
72171,-95.835870,36.050490
72170,-95.835805,36.050491
72169,-95.835739,36.050493
72168,-95.835674,36.050494
72196,-95.835632,36.050357
72197,-95.835570,36.050358
72198,-95.835340,36.050359
72167,-95.835543,36.050497
72296,-95.835042,36.049553
72145,-95.834888,36.049450
72146,-95.834882,36.049472
72298,-95.835127,36.049701
72297,-95.835018,36.049689
72147,-95.834876,36.049493
72148,-95.834870,36.049515
72199,-95.835013,36.050352
72149,-95.834825,36.050245
72150,-95.834825,36.050272
72151,-95.834825,36.050298
72152,-95.834378,36.050377
72153,-95.834362,36.050382
72161,-95.834514,36.050766
72160,-95.834519,36.050777
72159,-95.834524,36.050788
72157,-95.834356,36.050814
72158,-95.834366,36.050836
72166,-95.835516,36.051043
72165,-95.835516,36.051068
72162,-95.835346,36.051041
72163,-95.835346,36.051066
72164,-95.835346,36.051091
72178,-95.838033,36.051458
72179,-95.838036,36.051478
72180,-95.838039,36.051497
72121,-95.836369,36.052507
72122,-95.836341,36.052513
72123,-95.836313,36.052519
72124,-95.836285,36.052524
72125,-95.835697,36.052512
72126,-95.835668,36.052509
72120,-95.835701,36.052652
72119,-95.835673,36.052648
72127,-95.835640,36.052506
72128,-95.835612,36.052503
72118,-95.835644,36.052645
72116,-95.835588,36.052639
72117,-95.835616,36.052642
72129,-95.834635,36.052541
72115,-95.834657,36.052677
72130,-95.834600,36.052545
72131,-95.834565,36.052549
72132,-95.834541,36.052551
72114,-95.834622,36.052681
72113,-95.834587,36.052685
72112,-95.834541,36.052689
61972,-95.851075,36.049404
61971,-95.851075,36.050622
76020,-95.836184,36.044782
76021,-95.836159,36.044762
76022,-95.836135,36.044742
76014,-95.837570,36.046196
76013,-95.837578,36.046236
76012,-95.837587,36.046277
76015,-95.837561,36.046156
76016,-95.836811,36.045304
76017,-95.836786,36.045283
76018,-95.836762,36.045263
76019,-95.836208,36.044802
76043,-95.836640,36.045359
76044,-95.836664,36.045379
76042,-95.836086,36.044898
76035,-95.835712,36.045803
76034,-95.835655,36.045805
76041,-95.835284,36.045114
76036,-95.835593,36.045668
76037,-95.835536,36.045669
76033,-95.835597,36.045806
76032,-95.835540,36.045807
76038,-95.835479,36.045670
76039,-95.835423,36.045671
76031,-95.835483,36.045808
76040,-95.835368,36.045591
76028,-95.835204,36.045627
76029,-95.835211,36.045647
76026,-95.835191,36.045587
76027,-95.835197,36.045607
76023,-95.835109,36.045100
76024,-95.835113,36.045120
76025,-95.835118,36.045140
